Ch,Circ,action,location,person,Author,Novel
0.19486948694869488,0.25517551755175516,0.06075607560756076,0.19441944194419442,0.2947794779477948,Андреев,Ангелочек
0.1932826362484157,0.2946768060836502,0.06717363751584284,0.19898605830164764,0.2458808618504436,Андреев,Баргамот и Гараська
0.2223667100130039,0.26397919375812745,0.052882531426094496,0.1716514954486346,0.2891200693541396,Андреев,Бездна
0.2202517162471396,0.2448512585812357,0.06922196796338673,0.19050343249427917,0.2751716247139588,Андреев,Большой шлем
0.20784543325526933,0.2300936768149883,0.06440281030444965,0.2066744730679157,0.29098360655737704,Андреев,В подвале
0.20747295968534907,0.232055063913471,0.06096361848574238,0.19714847590953785,0.3023598820058997,Андреев,В Сабурове
0.22824302134646962,0.24548440065681446,0.051313628899835796,0.20032840722495895,0.2746305418719212,Андреев,В темную даль
0.19901168014375561,0.25067385444743934,0.0673854447439353,0.1765498652291105,0.3063791554357592,Андреев,Валя
0.17955555555555555,0.24355555555555555,0.06222222222222222,0.19466666666666665,0.32,Андреев,Друг
0.21414538310412573,0.24400785854616897,0.05697445972495088,0.21021611001964635,0.27465618860510804,Андреев,Иностранец
0.20542317173377156,0.2703368940016434,0.047658175842235,0.2029580936729663,0.2736236647493837,Андреев,Кусака
0.18792866941015088,0.3161865569272977,0.04183813443072702,0.19272976680384088,0.2613168724279835,Андреев,Мельком
0.18516746411483254,0.23444976076555024,0.08325358851674641,0.18851674641148325,0.30861244019138756,Андреев,Молодежь
0.20415879017013233,0.2514177693761815,0.05255198487712665,0.20226843100189035,0.2896030245746692,Андреев,На реке
0.22105263157894736,0.2389016018306636,0.05217391304347826,0.2022883295194508,0.28558352402745996,Андреев,Первый гонорар
0.19494584837545126,0.296028880866426,0.05595667870036101,0.1552346570397112,0.29783393501805056,Андреев,Прекрасна жизнь для воскресших
0.179996389239935,0.27134861888427514,0.07564542336161761,0.19967503159415056,0.2733345369200217,Андреев,Рассказ о Сергее Петровиче
0.17428350116189,0.2726568551510457,0.06661502711076685,0.15956622773044152,0.3268783888458559,Андреев,Стена
0.20430906389301634,0.266468548786528,0.05646359583952452,0.1986131748390292,0.27414561664190196,Андреев,У окна
0.22208121827411167,0.2715736040609137,0.050761421319796954,0.1649746192893401,0.2906091370558376,Андреев,Что видела галка
0.1791907514450867,0.3312138728323699,0.04277456647398844,0.21705202312138727,0.22976878612716764,Астафьев,Прокляты и убиты. Книга вторая
0.21532990912682734,0.2674832082180956,0.04938759383642829,0.20387198735677597,0.26392730146187277,Астафьев,Прокляты и убиты. Книга вторая
0.19491035280508964,0.2981492192018508,0.045112781954887216,0.21631000578369,0.24551764025448236,Астафьев,Прокляты и убиты. Книга вторая
0.2043613707165109,0.2822429906542056,0.059190031152647975,0.19626168224299065,0.25794392523364484,Астафьев,Прокляты и убиты. Книга вторая
0.21307227181111432,0.28390440541318746,0.04578174488914483,0.22487762741145984,0.2323639504750936,Астафьев,Прокляты и убиты. Книга вторая
0.18974751338944146,0.27850038255547055,0.046289211935730684,0.2260902830910482,0.2593726090283091,Астафьев,Прокляты и убиты. Книга вторая
0.21443801401157478,0.26896131586963146,0.049649710630520864,0.21992080414255255,0.24703015534572037,Астафьев,Прокляты и убиты. Книга вторая
0.22847522847522847,0.22847522847522847,0.05627705627705628,0.20105820105820105,0.2857142857142857,Астафьев,Прокляты и убиты. Книга вторая
0.20611748348974626,0.2586027111574557,0.05700382342718109,0.2224539450816823,0.2558220368439347,Астафьев,Прокляты и убиты. Книга вторая
0.20425277029050615,0.26894279724468406,0.05630428271937706,0.21114106019766396,0.2593590895477688,Астафьев,Прокляты и убиты. Книга вторая
0.20640250727557646,0.3022162525184688,0.047235280949182896,0.2131184239982091,0.2310275352585628,Астафьев,Прокляты и убиты. Книга вторая
0.21106166560712014,0.2530197075651621,0.05944055944055944,0.1993006993006993,0.277177368086459,Астафьев,Прокляты и убиты. Книга вторая
0.21038062283737025,0.24740484429065743,0.05467128027681661,0.2235294117647059,0.2640138408304498,Астафьев,Прокляты и убиты. Книга вторая
0.2090978593272171,0.2622324159021407,0.045871559633027525,0.2198012232415902,0.26299694189602446,Астафьев,Прокляты и убиты. Книга вторая
0.19013806706114397,0.2690335305719921,0.047337278106508875,0.1952662721893491,0.2982248520710059,Астафьев,Прокляты и убиты. Книга вторая
0.1757972199509403,0.2812755519215045,0.0437448896156991,0.18969746524938674,0.3094848732624693,Астафьев,Прокляты и убиты. Книга вторая
0.20750551876379691,0.2682119205298013,0.04966887417218543,0.18211920529801323,0.2924944812362031,Астафьев,Прокляты и убиты. Книга вторая
0.22964015151515152,0.20454545454545456,0.05113636363636364,0.22821969696969696,0.2864583333333333,Астафьев,Прокляты и убиты. Книга вторая
0.20212765957446807,0.2615769712140175,0.054130162703379225,0.21339173967459324,0.2687734668335419,Астафьев,Прокляты и убиты. Книга вторая
0.2170145726664041,0.2374950768018905,0.05238282788499409,0.21228830248129185,0.28081922016541944,Астафьев,Прокляты и убиты. Книга вторая
0.20680628272251309,0.25741710296684117,0.05148342059336824,0.19197207678883071,0.29232111692844676,Астафьев,Прокляты и убиты. Книга вторая
0.19884309472161968,0.30561581103880453,0.04724029886719691,0.1940226560617016,0.2542781393106773,Астафьев,Прокляты и убиты. Книга вторая
0.20345557122708038,0.24964739069111425,0.05112834978843441,0.22461212976022568,0.2711565585331453,Астафьев,Прокляты и убиты. Книга вторая
0.20372767279316592,0.28578824747605486,0.042971783587885067,0.20968159461558375,0.25783070152731036,Астафьев,Прокляты и убиты. Книга вторая
0.21372115080619664,0.26651912741068606,0.04868795447360101,0.19728106228264305,0.27379070502687325,Астафьев,Прокляты и убиты. Книга вторая
0.20922256097560976,0.24161585365853658,0.051829268292682924,0.2191310975609756,0.2782012195121951,Астафьев,Прокляты и убиты. Книга вторая
0.19319390287132224,0.29209500177242115,0.04874158099964552,0.2087912087912088,0.25717830556540233,Астафьев,Прокляты и убиты. Книга вторая
0.20567127603710836,0.30491860668650445,0.041834412742867144,0.212147733239979,0.23542797129354104,Астафьев,Прокляты и убиты. Книга первая
0.19503968253968254,0.28234126984126984,0.046825396825396826,0.2117063492063492,0.2640873015873016,Астафьев,Прокляты и убиты. Книга первая
0.19070949011068772,0.3068408637270913,0.0480856468880421,0.20704046452549446,0.24732353474868446,Астафьев,Прокляты и убиты. Книга первая
0.2074468085106383,0.28926038500506585,0.04508611955420466,0.20592705167173253,0.25227963525835867,Астафьев,Прокляты и убиты. Книга первая
0.20203771948840235,0.299371341859961,0.04335573379579449,0.21612833297203554,0.23910687188380664,Астафьев,Прокляты и убиты. Книга первая
0.20114025085518814,0.2759407069555302,0.053135689851767386,0.20706955530216647,0.26271379703534775,Астафьев,Прокляты и убиты. Книга первая
0.18766435572555581,0.2856801338752092,0.04398756873057614,0.21993784365288072,0.2627300980157781,Астафьев,Прокляты и убиты. Книга первая
0.21662634704200573,0.26149109302837037,0.050362876621948535,0.21486694523861888,0.25665273806905653,Астафьев,Прокляты и убиты. Книга первая
0.20506792058516196,0.26854754440961337,0.04519331243469175,0.21525600835945663,0.2659352142110763,Астафьев,Прокляты и убиты. Книга первая
0.20106445890005914,0.2795190222747881,0.0429726000394244,0.21781983047506406,0.2586240883106643,Астафьев,Прокляты и убиты. Книга первая
0.19850280723643168,0.3045539613225203,0.04516531503431067,0.20399251403618215,0.2477854023705552,Астафьев,Прокляты и убиты. Книга первая
0.2000500125031258,0.25531382845711426,0.05326331582895724,0.22630657664416104,0.2650662665666417,Астафьев,Царь-рыба
0.19545938275984392,0.24051081943951755,0.044696700957786446,0.2259666548421426,0.2933664420007095,Астафьев,Царь-рыба
0.20478809446780977,0.25008087997411843,0.04335166612746684,0.21643481074086057,0.2853445486897444,Астафьев,Царь-рыба
0.19019442096365174,0.2859960552268245,0.034375880529726684,0.231614539306847,0.2578191039729501,Астафьев,Царь-рыба
0.16926988739556847,0.28078459861968763,0.043225572103160186,0.22157646204140938,0.28514347984017435,Астафьев,Царь-рыба
0.21160911094783247,0.2417340191036003,0.03747244673034533,0.2035268185157972,0.3056576047024247,Астафьев,Царь-рыба
0.19191226867717615,0.24605894448252227,0.04866346812885538,0.21487320082248115,0.29849211788896507,Астафьев,Царь-рыба
0.19075342465753425,0.26164383561643834,0.03801369863013699,0.225,0.2845890410958904,Астафьев,Царь-рыба
0.2033289817232376,0.2558746736292428,0.0391644908616188,0.21768929503916448,0.2839425587467363,Астафьев,Царь-рыба
0.1790625,0.2978125,0.0390625,0.205625,0.2784375,Астафьев,Царь-рыба
0.19309309309309308,0.2702702702702703,0.036036036036036036,0.21921921921921922,0.28138138138138136,Астафьев,Царь-рыба
0.20116822429906542,0.26565420560747666,0.04766355140186916,0.22336448598130842,0.26214953271028035,Астафьев,Царь-рыба
0.21373526745240254,0.2513599274705349,0.04827742520398912,0.2243880326382593,0.2622393472348141,Астафьев,Царь-рыба
0.19445843828715365,0.2768261964735516,0.04055415617128463,0.2221662468513854,0.26599496221662466,Астафьев,Царь-рыба
0.18927680798004987,0.2655860349127182,0.050374064837905234,0.22618453865336657,0.2685785536159601,Астафьев,Царь-рыба
0.19823913660891793,0.26554955978415223,0.0448736154501562,0.22692416927009373,0.2644135188866799,Астафьев,Царь-рыба
0.23293515358361774,0.21814562002275312,0.05489192263936291,0.20477815699658702,0.28924914675767915,Астафьев,Царь-рыба
0.21456072803640183,0.2439621981099055,0.05460273013650683,0.19390969548477424,0.29296464823241164,Астафьев,Царь-рыба
0.21397649969078542,0.2702535559678417,0.039888682745825604,0.22448979591836735,0.25139146567717996,Астафьев,Царь-рыба
0.20898876404494382,0.2657814096016343,0.03779366700715015,0.22206332992849848,0.26537282941777324,Астафьев,Царь-рыба
0.18765133171912832,0.2506053268765133,0.0387409200968523,0.22518159806295399,0.29782082324455206,Бианки,Зеленый пруд
0.14396411092985317,0.35807504078303426,0.03588907014681892,0.19127243066884175,0.2707993474714519,Бианки,Лесная газета. Сказки и рассказы
0.15896671634376552,0.2965722801788376,0.04222553402881272,0.19324391455538997,0.30899155489319424,Бианки,Лесная газета. Сказки и рассказы
0.15551537070524413,0.3096745027124774,0.037070524412296565,0.20614828209764918,0.29159132007233274,Бианки,Лесная газета. Сказки и рассказы
0.16747703943814155,0.28363047001620745,0.03889789303079417,0.21231766612641814,0.2976769313884387,Бианки,Лесная газета. Сказки и рассказы
0.16770483948251078,0.2961188308576905,0.03018687110685194,0.21562050790608528,0.2903689506468615,Бианки,Лесная газета. Сказки и рассказы
0.16468151216986018,0.3252200932159503,0.03003625064733299,0.20352149145520457,0.276540652511652,Бианки,Лесная газета. Сказки и рассказы
0.16598453842655753,0.32833105957253295,0.026830377444292862,0.20554797635288768,0.27330604820372895,Бианки,Лесная газета. Сказки и рассказы
0.11207834602829161,0.3862894450489663,0.01632208922742111,0.20783460282916214,0.27747551686615884,Бианки,Лесная газета. Сказки и рассказы
0.1812822402358143,0.20412675018422993,0.050110537951363304,0.184966838614591,0.3795136330140015,Бианки,Лесная газета. Сказки и рассказы
0.16298342541436464,0.19171270718232045,0.051933701657458566,0.1983425414364641,0.39502762430939226,Бианки,Лесная газета. Сказки и рассказы
0.2360655737704918,0.16983606557377048,0.04786885245901639,0.19147540983606556,0.35475409836065575,Бианки,Лесная газета. Сказки и рассказы
0.19282511210762332,0.21325361235675136,0.07822620827105133,0.2012954658694569,0.3143996013951171,Бианки,Лесная газета. Сказки и рассказы
0.2141350210970464,0.16772151898734178,0.07753164556962025,0.205168776371308,0.33544303797468356,Бианки,Лесная газета. Сказки и рассказы
0.17409470752089137,0.19080779944289694,0.056406685236768804,0.20473537604456823,0.37395543175487467,Бианки,Лесная газета. Сказки и рассказы
0.23451193714113025,0.15321849501359927,0.06376548806285887,0.195527349652463,0.3529767301299486,Бианки,Лесная газета. Сказки и рассказы
0.22588832487309646,0.1884517766497462,0.0532994923857868,0.2100253807106599,0.3223350253807107,Бианки,Лесные разведчики
0.20862068965517241,0.22126436781609196,0.047126436781609195,0.21436781609195402,0.3086206896551724,Бианки,Лесные разведчики
0.18396987627756858,0.28509951586874666,0.047337278106508875,0.22538999462076384,0.258203335126412,Бианки,Лесные разведчики
0.22461212976022568,0.19675599435825106,0.05007052186177715,0.21086036671368125,0.3177009873060649,Бианки,Лесные разведчики
0.12772861356932153,0.451622418879056,0.03657817109144543,0.1584070796460177,0.22566371681415928,Бианки,Собрание сочинений. Том 1. Рассказы и сказки
0.22248107163657543,0.203843913803145,0.056493884682585906,0.20559114735002912,0.3115899825276645,Бианки,Собрание сочинений. Том 1. Рассказы и сказки
0.17407213800313642,0.21693674856246734,0.06952430737062205,0.23261892315734448,0.30684788290642967,Бианки,Собрание сочинений. Том 1. Рассказы и сказки
0.16676120249574589,0.26488939307997733,0.052183777651730004,0.2144072603516733,0.3017583664208735,Бианки,Собрание сочинений. Том 1. Рассказы и сказки
0.18380241240666284,0.21022400919012063,0.06835152211372775,0.22400919012062034,0.31361286616886846,Бианки,Собрание сочинений. Том 1. Рассказы и сказки
0.19507042253521126,0.20422535211267606,0.04225352112676056,0.23591549295774647,0.32253521126760565,Бианки,Собрание сочинений. Том 1. Рассказы и сказки
0.200498753117207,0.21246882793017458,0.07930174563591022,0.20099750623441395,0.30673316708229426,Бианки,Собрание сочинений. Том 1. Рассказы и сказки
0.19569672131147542,0.19211065573770492,0.07274590163934426,0.2182377049180328,0.3212090163934426,Бианки,Собрание сочинений. Том 1. Рассказы и сказки
0.2255253716043055,0.19067145053818554,0.06355715017939519,0.20809841107124552,0.3121476166068683,Бианки,Собрание сочинений. Том 1. Рассказы и сказки
0.23308270676691728,0.19611528822055138,0.05639097744360902,0.2111528822055138,0.3032581453634085,Бианки,Собрание сочинений. Том 1. Рассказы и сказки
0.20876826722338204,0.20320111343075853,0.04523312456506611,0.22338204592901878,0.31941544885177453,Бианки,Собрание сочинений. Том 1. Рассказы и сказки
0.1920185078079815,0.22614227877385773,0.045112781954887216,0.21746674378253325,0.3192596876807403,Бианки,Собрание сочинений. Том 1. Рассказы и сказки
0.199288256227758,0.20877817319098457,0.0711743772241993,0.18623962040332148,0.33451957295373663,Бианки,Собрание сочинений. Том 1. Рассказы и сказки
0.23279924599434496,0.20169651272384542,0.05984919886899152,0.19557021677662584,0.3100848256361923,Бианки,Собрание сочинений. Том 1. Рассказы и сказки
0.2150595882990249,0.19880823401950162,0.056338028169014086,0.20801733477789816,0.3217768147345612,Бианки,Собрание сочинений. Том 1. Рассказы и сказки
0.18946188340807174,0.20179372197309417,0.06446188340807175,0.2219730941704036,0.32230941704035876,Бианки,Собрание сочинений. Том 1. Рассказы и сказки
0.1834862385321101,0.16972477064220184,0.047706422018348627,0.22385321100917432,0.37522935779816513,Бианки,Собрание сочинений. Том 1. Рассказы и сказки
0.18781038374717832,0.29164785553047406,0.03747178329571106,0.20632054176072234,0.2767494356659142,Бианки,Собрание сочинений. Том 1. Рассказы и сказки
0.20131741457389873,0.2589543021819679,0.04363935776039522,0.22149032523672293,0.2745986002470152,Бианки,Собрание сочинений. Том 1. Рассказы и сказки
0.1953405017921147,0.23715651135005975,0.05077658303464755,0.1935483870967742,0.32317801672640384,Бианки,Собрание сочинений. Том 1. Рассказы и сказки
0.20579360289680146,0.20458660229330114,0.045262522631261314,0.21303560651780326,0.3313216656608328,Бианки,Собрание сочинений. Том 1. Рассказы и сказки
0.23595505617977527,0.21562332798287853,0.05457463884430177,0.21455323702514714,0.27929373996789725,Бианки,Собрание сочинений. Том 1. Рассказы и сказки
0.20342205323193915,0.23067173637515842,0.051964512040557666,0.23827629911280102,0.27566539923954375,Бианки,Собрание сочинений. Том 1. Рассказы и сказки
0.22887864823348694,0.20276497695852536,0.06041986687147977,0.22836661546338966,0.27956989247311825,Бианки,Собрание сочинений. Том 1. Рассказы и сказки
0.20726672171758878,0.17093311312964493,0.05037159372419488,0.21304706853839803,0.3583815028901734,Бианки,Собрание сочинений. Том 1. Рассказы и сказки
0.2335148215366001,0.20629159104658198,0.0338777979431337,0.21355111917725347,0.31276467029643074,Бианки,Собрание сочинений. Том 1. Рассказы и сказки
0.22298963986186482,0.20128268376911693,0.05722742969906265,0.20177602368031575,0.31672422298963987,Бианки,Собрание сочинений. Том 1. Рассказы и сказки
0.19490175252257036,0.19171534784917685,0.06213489113117366,0.20286776420605418,0.348380244291025,Бианки,Собрание сочинений. Том 1. Рассказы и сказки
0.23156801661474558,0.1640706126687435,0.06230529595015576,0.21651090342679127,0.32554517133956384,Бианки,Собрание сочинений. Том 1. Рассказы и сказки
0.29788519637462235,0.17341389728096676,0.05075528700906345,0.2163141993957704,0.26163141993957706,Бианки,Собрание сочинений. Том 1. Рассказы и сказки
0.23442319555829735,0.20913016656384947,0.054904380012338064,0.202344231955583,0.29919802590993216,Бианки,Собрание сочинений. Том 1. Рассказы и сказки
0.21171171171171171,0.22908622908622908,0.04504504504504504,0.2097812097812098,0.30437580437580436,Бианки,Собрание сочинений. Том 1. Рассказы и сказки
0.22057416267942584,0.19856459330143542,0.05933014354066986,0.22057416267942584,0.3009569377990431,Бианки,Собрание сочинений. Том 1. Рассказы и сказки
0.19592570401437986,0.2043139604553625,0.052726183343319355,0.21689634511683642,0.3301378070701019,Бианки,Собрание сочинений. Том 1. Рассказы и сказки
0.22926829268292684,0.17506775067750677,0.06016260162601626,0.21788617886178863,0.3176151761517615,Бианки,Собрание сочинений. Том 1. Рассказы и сказки
0.2064917127071823,0.22790055248618785,0.03798342541436464,0.20027624309392264,0.32734806629834257,Бианки,Собрание сочинений. Том 1. Рассказы и сказки
0.23623011015911874,0.21695226438188495,0.05966952264381885,0.2065483476132191,0.2805997552019584,Бианки,Собрание сочинений. Том 1. Рассказы и сказки
0.16257911392405064,0.3002373417721519,0.05102848101265823,0.16930379746835442,0.31685126582278483,Булгаков,Белая гвардия
0.17909516380655227,0.28642745709828393,0.05897035881435257,0.1747269890795632,0.3007800312012481,Булгаков,Белая гвардия
0.15938979484481852,0.33903208837453974,0.048132561809573905,0.18358758548132562,0.2698579694897422,Булгаков,Белая гвардия
0.15285126396237508,0.30746619635508526,0.04556143445032334,0.18547912992357438,0.30864197530864196,Булгаков,Белая гвардия
0.16834677419354838,0.30678763440860213,0.0456989247311828,0.1868279569892473,0.2923387096774194,Булгаков,Белая гвардия
0.1366632860040568,0.32733265720081134,0.04513184584178499,0.20360040567951318,0.28727180527383367,Булгаков,Белая гвардия
0.19774759854256377,0.24113945014905597,0.052003974826101355,0.21397813845644253,0.2951308380258364,Булгаков,Белая гвардия
0.19238975817923187,0.23115220483641535,0.051920341394025606,0.19736842105263158,0.32716927453769556,Булгаков,Белая гвардия
0.1873231465761177,0.2798528579513299,0.053480475382003394,0.199490662139219,0.2798528579513299,Булгаков,Белая гвардия
0.17623984309330346,0.21686746987951808,0.053796581675539364,0.18884841692350798,0.36424768842813116,Булгаков,Белая гвардия
0.1552511415525114,0.2868150684931507,0.04052511415525114,0.18949771689497716,0.3279109589041096,Булгаков,Белая гвардия
0.17942044074266875,0.24692000694082944,0.0480652437966337,0.20163109491584244,0.3239632136040257,Булгаков,Белая гвардия
0.13072134749176126,0.32625411937019405,0.06407909190772611,0.18235078725741485,0.2965946539729037,Булгаков,Жизнь господина де Мольера
0.1341350601295097,0.32038236201048415,0.07369719395621338,0.17915510329941411,0.2926302806043787,Булгаков,Жизнь господина де Мольера
0.12971898949758728,0.32699403917116093,0.06301447629860914,0.18648878796480273,0.2937837070678399,Булгаков,Жизнь господина де Мольера
0.1540084388185654,0.3270042194092827,0.06298975286317059,0.17450271247739602,0.2814948764315853,Булгаков,Жизнь господина де Мольера
0.14450261780104712,0.31649214659685865,0.06910994764397906,0.181151832460733,0.2887434554973822,Булгаков,Жизнь господина де Мольера
0.1486189195795649,0.33194817892935713,0.06990955756538744,0.17232950378880468,0.27719384013688586,Булгаков,Жизнь господина де Мольера
0.13539651837524178,0.3167311411992263,0.06769825918762089,0.17940038684719536,0.30077369439071566,Булгаков,Жизнь господина де Мольера
0.1569767441860465,0.265625,0.06994912790697674,0.17950581395348839,0.32794331395348836,Булгаков,Жизнь господина де Мольера
0.1987152034261242,0.22740899357601713,0.06638115631691649,0.19271948608137046,0.3147751605995717,Булгаков,Записки юного врача
0.19867235656709342,0.20815552394499762,0.06590801327643434,0.18729255571360834,0.3399715504978663,Булгаков,Записки юного врача
0.2033816425120773,0.17922705314009663,0.06908212560386473,0.19758454106280193,0.3507246376811594,Булгаков,Записки юного врача
0.2022653721682848,0.209277238403452,0.05339805825242718,0.1871628910463862,0.3478964401294498,Булгаков,Записки юного врача
0.2044917257683215,0.23798266351457842,0.05397951142631994,0.19621749408983452,0.3073286052009456,Булгаков,Записки юного врача
0.18510356985456147,0.27589246364037023,0.049801674746584396,0.17232260907888938,0.31687968267959454,Булгаков,Записки юного врача
0.2123774095366926,0.22421373013189044,0.067974298275279,0.1670612106865066,0.32837335136963136,Булгаков,Мастер и Маргарита
0.18544600938967137,0.24618544600938966,0.06690140845070422,0.16960093896713616,0.33186619718309857,Булгаков,Мастер и Маргарита
0.21097601051593823,0.2707854091357213,0.05652316792638843,0.19224449556358855,0.26947091685836344,Булгаков,Мастер и Маргарита
0.1979627989371125,0.24357838795394154,0.05535872453498671,0.19441984056687334,0.30868024800708593,Булгаков,Мастер и Маргарита
0.19693511574828823,0.24160417345940657,0.06716661232474731,0.19432670361917184,0.299967394848386,Булгаков,Мастер и Маргарита
0.22298111691442346,0.22860586580956208,0.05504218561671354,0.1803937324226597,0.31297709923664124,Булгаков,Мастер и Маргарита
0.21635687732342007,0.24052044609665427,0.050929368029739776,0.19256505576208177,0.29962825278810407,Булгаков,Мастер и Маргарита
0.19728682170542636,0.25775193798449614,0.04496124031007752,0.1883720930232558,0.3116279069767442,Булгаков,Мастер и Маргарита
0.21060275962236746,0.20733478576615832,0.06790123456790123,0.17610748002904866,0.3380537400145243,Булгаков,Мастер и Маргарита
0.20037593984962407,0.2503759398496241,0.05902255639097744,0.19323308270676692,0.29699248120300753,Булгаков,Мастер и Маргарита
0.20106482931412464,0.2649545881616035,0.056060131537738804,0.19668023802067022,0.2812402129658628,Булгаков,Мастер и Маргарита
0.18658122879758765,0.2634753109687147,0.06407840180927252,0.19713531850735017,0.288729739917075,Булгаков,Мастер и Маргарита
0.1899159663865546,0.2504201680672269,0.06218487394957983,0.19327731092436976,0.3042016806722689,Булгаков,Мастер и Маргарита
0.20318282753515915,0.23019985196151,0.0618060695780903,0.18763878608438195,0.31717246484085865,Булгаков,Мастер и Маргарита
0.19136522753792298,0.23453908984830804,0.046285492026448855,0.21664721898094128,0.31116297160637885,Булгаков,Мастер и Маргарита
0.19971821063754844,0.25396266290947517,0.05177879535047552,0.1965480803099683,0.2979922507925326,Булгаков,Мастер и Маргарита
0.1816707218167072,0.2278994322789943,0.052311435523114354,0.18937550689375507,0.34874290348742903,Булгаков,Мастер и Маргарита
0.19067961165048544,0.23300970873786409,0.0570873786407767,0.18019417475728156,0.3390291262135922,Булгаков,Мастер и Маргарита
0.2079207920792079,0.18297029702970297,0.056633663366336635,0.18732673267326733,0.36514851485148514,Булгаков,Мастер и Маргарита
0.18099698895951824,0.27065908330545335,0.061224489795918366,0.18969555035128804,0.297423887587822,Булгаков,Мастер и Маргарита
0.1982651796778191,0.22098306484923586,0.0751755472945064,0.1916563403552251,0.31391986782321357,Булгаков,Мастер и Маргарита
0.1712571584401418,0.2855194982274339,0.07035724025088629,0.19770929915462232,0.2751568039269157,Булгаков,Мастер и Маргарита
0.18856569709127383,0.26613172851889,0.04948177866934136,0.19224339685723837,0.3035773988632564,Булгаков,Мастер и Маргарита
0.20816653322658127,0.1833466773418735,0.06405124099279423,0.19015212169735787,0.3542834267413931,Булгаков,Мастер и Маргарита
0.20380289234065346,0.27611140867702194,0.06025709694697375,0.19791108730583826,0.2619175147295126,Булгаков,Мастер и Маргарита
0.17589239524055872,0.28815312984997415,0.05587170201758924,0.20175892395240558,0.2783238489394723,Булгаков,Морфий
0.2006079027355623,0.21411685241472475,0.057413036136440394,0.17257683215130024,0.3552853765619723,Булгаков,Морфий
0.19528112449799198,0.2700803212851406,0.043674698795180725,0.18875502008032127,0.30220883534136544,Булгаков,Собачье сердце
0.178060413354531,0.2363540010598834,0.05246422893481717,0.1595124536301007,0.37360890302066774,Булгаков,Собачье сердце
0.18811881188118812,0.25967596759675965,0.04635463546354635,0.19036903690369036,0.3154815481548155,Булгаков,Собачье сердце
0.14498567335243553,0.32320916905444125,0.029226361031518624,0.18911174785100288,0.3134670487106017,Булгаков,Собачье сердце
0.18046830382638493,0.2158766419189035,0.047401484865790974,0.1947458595088521,0.36150770988006853,Булгаков,Собачье сердце
0.1720759338640539,0.18922229026331905,0.039804041641151255,0.20330679730557258,0.39559093692590325,Булгаков,Собачье сердце
0.19117647058823528,0.22194989106753812,0.054466230936819175,0.18681917211328977,0.34558823529411764,Булгаков,Собачье сердце
0.19074262461851474,0.23194303153611392,0.08341810783316378,0.18209562563580875,0.3118006103763988,Булычев,Белое платье Золушки
0.19323943661971832,0.2180281690140845,0.07267605633802816,0.19154929577464788,0.3245070422535211,Булычев,Белое платье Золушки
0.16940581542351454,0.21175726927939317,0.07838179519595449,0.18963337547408343,0.35082174462705434,Булычев,Белое платье Золушки
0.17853042479908152,0.23076923076923078,0.0677382319173364,0.1865671641791045,0.33639494833524686,Булычев,Белое платье Золушки
0.19716646989374262,0.21133412042502953,0.0820543093270366,0.16587957497048406,0.3435655253837072,Булычев,Белое платье Золушки
0.193717277486911,0.19197207678883071,0.06980802792321117,0.2152414194299011,0.32926119837114604,Булычев,Белое платье Золушки
0.1896774193548387,0.1870967741935484,0.06774193548387097,0.19032258064516128,0.36516129032258066,Булычев,Белое платье Золушки
0.18470651588583736,0.17393645665051158,0.08669897684437264,0.19278406031233172,0.36187399030694667,Булычев,Белое платье Золушки
0.18401405357927098,0.21870882740447958,0.08739569609134827,0.1888449714536671,0.32103645147123405,Булычев,Гай-до
0.18981972428419935,0.21580063626723223,0.07370095440084835,0.18981972428419935,0.33085896076352067,Булычев,Гай-до
0.20155038759689922,0.1806797853309481,0.07990459153249851,0.18664281454979129,0.35122242098986284,Булычев,Гай-до
0.20946416144746,0.14822546972860126,0.08281141266527488,0.1697981906750174,0.38970076548364646,Булычев,Гай-до
0.2170886075949367,0.1620253164556962,0.09367088607594937,0.17531645569620252,0.3518987341772152,Булычев,Гай-до
0.20685111989459815,0.15349143610013175,0.0922266139657444,0.1712779973649539,0.3761528326745718,Булычев,Гай-до
0.2127946127946128,0.15824915824915825,0.07474747474747474,0.18653198653198652,0.36767676767676766,Булычев,Гай-до
0.18628571428571428,0.2,0.08285714285714285,0.19085714285714286,0.34,Булычев,Гай-до
0.18997756170531038,0.18399401645474944,0.05833956619296934,0.1630516080777861,0.40463724756918473,Булычев,Гай-до
0.21369161868202174,0.1708253358925144,0.07549584133077415,0.1695457453614843,0.3704414587332054,Булычев,Гай-до
0.20582765034097955,0.18226906385616862,0.07997520148791072,0.17792932424054556,0.3539987600743955,Булычев,Гай-до
0.17310087173100872,0.20734744707347447,0.06911581569115816,0.17683686176836863,0.37359900373599003,Булычев,Гай-до
0.19258160237388725,0.21305637982195846,0.07537091988130563,0.17893175074183976,0.3400593471810089,Булычев,Гай-до
0.18587542913192742,0.2005885237861697,0.08974987739087788,0.18195193722412947,0.34183423246689554,Булычев,Древние тайны
0.1923474663908997,0.20010341261633918,0.07859358841778696,0.18304033092037228,0.3459152016546019,Булычев,Древние тайны
0.1749156355455568,0.1906636670416198,0.08886389201349831,0.19741282339707536,0.3481439820022497,Булычев,Древние тайны
0.2106076210092688,0.1920700308959835,0.0839340885684861,0.16683831101956745,0.3465499485066941,Булычев,Древние тайны
0.21548117154811716,0.22018828451882846,0.07060669456066945,0.1788702928870293,0.3148535564853556,Булычев,Древние тайны
0.22184954480115,0.19357930043124102,0.09199808337326305,0.17872544321993292,0.31384762817441303,Булычев,Древние тайны
0.2079155672823219,0.20158311345646437,0.08443271767810026,0.19050131926121372,0.31556728232189973,Булычев,Древние тайны
0.22457857531266992,0.18379554105492116,0.09516041326808047,0.15823817292006526,0.33822729744426316,Булычев,Древние тайны
0.20835380835380835,0.18181818181818182,0.09680589680589681,0.17248157248157248,0.34054054054054056,Булычев,Древние тайны
0.21468074409250879,0.19607843137254902,0.08044243338360986,0.1885369532428356,0.3202614379084967,Булычев,Древние тайны
0.20340113371123708,0.19873291097032345,0.07869289763254418,0.16972324108036013,0.3494498166055352,Булычев,Древние тайны
0.1832529592284086,0.27356422621657167,0.056992547128452434,0.18106093818500657,0.3051293292415607,Булычев,Кладезь мудрости
0.18673817649926866,0.22623110677718186,0.0726474890297416,0.19746465138956606,0.3169185763042418,Булычев,Миллион приключений
0.2108079186730872,0.17067950775815943,0.08025682182985554,0.19903691813804172,0.3392188336008561,Булычев,Миллион приключений
0.17876543209876544,0.20641975308641974,0.07851851851851852,0.20790123456790124,0.32839506172839505,Булычев,Миллион приключений
0.18548387096774194,0.2373991935483871,0.07913306451612903,0.19657258064516128,0.3014112903225806,Булычев,Миллион приключений
0.1944792973651192,0.19824341279799249,0.06649937264742785,0.19949811794228356,0.34127979924717694,Булычев,Миллион приключений
0.21301775147928995,0.1893491124260355,0.06656804733727811,0.1760355029585799,0.35502958579881655,Булычев,Миллион приключений
0.1920359666024406,0.20873474630700065,0.07642903018625562,0.19524727039177905,0.32755298651252407,Булычев,Миллион приключений
0.1670205237084218,0.23496107572540695,0.06581740976645435,0.16843595187544233,0.3637650389242746,Булычев,Миллион приключений
0.17713903743315507,0.19385026737967914,0.058823529411764705,0.18181818181818182,0.38836898395721925,Булычев,Миллион приключений
0.21640826873385013,0.1892764857881137,0.06459948320413436,0.1776485788113695,0.3520671834625323,Булычев,Миллион приключений
0.22077028885832187,0.16781292984869325,0.06327372764786796,0.171939477303989,0.37620357634112794,Булычев,Миллион приключений
0.19019607843137254,0.19477124183006536,0.0673202614379085,0.18169934640522875,0.3660130718954248,Булычев,Миллион приключений
0.22708113804004215,0.20231822971549,0.06480505795574289,0.18177028451001054,0.3240252897787144,Булычев,Миллион приключений
0.22561768530559168,0.1508452535760728,0.06892067620286085,0.18855656697009102,0.3660598179453836,Булычев,Миллион приключений
0.19824086603518268,0.17658998646820026,0.08119079837618404,0.18335588633288227,0.3606224627875507,Булычев,Миллион приключений
0.2225827384815055,0.1518494484101233,0.08760545100584036,0.18299805321219986,0.3549643088903309,Булычев,Миллион приключений
0.2558139534883721,0.14018087855297157,0.07816537467700259,0.17506459948320413,0.3507751937984496,Булычев,Миллион приключений
0.18053777208706787,0.19526248399487836,0.0793854033290653,0.1882202304737516,0.3565941101152369,Булычев,Миллион приключений
0.2122033898305085,0.18305084745762712,0.06169491525423729,0.1911864406779661,0.351864406779661,Булычев,Миллион приключений
0.20223152022315202,0.17433751743375175,0.07810320781032078,0.19246861924686193,0.3528591352859135,Булычев,Миллион приключений
0.20408163265306123,0.16107871720116618,0.08381924198250729,0.16107871720116618,0.38994169096209913,Булычев,Миллион приключений
0.1857541899441341,0.2185754189944134,0.057960893854748605,0.18854748603351956,0.34916201117318435,Булычев,Миллион приключений
0.22480146609651802,0.1679902260232132,0.08368967623701894,0.2009773976786805,0.32254123396456935,Булычев,Миллион приключений
0.18641326324302468,0.17266477961989488,0.0772341285887586,0.19086130206227253,0.37282652648604936,Булычев,Миллион приключений
0.17243384704856063,0.18580982843849955,0.0721139866240186,0.18813608607153243,0.3815062518173888,Булычев,Тайна третьей планеты
0.17983539094650206,0.3477366255144033,0.031275720164609055,0.2271604938271605,0.2139917695473251,Бунин,Антоновские яблоки
0.22161936560934892,0.24791318864774625,0.05509181969949917,0.19991652754590986,0.27545909849749584,Бунин,Без роду-племени
0.22503389064618165,0.25305015815634885,0.04157252598282874,0.18888386805241753,0.2914595571622232,Бунин,В поле
0.20649458784346378,0.26061615320566195,0.05245628642797669,0.208992506244796,0.2714404662781016,Бунин,Вести с родины
0.1662262156448203,0.38636363636363635,0.04466173361522199,0.22330866807610994,0.17943974630021142,Бунин,Господин из Сан-Франциско
0.2176913425345044,0.22020075282308657,0.05520702634880803,0.2107904642409034,0.2961104140526976,Бунин,Кастрюк
0.19033816425120773,0.2975845410628019,0.05410628019323672,0.20676328502415459,0.25120772946859904,Бунин,Легкое дыхание
0.20763233483791546,0.26754205990972507,0.0553959786622897,0.19409109560935575,0.275338530980714,Бунин,На даче
0.2282273008029648,0.1933292155651637,0.06886967263743052,0.18097591105620753,0.32859789993823346,Бунин,На даче
0.1726457399103139,0.35201793721973096,0.021300448430493273,0.1984304932735426,0.2556053811659193,Бунин,На край света
0.2231920199501247,0.24064837905236908,0.05236907730673317,0.20698254364089774,0.27680798004987534,Бунин,На хуторе
0.19171348314606743,0.3539325842696629,0.02598314606741573,0.20365168539325842,0.2247191011235955,Бунин,Новая дорога
0.20886752136752137,0.23050213675213677,0.053952991452991456,0.19818376068376067,0.30849358974358976,Бунин,Ночной разговор
0.2157258064516129,0.2701612903225806,0.04838709677419355,0.20362903225806453,0.2620967741935484,Бунин,Перевал
0.216900444748546,0.31645569620253167,0.041737940472117686,0.21142661648990763,0.21347930208689703,Бунин,Сны Чанга
0.18333333333333332,0.295,0.034444444444444444,0.23055555555555557,0.25666666666666665,Бунин,Сосны
0.2008495145631068,0.2955097087378641,0.047026699029126214,0.19326456310679613,0.2633495145631068,Бунин,Суходол
0.20890774125132555,0.27465535524920465,0.05453719133464627,0.19951522496591426,0.2623844871989093,Бунин,Суходол
0.20768136557610242,0.18990042674253202,0.051920341394025606,0.232574679943101,0.317923186344239,Бунин,Танька
0.2143236074270557,0.3050397877984085,0.0519893899204244,0.19787798408488064,0.23076923076923078,Бунин,У истока дней
0.17228739002932553,0.2701612903225806,0.06341642228739003,0.21994134897360704,0.27419354838709675,Бунин,Учитель
0.21861777150916784,0.1971086036671368,0.05959097320169252,0.19887165021156558,0.32581100141043723,Бунин,Учитель
0.2633802816901408,0.21619718309859154,0.059154929577464786,0.1823943661971831,0.27887323943661974,Бунин,Цифры
0.2330357142857143,0.21964285714285714,0.06830357142857142,0.17633928571428573,0.3026785714285714,Васильев,В списках не значился
0.24986849026827984,0.18306154655444504,0.0825881115202525,0.18095739084692267,0.3035244608100999,Васильев,В списках не значился
0.21785940468651044,0.17352754908169726,0.07536415452818239,0.17289423685877137,0.36035465484483853,Васильев,В списках не значился
0.25776602775941837,0.19629874421678783,0.044282881692002646,0.17713152676801058,0.3245208195637806,Васильев,В списках не значился
0.2632898696088265,0.22367101303911735,0.054663991975927785,0.1720160481444333,0.28635907723169507,Васильев,В списках не значился
0.23824068417837507,0.19303604153940135,0.05742211362248015,0.18265119120342088,0.3286499694563225,Васильев,В списках не значился
0.23005968529571352,0.19045035268583832,0.06565382528486163,0.18556701030927836,0.32826912642430817,Васильев,В списках не значился
0.2375451263537906,0.17617328519855596,0.06859205776173286,0.17256317689530687,0.34512635379061374,Васильев,В списках не значился
0.24473975636766335,0.21096345514950166,0.0664451827242525,0.18327796234772978,0.29457364341085274,Васильев,В списках не значился
0.24352331606217617,0.2003454231433506,0.05469199769717904,0.21013241220495107,0.2913068508923431,Васильев,В списках не значился
0.2488710486703462,0.2107375815353738,0.061214249874560964,0.16808830908178626,0.31108881083793277,Васильев,В списках не значился
0.2672634271099744,0.19309462915601022,0.07800511508951406,0.17306052855924978,0.2885763000852515,Васильев,В списках не значился
0.2641952135147818,0.18254340685124354,0.0661661191928672,0.17644298451431253,0.31065227592679495,Васильев,В списках не значился
0.26096866096866095,0.17207977207977207,0.07635327635327635,0.18518518518518517,0.3054131054131054,Васильев,В списках не значился
0.24630541871921183,0.17952928297755885,0.0815544608648057,0.16475095785440613,0.3278598795840175,Васильев,В списках не значился
0.24860231084606785,0.2001490868430861,0.0887066716362281,0.17704062616474095,0.285501304509877,Васильев,В списках не значился
0.2806822395253986,0.20133481646273638,0.07415647015202076,0.1727845754542084,0.2710418984056359,Васильев,В списках не значился
0.224517287831163,0.2281095644364616,0.06600808262236192,0.18275707229456667,0.2986079928154468,Васильев,В списках не значился
0.24852536374360992,0.2788045615414864,0.05426661423515533,0.17695635076681085,0.24144710971293748,Васильев,Глухомань
0.22365393465255407,0.26783248964565115,0.06350667280257709,0.184537505752416,0.2604693971468017,Васильев,Глухомань
0.21390999415546463,0.26125073056691994,0.05201636469900643,0.18351841028638224,0.28930450029222676,Васильев,Глухомань
0.23870967741935484,0.27373271889400924,0.06129032258064516,0.18202764976958524,0.24423963133640553,Васильев,Глухомань
0.24444444444444444,0.22469135802469137,0.06296296296296296,0.1845679012345679,0.2833333333333333,Васильев,Глухомань
0.24189760450915923,0.24377642085486143,0.058713010803193987,0.19116956317519962,0.2644434006575857,Васильев,Глухомань
0.24008036162732296,0.26971371170266195,0.05675539929683576,0.18181818181818182,0.25163234555499747,Васильев,Глухомань
0.25302663438256656,0.22639225181598063,0.06941081517352704,0.17393058918482648,0.2772397094430993,Васильев,Глухомань
0.2648716343143394,0.1897307451471509,0.06449592986850344,0.18534752661239826,0.29555416405760804,Васильев,Глухомань
0.24444444444444444,0.18984126984126984,0.07809523809523809,0.18476190476190477,0.3028571428571429,Васильев,Глухомань
0.24686431014823262,0.21835803876852908,0.05758266818700114,0.17103762827822122,0.30615735461801596,Васильев,Глухомань
0.21272365805168986,0.23260437375745527,0.06759443339960239,0.1993041749502982,0.28777335984095426,Васильев,Глухомань
0.2573340195573855,0.2413793103448276,0.05764282038085435,0.1770458054554812,0.26659804426145134,Васильев,Глухомань
0.22505694760820047,0.24646924829157174,0.06104783599088838,0.18633257403189066,0.28109339407744877,Васильев,Глухомань
0.25443786982248523,0.20069033530571992,0.08037475345167652,0.16568047337278108,0.2988165680473373,Васильев,Глухомань
0.24724986904138294,0.2215819800942902,0.05552645364064956,0.18648507071765322,0.2891566265060241,Васильев,Глухомань
0.23407407407407407,0.24493827160493828,0.0671604938271605,0.17679012345679013,0.277037037037037,Васильев,Глухомань
0.23776824034334765,0.26008583690987125,0.06781115879828326,0.17639484978540773,0.25793991416309014,Васильев,Глухомань
