ADJ,ADP,ADV,AUX,CCONJ,DET,INTJ,NOUN,NUM,PART,PRON,PROPN,PUNCT,SCONJ,SYM,VERB,X,Author,Novel
0.021753460777851022,0.044166117336849046,0.08767303889255108,0.005932762030323006,0.08437705998681608,0.01845748187211602,0.0006591957811470006,0.13249835201054713,0.001977587343441002,0.03691496374423204,0.10876730388925511,0.024390243902439025,0.2129202373104812,0.03493737640079104,0.0,0.1845748187211602,0.0,Житков,Что я видел
0.034532374100719423,0.04964028776978417,0.07122302158273382,0.002158273381294964,0.07697841726618705,0.02014388489208633,0.0007194244604316547,0.1302158273381295,0.0035971223021582736,0.045323741007194246,0.11151079136690648,0.017266187050359712,0.2223021582733813,0.04388489208633094,0.0,0.17050359712230215,0.0,Житков,Что я видел
0.030719482619240096,0.047696038803556995,0.08973322554567502,0.01778496362166532,0.09620048504446241,0.0137429264349232,0.0016168148746968471,0.137429264349232,0.0064672594987873885,0.037186742118027485,0.10670978172999192,0.005658852061438965,0.211802748585287,0.037186742118027485,0.0,0.16006467259498788,0.0,Житков,Что я видел
0.03346613545816733,0.04780876494023904,0.08685258964143426,0.00398406374501992,0.09402390438247012,0.014342629482071713,0.00398406374501992,0.1258964143426295,0.007171314741035857,0.036653386454183264,0.09880478087649402,0.03824701195219123,0.2302788844621514,0.02390438247011952,0.0,0.15458167330677292,0.0,Житков,Что я видел
0.025714285714285714,0.06714285714285714,0.08071428571428571,0.0064285714285714285,0.09,0.017142857142857144,0.0,0.16785714285714284,0.002857142857142857,0.035,0.09142857142857143,0.014285714285714285,0.22357142857142856,0.025,0.0,0.15285714285714286,0.0,Житков,Что я видел
0.02155453951665578,0.040496407576747225,0.07642064010450686,0.0045721750489875895,0.08360548661005879,0.02155453951665578,0.0006531678641410843,0.11430437622468975,0.001959503592423253,0.037230568256041804,0.11299804049640758,0.039190071848465055,0.21293272370999347,0.049640757674722404,0.0,0.18288700195950358,0.0,Житков,Что я видел
0.04121475054229935,0.04193781634128706,0.07447577729573392,0.005784526391901663,0.08098336948662328,0.021691973969631236,0.0007230657989877079,0.13159797541576285,0.0072306579898770785,0.039045553145336226,0.10918293564714389,0.023138105567606652,0.210412147505423,0.04844540853217643,0.0,0.16413593637020968,0.0,Житков,Что я видел
0.022350396539293438,0.05695746214852199,0.07930785868781542,0.005767844268204758,0.09444844989185291,0.015861571737563085,0.0,0.14419610670511895,0.004325883201153569,0.047584715212689255,0.09012256669069935,0.006488824801730353,0.23864455659697187,0.031002162941600575,0.0,0.16294160057678442,0.0,Житков,Что я видел
0.03093525179856115,0.050359712230215826,0.08057553956834532,0.00935251798561151,0.07338129496402877,0.02014388489208633,0.0014388489208633094,0.15323741007194244,0.0057553956834532375,0.04100719424460432,0.09568345323741007,0.013669064748201438,0.21654676258992805,0.04820143884892086,0.0,0.15971223021582734,0.0,Житков,Что я видел
0.027777777777777776,0.06981981981981981,0.08333333333333333,0.005255255255255256,0.07807807807807808,0.012762762762762763,0.0022522522522522522,0.1629129129129129,0.0037537537537537537,0.04354354354354354,0.08783783783783784,0.01126126126126126,0.234984984984985,0.023273273273273273,0.0,0.1524024024024024,0.0007507507507507507,Житков,Что я видел
0.02979942693409742,0.061891117478510026,0.09627507163323783,0.005157593123209169,0.08137535816618911,0.011461318051575931,0.0017191977077363897,0.135243553008596,0.010888252148997135,0.034383954154727794,0.11461318051575932,0.009742120343839542,0.1988538681948424,0.03151862464183381,0.0,0.17707736389684814,0.0,Житков,Что я видел
0.04716981132075472,0.04499274310595065,0.08200290275761973,0.00725689404934688,0.08272859216255443,0.020319303338171262,0.001451378809869376,0.11683599419448476,0.00362844702467344,0.03773584905660377,0.10377358490566038,0.030478955007256895,0.23294629898403482,0.0420899854862119,0.0,0.14658925979680695,0.0,Житков,Что я видел
0.031791907514450865,0.05491329479768786,0.08453757225433527,0.011560693641618497,0.07514450867052024,0.01878612716763006,0.001445086705202312,0.16040462427745664,0.005780346820809248,0.03106936416184971,0.09248554913294797,0.014450867052023121,0.21315028901734104,0.044797687861271675,0.0,0.1596820809248555,0.0,Житков,Что я видел
0.03759398496240601,0.045112781954887216,0.09323308270676692,0.009022556390977444,0.08571428571428572,0.011278195488721804,0.0015037593984962407,0.11578947368421053,0.0037593984962406013,0.032330827067669175,0.10902255639097744,0.02631578947368421,0.21428571428571427,0.03759398496240601,0.0,0.1774436090225564,0.0,Житков,Что я видел
0.03278688524590164,0.06885245901639345,0.03770491803278689,0.004098360655737705,0.03524590163934426,0.013114754098360656,0.000819672131147541,0.18688524590163935,0.018032786885245903,0.03360655737704918,0.08114754098360656,0.005737704918032787,0.30573770491803276,0.005737704918032787,0.0,0.17049180327868851,0.0,Житков,Механик Салерно
0.024817518248175182,0.043795620437956206,0.08905109489051095,0.0072992700729927005,0.09124087591240876,0.016788321167883213,0.00145985401459854,0.1291970802919708,0.004379562043795621,0.03795620437956204,0.09635036496350365,0.021167883211678833,0.23138686131386862,0.02846715328467153,0.0,0.17664233576642335,0.0,Житков,Что я видел
0.0323846908734053,0.05299313052011776,0.06771344455348381,0.004906771344455349,0.02649656526005888,0.012757605495583905,0.003925417075564278,0.18351324828263002,0.020608439646712464,0.02649656526005888,0.05299313052011776,0.018645731108930325,0.3140333660451423,0.012757605495583905,0.0,0.16977428851815504,0.0,Житков,Механик Салерно
0.04568165596002855,0.046395431834404,0.09421841541755889,0.009279086366880799,0.08065667380442541,0.017844396859386154,0.0,0.09421841541755889,0.005710206995003569,0.029978586723768737,0.11991434689507495,0.04139900071377588,0.19771591720199858,0.042826552462526764,0.0,0.17130620985010706,0.0028551034975017845,Житков,Что я видел
0.042776432606941084,0.05084745762711865,0.08878127522195318,0.005649717514124294,0.08878127522195318,0.0129136400322841,0.0008071025020177562,0.13962873284907182,0.003228410008071025,0.04116222760290557,0.1033091202582728,0.014527845036319613,0.20742534301856336,0.02986279257465698,0.0,0.17029862792574657,0.0,Житков,Что я видел
0.026706231454005934,0.050445103857566766,0.07952522255192879,0.00771513353115727,0.08961424332344213,0.014243323442136498,0.0035608308605341245,0.13471810089020772,0.004154302670623145,0.03679525222551929,0.11216617210682493,0.009495548961424332,0.22136498516320474,0.03679525222551929,0.0,0.17270029673590503,0.0,Житков,Что я видел
0.03773584905660377,0.06821480406386067,0.09361393323657474,0.002902757619738752,0.08490566037735849,0.013788098693759071,0.000725689404934688,0.14296081277213352,0.01088534107402032,0.038461538461538464,0.08635703918722787,0.009433962264150943,0.22496371552975328,0.02830188679245283,0.0,0.1567489114658926,0.0,Житков,Что я видел
0.04769001490312966,0.06408345752608048,0.09687034277198212,0.0022354694485842027,0.08792846497764531,0.01564828614008942,0.0007451564828614009,0.15052160953800298,0.0014903129657228018,0.03129657228017884,0.08569299552906111,0.007451564828614009,0.23323397913561847,0.03427719821162444,0.0,0.14083457526080476,0.0,Житков,Что я видел
0.03991446899501069,0.06486101211689238,0.0955096222380613,0.0014255167498218105,0.08196721311475409,0.01496792587312901,0.0021382751247327157,0.14754098360655737,0.009978617248752673,0.03706343549536707,0.08624376336421953,0.009978617248752673,0.2195295794725588,0.02993585174625802,0.0,0.15894511760513186,0.0,Житков,Что я видел
0.030154277699859747,0.04908835904628331,0.07223001402524544,0.006311360448807854,0.0876577840112202,0.018934081346423562,0.004908835904628331,0.15988779803646563,0.004207573632538569,0.03576437587657784,0.09607293127629733,0.014025245441795231,0.23281907433380084,0.030154277699859747,0.0,0.15778401122019636,0.0,Житков,Что я видел
0.02301410541945063,0.03934669636228656,0.0935412026726058,0.002969561989606533,0.0779510022271715,0.015590200445434299,0.005939123979213066,0.12397921306607275,0.0022271714922048997,0.03934669636228656,0.11061618411284335,0.0334075723830735,0.23162583518930957,0.02746844840386043,0.0,0.17297698589458055,0.0,Житков,Что я видел
0.025110782865583457,0.06794682422451995,0.08050221565731167,0.005908419497784343,0.0827178729689808,0.012555391432791729,0.0014771048744460858,0.16322008862629248,0.003692762186115214,0.04357459379615953,0.08936484490398819,0.0103397341211226,0.23485967503692762,0.0206794682422452,0.0,0.15805022156573117,0.0,Житков,Что я видел
0.027325959661678594,0.057254391672088484,0.0741704619388419,0.0032530904359141183,0.07937540663630449,0.016916070266753416,0.003903708523096942,0.14899154196486664,0.0013012361743656475,0.04294079375406636,0.08653220559531555,0.009759271307742356,0.25374105400130126,0.025374105400130124,0.0,0.16916070266753416,0.0,Житков,Что я видел
0.021834061135371178,0.055312954876273655,0.08733624454148471,0.004366812227074236,0.08951965065502183,0.018922852983988356,0.001455604075691412,0.1331877729257642,0.00363901018922853,0.040756914119359534,0.1222707423580786,0.002911208151382824,0.19796215429403202,0.039301310043668124,0.0,0.1812227074235808,0.0,Житков,Что я видел
0.024390243902439025,0.05644599303135889,0.08153310104529617,0.004878048780487805,0.0843205574912892,0.018118466898954706,0.0,0.13449477351916375,0.004181184668989547,0.037630662020905925,0.10313588850174216,0.014634146341463415,0.23554006968641114,0.0397212543554007,0.0,0.16097560975609757,0.0,Житков,Что я видел
0.02656137832017229,0.0624551328068916,0.07178750897343862,0.006460875807609476,0.08758076094759512,0.01866475233309404,0.0,0.17013639626704954,0.003589375448671931,0.03445800430725054,0.0890165111270639,0.020100502512562814,0.22397702799712849,0.028715003589375447,0.0,0.15649676956209618,0.0,Житков,Что я видел
0.033886085075702954,0.0410958904109589,0.0829127613554434,0.008651766402307137,0.08795962509012256,0.010093727469358327,0.005046863734679163,0.13338139870223503,0.003604902667627974,0.04397981254506128,0.09805335255948089,0.03316510454217736,0.22494592645998557,0.032444124008651765,0.0,0.16077865897620763,0.0,Житков,Что я видел
0.02188183807439825,0.06564551422319474,0.08315098468271334,0.005105762217359592,0.08315098468271334,0.01312910284463895,0.0007293946024799417,0.15463165572574764,0.0036469730123997084,0.04230488694383661,0.09263311451495258,0.011670313639679067,0.2399708242159008,0.019693654266958426,0.0,0.162654996353027,0.0,Житков,Что я видел
0.029838709677419355,0.04838709677419355,0.08064516129032258,0.0016129032258064516,0.09758064516129032,0.01532258064516129,0.00564516129032258,0.12419354838709677,0.00564516129032258,0.03790322580645161,0.09596774193548387,0.04435483870967742,0.23225806451612904,0.020967741935483872,0.0,0.1596774193548387,0.0,Житков,Что я видел
0.03386167146974063,0.05187319884726225,0.0792507204610951,0.0036023054755043226,0.07853025936599424,0.020172910662824207,0.0007204610951008645,0.13184438040345822,0.004322766570605188,0.0446685878962536,0.1138328530259366,0.015129682997118156,0.21685878962536023,0.04394812680115274,0.0,0.16138328530259366,0.0,Житков,Что я видел
0.0402046783625731,0.06286549707602339,0.09283625730994152,0.0021929824561403508,0.0935672514619883,0.017543859649122806,0.0007309941520467836,0.15204678362573099,0.009502923976608187,0.03654970760233918,0.08991228070175439,0.005847953216374269,0.2141812865497076,0.019736842105263157,0.0,0.16228070175438597,0.0,Житков,Что я видел
0.026336791699920193,0.041500399042298484,0.07901037509976057,0.0015961691939345571,0.09736632083000799,0.013567438148443736,0.006384676775738229,0.12529928172386273,0.00558659217877095,0.0446927374301676,0.08778930566640064,0.04309656823623304,0.24501197126895452,0.018355945730247406,0.0,0.16440542697525937,0.0,Житков,Что я видел
0.03580146460537022,0.05288852725793328,0.08299430431244914,0.0032546786004882017,0.09031733116354759,0.021969080553295363,0.0040683482506102524,0.13344182262001628,0.008950366151342554,0.03173311635475997,0.09926769731489016,0.03173311635475997,0.22620016273393004,0.022782750203417412,0.0,0.15459723352318958,0.0,Житков,Что я видел
0.029411764705882353,0.049019607843137254,0.08905228758169935,0.017973856209150325,0.10130718954248366,0.014705882352941176,0.0016339869281045752,0.15196078431372548,0.008169934640522876,0.03839869281045752,0.09313725490196079,0.0,0.20098039215686275,0.03676470588235294,0.0,0.16748366013071894,0.0,Житков,Что я видел
0.03044982698961938,0.047058823529411764,0.0698961937716263,0.006228373702422145,0.09065743944636678,0.022837370242214532,0.0006920415224913495,0.1370242214532872,0.008304498269896194,0.03737024221453287,0.10657439446366782,0.03044982698961938,0.20968858131487889,0.03944636678200692,0.0,0.16332179930795848,0.0,Житков,Что я видел
0.05146533238027162,0.05075053609721229,0.06933523945675482,0.004288777698355968,0.08863473909935668,0.017869907076483203,0.0028591851322373124,0.15511079342387418,0.0028591851322373124,0.05003573981415296,0.07576840600428877,0.014295925661186561,0.21586847748391708,0.035025017869907075,0.0,0.1658327376697641,0.0,Житков,Что я видел
0.020016012810248198,0.040032025620496396,0.07606084867894315,0.0024019215372297837,0.09607686148919135,0.013610888710968775,0.0024019215372297837,0.12249799839871897,0.0024019215372297837,0.057646116893514815,0.09047237790232186,0.04083266613290633,0.24899919935948758,0.021617293835068056,0.0,0.16493194555644516,0.0,Житков,Что я видел
0.047763457164518575,0.06292645943896892,0.09249431387414708,0.002274450341167551,0.0887035633055345,0.017437452615617893,0.000758150113722517,0.15466262319939347,0.001516300227445034,0.029567854435178165,0.0841546626231994,0.008339651250947688,0.23730098559514784,0.029567854435178165,0.0,0.1425322213798332,0.0,Житков,Что я видел
0.037070524412296565,0.09674502712477397,0.05515370705244123,0.003616636528028933,0.028933092224231464,0.0108499095840868,0.0018083182640144665,0.25406871609403253,0.011754068716094032,0.013562386980108499,0.037070524412296565,0.0045207956600361665,0.2793851717902351,0.0054249547920434,0.0,0.16003616636528029,0.0,Житков,Механик Салерно
0.03183885640025991,0.04093567251461988,0.10656270305393112,0.007797270955165692,0.07862248213125406,0.01299545159194282,0.0,0.1286549707602339,0.007147498375568551,0.04808317089018843,0.10071474983755685,0.018843404808317088,0.21312540610786224,0.037686809616634176,0.0,0.16699155295646523,0.0,Житков,Что я видел
0.042846768336964415,0.04502541757443718,0.08569353667392883,0.007262164124909223,0.08569353667392883,0.023965141612200435,0.0007262164124909223,0.11546840958605664,0.004357298474945534,0.03776325344952796,0.10312273057371096,0.029774872912127815,0.2185911401597676,0.04502541757443718,0.0,0.15468409586056645,0.0,Житков,Что я видел
0.04040404040404041,0.05988455988455989,0.09451659451659451,0.001443001443001443,0.07936507936507936,0.017316017316017316,0.001443001443001443,0.15295815295815296,0.004329004329004329,0.031024531024531024,0.10461760461760462,0.004329004329004329,0.22510822510822512,0.025974025974025976,0.0,0.15728715728715728,0.0,Житков,Что я видел
0.012596221133659902,0.06018194541637509,0.07977606717984605,0.006997900629811057,0.09587123862841147,0.01119664100769769,0.0,0.15815255423372987,0.002099370188943317,0.03358992302309307,0.11616515045486354,0.01959412176347096,0.18894331700489853,0.042687193841847444,0.0,0.172148355493352,0.0,Житков,Что я видел
0.03388856978747846,0.09879379666858128,0.045376220562894885,0.0034462952326249283,0.06375646180356118,0.02067777139574957,0.0005743825387708214,0.1935669155657668,0.00402067777139575,0.03790924755887421,0.05973578403216542,0.03159103963239517,0.20964962665134979,0.019529006318207927,0.0,0.17748420448018382,0.0,Житков,Про обезьянку
0.024424284717376135,0.055826936496859735,0.08234473133286811,0.004884856943475227,0.08234473133286811,0.019539427773900907,0.0,0.1360781577110956,0.00418702023726448,0.03628750872295883,0.10188415910676901,0.01465457083042568,0.23796231681786462,0.03977669225401256,0.0,0.159804605722261,0.0,Житков,Что я видел
0.024946543121881683,0.05131860299358518,0.08695652173913043,0.012116892373485389,0.08838203848895225,0.01496792587312901,0.0014255167498218105,0.1397006414825374,0.004989308624376337,0.03349964362081254,0.09337134711332858,0.022808267997148968,0.21525302922309336,0.03421240199572345,0.0,0.17605131860299358,0.0,Житков,Что я видел
0.019450033534540577,0.04493628437290409,0.07042253521126761,0.0013413816230717639,0.09054325955734406,0.019450033534540577,0.0006706908115358819,0.1341381623071764,0.0053655264922870555,0.043594902749832326,0.11200536552649229,0.035546613011401745,0.19919517102615694,0.046948356807511735,0.0,0.17639168343393696,0.0,Житков,Что я видел
0.033311125916055964,0.04530313124583611,0.1039307128580946,0.009327115256495669,0.08194536975349767,0.013324450366422385,0.0,0.13790806129247168,0.0073284477015323115,0.04530313124583611,0.09726848767488341,0.019320453031312457,0.21185876082611593,0.031978680879413725,0.0,0.16189207195203198,0.0,Житков,Что я видел
0.045845272206303724,0.045845272206303724,0.08094555873925502,0.0057306590257879654,0.08022922636103152,0.022922636103151862,0.0,0.12464183381088825,0.0071633237822349575,0.032234957020057305,0.12034383954154727,0.012177650429799427,0.20845272206303725,0.044412607449856735,0.0,0.16905444126074498,0.0,Житков,Что я видел
0.025964912280701753,0.062456140350877196,0.0912280701754386,0.007017543859649123,0.08771929824561403,0.013333333333333334,0.0,0.1607017543859649,0.00631578947368421,0.036491228070175435,0.09052631578947369,0.00631578947368421,0.21824561403508771,0.037192982456140354,0.0,0.15649122807017543,0.0,Житков,Что я видел
0.02343159486016629,0.06198034769463341,0.08767951625094482,0.006046863189720333,0.08919123204837491,0.013605442176870748,0.0,0.15721844293272866,0.003779289493575208,0.04081632653061224,0.09145880574452003,0.005291005291005291,0.23809523809523808,0.022675736961451247,0.0,0.15873015873015872,0.0,Житков,Что я видел
0.02180028129395218,0.0450070323488045,0.08438818565400844,0.008438818565400843,0.1019690576652602,0.01969057665260197,0.0,0.12165963431786217,0.004219409282700422,0.03375527426160337,0.11954992967651196,0.02461322081575246,0.19760900140646975,0.04360056258790436,0.0,0.17369901547116737,0.0,Житков,Что я видел
0.012005649717514125,0.057203389830508475,0.08686440677966102,0.007062146892655367,0.10310734463276836,0.012005649717514125,0.0,0.1518361581920904,0.0014124293785310734,0.036016949152542374,0.11016949152542373,0.016242937853107344,0.18714689265536724,0.048728813559322036,0.0,0.17019774011299435,0.0,Житков,Что я видел
0.03537906137184116,0.07581227436823104,0.08953068592057761,0.004332129963898917,0.08953068592057761,0.011552346570397111,0.0,0.15306859205776174,0.011552346570397111,0.039711191335740074,0.07509025270758123,0.008664259927797834,0.2216606498194946,0.02454873646209386,0.0,0.1595667870036101,0.0,Житков,Что я видел
0.03760913364674278,0.04365345869711216,0.08663532572196105,0.009402283411685695,0.0893216924110141,0.017461383478844864,0.0,0.10141034251175285,0.0047011417058428475,0.0335795836131632,0.11618535930154467,0.041638683680322364,0.20013431833445267,0.041638683680322364,0.0,0.17394224311618536,0.002686366689053056,Житков,Что я видел
0.03932151117964534,0.05782575173477255,0.09252120277563608,0.002313030069390902,0.08635312259059368,0.02081727062451812,0.0007710100231303007,0.15265998457979954,0.002313030069390902,0.03777949113338473,0.08712413261372398,0.009252120277563608,0.243639167309175,0.020046260601387818,0.0,0.14726291441788744,0.0,Житков,Что я видел
0.030303030303030304,0.06060606060606061,0.07021433850702144,0.0066518847006651885,0.08943089430894309,0.014781966001478197,0.003695491500369549,0.17738359201773837,0.004434589800443459,0.03399852180339985,0.08795269770879527,0.008869179600886918,0.22320768662232077,0.03473762010347376,0.0,0.15373244641537326,0.0,Житков,Что я видел
0.038580246913580245,0.05709876543209876,0.09259259259259259,0.0023148148148148147,0.08641975308641975,0.021604938271604937,0.0007716049382716049,0.1527777777777778,0.0023148148148148147,0.03780864197530864,0.08641975308641975,0.009259259259259259,0.24382716049382716,0.020061728395061727,0.0,0.14814814814814814,0.0,Житков,Что я видел
0.039483675018982534,0.05618830675778284,0.09415337889141989,0.002277904328018223,0.08656036446469248,0.019741837509491267,0.0007593014426727411,0.15641609719058466,0.002277904328018223,0.03492786636294609,0.08959757023538345,0.006074411541381929,0.2437357630979499,0.019741837509491267,0.0,0.1480637813211845,0.0,Житков,Что я видел
0.045252225519287835,0.05118694362017804,0.0712166172106825,0.004451038575667656,0.08531157270029674,0.016320474777448073,0.005934718100890208,0.14985163204747776,0.002967359050445104,0.05712166172106825,0.07270029673590504,0.014094955489614243,0.22922848664688428,0.030415430267062313,0.0,0.163946587537092,0.0,Житков,Что я видел
0.031541218637992835,0.05806451612903226,0.06881720430107527,0.005017921146953405,0.09247311827956989,0.015053763440860216,0.005017921146953405,0.17634408602150536,0.005017921146953405,0.032974910394265235,0.08387096774193549,0.010752688172043012,0.22724014336917564,0.032974910394265235,0.0,0.15483870967741936,0.0,Житков,Что я видел
0.022782750203417412,0.03905614320585842,0.0870626525630594,0.015459723352318959,0.10496338486574451,0.013832384052074858,0.0016273393002441008,0.14157851912123678,0.007323026851098454,0.03824247355573637,0.08787632221318145,0.0008136696501220504,0.21074043938161108,0.04231082180634662,0.0,0.18633034987794955,0.0,Житков,Что я видел
0.01773049645390071,0.03475177304964539,0.07730496453900709,0.0014184397163120568,0.09078014184397164,0.01773049645390071,0.0014184397163120568,0.1226950354609929,0.0035460992907801418,0.0425531914893617,0.12340425531914893,0.03404255319148936,0.2148936170212766,0.03900709219858156,0.0,0.17872340425531916,0.0,Житков,Что я видел
0.03373313343328336,0.06296851574212893,0.08095952023988005,0.006746626686656672,0.09295352323838081,0.01199400299850075,0.0022488755622188904,0.17316341829085458,0.005247376311844078,0.03073463268365817,0.08545727136431784,0.008245877061469266,0.22413793103448276,0.034482758620689655,0.0,0.1469265367316342,0.0,Житков,Что я видел
0.04319180087847731,0.04538799414348463,0.095900439238653,0.00951683748169839,0.08565153733528551,0.013909224011713031,0.0,0.11054172767203514,0.0029282576866764276,0.03074670571010249,0.11200585651537336,0.0314787701317716,0.19985358711566617,0.038799414348462666,0.0,0.1800878477306003,0.0,Житков,Что я видел
0.033031088082901554,0.04922279792746114,0.08290155440414508,0.009067357512953367,0.08549222797927461,0.017487046632124352,0.0,0.1133419689119171,0.0051813471502590676,0.03432642487046632,0.11528497409326424,0.04145077720207254,0.19883419689119172,0.04145077720207254,0.0,0.17033678756476683,0.0025906735751295338,Житков,Что я видел
0.031994554118447927,0.04697072838665759,0.08509189925119129,0.008849557522123894,0.09462219196732471,0.018379850238257316,0.0,0.12389380530973451,0.006126616746085773,0.031994554118447927,0.12049012933968686,0.02518720217835262,0.19673247106875424,0.047651463580667124,0.0,0.16201497617426822,0.0,Житков,Что я видел
0.05186267348429511,0.05186267348429511,0.0723155588020453,0.004382761139517896,0.08692476260043827,0.018991964937910884,0.0029218407596785976,0.15924032140248356,0.0029218407596785976,0.04747991234477721,0.07669831994156319,0.016070124178232285,0.21329437545653762,0.03506208911614317,0.0,0.15997078159240322,0.0,Житков,Что я видел
0.025694444444444443,0.059027777777777776,0.08055555555555556,0.002777777777777778,0.0798611111111111,0.025694444444444443,0.0006944444444444445,0.13958333333333334,0.002777777777777778,0.04097222222222222,0.12152777777777778,0.007638888888888889,0.20416666666666666,0.0375,0.0,0.17152777777777778,0.0,Житков,Что я видел
0.036395147313691506,0.08405545927209705,0.05459272097053726,0.006932409012131715,0.026863084922010397,0.010398613518197574,0.0,0.231369150779896,0.01386481802426343,0.022530329289428077,0.0511265164644714,0.010398613518197574,0.26429809358752165,0.005199306759098787,0.0,0.18197573656845753,0.0,Житков,Механик Салерно
0.036541889483065956,0.08467023172905526,0.0570409982174688,0.006238859180035651,0.025846702317290554,0.012477718360071301,0.0,0.23618538324420676,0.011586452762923352,0.023172905525846704,0.049019607843137254,0.00980392156862745,0.25935828877005346,0.0053475935828877,0.0,0.18270944741532977,0.0,Житков,Механик Салерно
0.02513227513227513,0.05423280423280423,0.06084656084656084,0.005952380952380952,0.09325396825396826,0.023809523809523808,0.0006613756613756613,0.14484126984126985,0.005952380952380952,0.031084656084656083,0.10582010582010581,0.03373015873015873,0.2056878306878307,0.042328042328042326,0.0,0.16666666666666666,0.0,Житков,Что я видел
0.02830188679245283,0.05188679245283019,0.07412398921832884,0.00876010781671159,0.08288409703504043,0.018867924528301886,0.0,0.1280323450134771,0.005390835579514825,0.0330188679245283,0.1179245283018868,0.03436657681940701,0.20350404312668463,0.03840970350404313,0.0,0.17183288409703504,0.0026954177897574125,Житков,Что я видел
0.015267175572519083,0.05968077723802915,0.0777238029146426,0.009715475364330326,0.0916030534351145,0.010409437890353921,0.0,0.1568355308813324,0.002081887578070784,0.030534351145038167,0.11380985426786953,0.024288688410825817,0.18945176960444135,0.04510756419153366,0.0,0.1734906315058987,0.0,Житков,Что я видел
0.028925619834710745,0.0881542699724518,0.046143250688705235,0.0048209366391184574,0.05440771349862259,0.011707988980716254,0.0027548209366391185,0.15289256198347106,0.006198347107438017,0.03650137741046832,0.09779614325068871,0.023415977961432508,0.23071625344352617,0.027548209366391185,0.0,0.18801652892561985,0.0,Житков,Про обезьянку
0.026985350809560524,0.036237471087124135,0.09175019275250579,0.0038550501156515036,0.08943716268311488,0.01079414032382421,0.006168080185042405,0.12336160370084812,0.0030840400925212026,0.04317656129529684,0.10485736314572089,0.03315343099460293,0.2289899768696993,0.026985350809560524,0.0,0.17116422513492677,0.0,Житков,Что я видел
0.027529761904761904,0.07068452380952381,0.08110119047619048,0.005208333333333333,0.08035714285714286,0.012648809523809524,0.001488095238095238,0.1644345238095238,0.003720238095238095,0.04538690476190476,0.08407738095238096,0.011160714285714286,0.23735119047619047,0.021577380952380952,0.0,0.15327380952380953,0.0,Житков,Что я видел
0.0322234156820623,0.05370569280343716,0.0719656283566058,0.0021482277121374865,0.022556390977443608,0.013963480128893663,0.00322234156820623,0.17508055853920515,0.021482277121374866,0.02685284640171858,0.06552094522019335,0.01288936627282492,0.3147153598281418,0.01288936627282492,0.0,0.17078410311493017,0.0,Житков,Механик Салерно
0.03667481662591687,0.07579462102689487,0.0488997555012225,0.004889975550122249,0.029339853300733496,0.011409942950285249,0.0008149959250203749,0.20700896495517523,0.013039934800325998,0.035859820700896494,0.059494702526487364,0.009779951100244499,0.29095354523227385,0.004889975550122249,0.0,0.17114914425427874,0.0,Житков,Механик Салерно
0.036346691519105315,0.05684995340167754,0.0717614165890028,0.0027958993476234857,0.03168685927306617,0.012115563839701771,0.0027958993476234857,0.2124883504193849,0.016775396085740912,0.02702702702702703,0.05778191985088537,0.001863932898415657,0.3000931966449208,0.004659832246039142,0.0,0.16495806150978565,0.0,Житков,Механик Салерно
0.026592455163883734,0.05194805194805195,0.08967223252937538,0.0037105751391465678,0.08658008658008658,0.013605442176870748,0.0024737167594310453,0.13790970933828076,0.0037105751391465678,0.04143475572047001,0.11564625850340136,0.0030921459492888066,0.21273964131106987,0.030921459492888066,0.0,0.17996289424860853,0.0,Житков,Что я видел
0.02939068100358423,0.047311827956989246,0.07741935483870968,0.005734767025089606,0.0931899641577061,0.022939068100358423,0.0007168458781362007,0.14265232974910394,0.005734767025089606,0.03655913978494624,0.10752688172043011,0.025806451612903226,0.2078853046594982,0.03655913978494624,0.0,0.16057347670250896,0.0,Житков,Что я видел
0.0324585635359116,0.058011049723756904,0.0718232044198895,0.004834254143646409,0.09806629834254144,0.015883977900552487,0.0055248618784530384,0.17265193370165746,0.004143646408839779,0.031767955801104975,0.08011049723756906,0.013121546961325966,0.2244475138121547,0.031077348066298343,0.0,0.15607734806629833,0.0,Житков,Что я видел
0.03706823925863521,0.07245155855096883,0.05223251895534962,0.005054759898904802,0.02780117944397641,0.010951979780960405,0.0008424599831508003,0.2072451558550969,0.016006739679865205,0.03538331929233361,0.05391743892165122,0.009267059814658803,0.2914911541701769,0.005897219882055603,0.0,0.17438921651221567,0.0,Житков,Механик Салерно
0.031862745098039214,0.09375,0.05514705882352941,0.00428921568627451,0.05698529411764706,0.012867647058823529,0.0024509803921568627,0.18443627450980393,0.003676470588235294,0.032475490196078434,0.08700980392156862,0.0196078431372549,0.20404411764705882,0.029411764705882353,0.0,0.18198529411764705,0.0,Житков,Про обезьянку
0.03962536023054755,0.04971181556195965,0.0792507204610951,0.011527377521613832,0.08789625360230548,0.02089337175792507,0.002881844380403458,0.11671469740634005,0.002881844380403458,0.03890489913544669,0.10951008645533142,0.025936599423631124,0.2276657060518732,0.03890489913544669,0.0,0.14769452449567724,0.0,Житков,Что я видел
0.0286493860845839,0.04911323328785812,0.06412005457025921,0.001364256480218281,0.08390177353342429,0.02660300136425648,0.0006821282401091405,0.14392905866302866,0.002728512960436562,0.04911323328785812,0.12005457025920874,0.013642564802182811,0.2203274215552524,0.03274215552523874,0.0,0.16302864938608458,0.0,Житков,Что я видел
0.029952348536419333,0.05718175629680054,0.07215793056501021,0.0040844111640571815,0.0966643975493533,0.014976174268209666,0.005445881552076242,0.1688223281143635,0.004765146358066712,0.03471749489448604,0.08509189925119129,0.012253233492171545,0.22396187882913546,0.03403675970047652,0.0,0.15588835942818244,0.0,Житков,Что я видел
0.012693935119887164,0.059943582510578276,0.07827926657263752,0.007052186177715092,0.09873060648801128,0.011283497884344146,0.0,0.15726375176304655,0.0021156558533145277,0.03455571227080395,0.11706629055007052,0.019746121297602257,0.18829337094499296,0.04231311706629055,0.0,0.17066290550070523,0.0,Житков,Что я видел
0.038461538461538464,0.054426705370101594,0.06531204644412192,0.0043541364296081275,0.08925979680696662,0.020319303338171262,0.002902757619738752,0.14005805515239478,0.0021770682148040637,0.036284470246734396,0.11175616835994194,0.018867924528301886,0.2227866473149492,0.03555878084179971,0.0,0.1574746008708273,0.0,Житков,Что я видел
0.022860875244937948,0.06009144350097975,0.08229915088177661,0.0032658393207054214,0.08948399738732854,0.013063357282821686,0.002612671456564337,0.15676028739386022,0.0013063357282821686,0.036577400391900716,0.08883082952318747,0.008491182233834096,0.24101894186806008,0.027433050293925537,0.0,0.1659046374918354,0.0,Житков,Что я видел
0.01879194630872483,0.04093959731543624,0.07046979865771812,0.0013422818791946308,0.08993288590604027,0.020134228187919462,0.0006711409395973154,0.1348993288590604,0.004026845637583893,0.046308724832214765,0.11543624161073826,0.03422818791946309,0.2040268456375839,0.04161073825503356,0.0,0.17718120805369128,0.0,Житков,Что я видел
0.04286770140428677,0.04138950480413895,0.0679970436067997,0.003695491500369549,0.08943089430894309,0.018477457501847747,0.0014781966001478197,0.1433850702143385,0.0014781966001478197,0.05469327420546933,0.08130081300813008,0.025129342202512936,0.23798965262379895,0.029563932002956393,0.0,0.16112342941611235,0.0,Житков,Что я видел
0.03837953091684435,0.04904051172707889,0.07462686567164178,0.004975124378109453,0.08315565031982942,0.012082444918265814,0.0014214641080312722,0.14285714285714285,0.0014214641080312722,0.03624733475479744,0.10305614783226724,0.019189765458422176,0.24520255863539445,0.03909026297085998,0.0,0.14925373134328357,0.0,Житков,Что я видел
0.030434782608695653,0.04710144927536232,0.08115942028985507,0.004347826086956522,0.08623188405797101,0.016666666666666666,0.0007246376811594203,0.13768115942028986,0.006521739130434782,0.0391304347826087,0.1072463768115942,0.018115942028985508,0.21014492753623187,0.042028985507246375,0.0,0.17246376811594202,0.0,Житков,Что я видел
0.028044280442804426,0.06568265682656826,0.08708487084870849,0.0014760147601476014,0.07896678966789668,0.02214022140221402,0.0014760147601476014,0.15867158671586715,0.0036900369003690036,0.03616236162361624,0.0907749077490775,0.012546125461254613,0.23837638376383763,0.022878228782287822,0.0,0.15202952029520295,0.0,Житков,Что я видел
0.02450646698434309,0.04901293396868618,0.0653505786249149,0.004765146358066712,0.089857045609258,0.023825731790333562,0.0006807351940095302,0.14431586113002043,0.007488087134104833,0.035398230088495575,0.10551395507147719,0.031994554118447927,0.20830496936691628,0.041524846834581346,0.0,0.16746085772634445,0.0,Житков,Что я видел
0.03402268178785857,0.04803202134756504,0.09072715143428953,0.008005336891260841,0.09606404269513008,0.01667778519012675,0.0,0.12608405603735823,0.00600400266844563,0.032021347565043365,0.12141427618412275,0.02134756504336224,0.18612408272181455,0.04869913275517011,0.0,0.1647765176784523,0.0,Житков,Что я видел
0.04892086330935252,0.04388489208633094,0.08057553956834532,0.007194244604316547,0.08489208633093526,0.02302158273381295,0.0014388489208633094,0.11366906474820145,0.0035971223021582736,0.04028776978417266,0.10503597122302158,0.030215827338129497,0.22589928057553957,0.04244604316546763,0.0,0.14892086330935253,0.0,Житков,Что я видел
0.026335040234089245,0.051207022677395755,0.08924652523774688,0.010241404535479151,0.09436722750548647,0.013899049012435992,0.001463057790782736,0.13094367227505485,0.0043891733723482075,0.03511338697878566,0.09729334308705194,0.020482809070958303,0.22092172640819313,0.030724213606437453,0.0,0.1733723482077542,0.0,Житков,Что я видел
0.030666666666666665,0.068,0.074,0.002,0.066,0.019333333333333334,0.002,0.15933333333333333,0.0013333333333333333,0.037333333333333336,0.08733333333333333,0.008666666666666666,0.26466666666666666,0.024,0.0,0.15533333333333332,0.0,Житков,Что я видел
0.017897091722595078,0.05145413870246085,0.08202833706189411,0.008948545861297539,0.0894854586129754,0.014168530947054437,0.0037285607755406414,0.1081282624906786,0.0014914243102162564,0.0395227442207308,0.11483967188665176,0.011931394481730051,0.21476510067114093,0.04623415361670395,0.0,0.19239373601789708,0.002982848620432513,Житков,Что я видел
0.03601575689364097,0.09791783905458638,0.050647158131682614,0.0033764772087788407,0.05908835115362971,0.017445132245357344,0.0022509848058525606,0.19077096229600451,0.0028137310073157004,0.033202025886325266,0.07090602138435566,0.025323579065841307,0.208778840742825,0.023635340461451885,0.0,0.1778277996623523,0.0,Житков,Про обезьянку
0.02631578947368421,0.06301939058171745,0.07548476454293629,0.004155124653739612,0.07617728531855955,0.022853185595567867,0.0,0.14750692520775624,0.004155124653739612,0.035318559556786706,0.0997229916897507,0.012465373961218837,0.2347645429362881,0.035318559556786706,0.0,0.16274238227146814,0.0,Житков,Что я видел
0.03674351585014409,0.04178674351585014,0.08717579250720461,0.009365994236311239,0.0893371757925072,0.011527377521613832,0.005043227665706052,0.13328530259365995,0.002161383285302594,0.04610951008645533,0.09293948126801153,0.03170028818443804,0.2219020172910663,0.03386167146974063,0.0,0.15706051873198848,0.0,Житков,Что я видел
0.03769140164899882,0.08833922261484099,0.0706713780918728,0.0035335689045936395,0.028268551236749116,0.0035335689045936395,0.002355712603062426,0.22614840989399293,0.0176678445229682,0.0176678445229682,0.048292108362779744,0.009422850412249705,0.2744405182567727,0.005889281507656066,0.0,0.16607773851590105,0.0,Житков,Механик Салерно
0.046546546546546545,0.06156156156156156,0.09084084084084085,0.0022522522522522522,0.08933933933933934,0.018018018018018018,0.0007507507507507507,0.1569069069069069,0.0015015015015015015,0.02927927927927928,0.08483483483483484,0.008258258258258258,0.23873873873873874,0.027777777777777776,0.0,0.14339339339339338,0.0,Житков,Что я видел
0.019908116385911178,0.043644716692189896,0.08269525267993874,0.009954058192955589,0.08958652373660031,0.013782542113323124,0.002297090352220521,0.10796324655436447,0.002297090352220521,0.04134762633996937,0.11485451761102604,0.006891271056661562,0.22052067381316998,0.05053598774885146,0.0,0.19065849923430322,0.0030627871362940277,Житков,Что я видел
0.022792022792022793,0.06481481481481481,0.0876068376068376,0.007834757834757835,0.08903133903133903,0.017094017094017096,0.0,0.16524216524216523,0.005698005698005698,0.03347578347578348,0.08974358974358974,0.004985754985754986,0.21581196581196582,0.03774928774928775,0.0,0.1581196581196581,0.0,Житков,Что я видел
0.026832460732984294,0.0412303664921466,0.10405759162303665,0.009162303664921465,0.0831151832460733,0.014397905759162303,0.0,0.14332460732984292,0.010471204188481676,0.04712041884816754,0.09816753926701571,0.012434554973821989,0.21727748691099477,0.03206806282722513,0.0,0.15968586387434555,0.0006544502617801048,Житков,Что я видел
0.02753623188405797,0.04565217391304348,0.09855072463768116,0.011594202898550725,0.09202898550724638,0.011594202898550725,0.002173913043478261,0.1282608695652174,0.002898550724637681,0.03333333333333333,0.10507246376811594,0.018115942028985508,0.20942028985507247,0.034057971014492754,0.0,0.17971014492753623,0.0,Житков,Что я видел
0.03242885506287227,0.06750496360026473,0.07213765718067505,0.0026472534745201853,0.06750496360026473,0.019192587690271344,0.001985440105890139,0.1614824619457313,0.001985440105890139,0.04103242885506287,0.08471211118464593,0.008603573792190603,0.26207809397749837,0.02316346790205162,0.0,0.15354070152217075,0.0,Житков,Что я видел
0.028790786948176585,0.05950095969289827,0.09532949456174024,0.005118362124120281,0.08253358925143954,0.013435700575815739,0.0012795905310300703,0.13691618682021753,0.003838771593090211,0.037108125399872044,0.12220089571337173,0.003838771593090211,0.20601407549584133,0.027511196417146513,0.0,0.1765834932821497,0.0,Житков,Что я видел
0.0249609984399376,0.039781591263650544,0.07644305772230889,0.00234009360374415,0.09750390015600624,0.01170046801872075,0.00234009360374415,0.12558502340093602,0.0015600624024961,0.05538221528861154,0.08658346333853355,0.039781591263650544,0.24258970358814352,0.0218408736349454,0.0,0.17160686427457097,0.0,Житков,Что я видел
0.02574102964118565,0.0390015600624025,0.09438377535101404,0.0039001560062402497,0.08502340093603744,0.00858034321372855,0.0070202808112324495,0.12402496099843993,0.0031201248049922,0.041341653666146644,0.10530421216848673,0.0327613104524181,0.23166926677067082,0.027301092043681748,0.0,0.17082683307332294,0.0,Житков,Что я видел
0.037057220708446865,0.09754768392370572,0.05122615803814714,0.0032697547683923707,0.05940054495912807,0.01907356948228883,0.0016348773841961854,0.19455040871934604,0.0032697547683923707,0.033787465940054495,0.0664850136239782,0.028337874659400544,0.20708446866485014,0.020708446866485014,0.0,0.176566757493188,0.0,Житков,Про обезьянку
0.023454157782515993,0.05970149253731343,0.08031272210376687,0.007818052594171997,0.09879175550817342,0.016346837242359632,0.0035536602700781805,0.13361762615493958,0.0021321961620469083,0.028429282160625444,0.09594882729211088,0.01990049751243781,0.20966595593461265,0.032693674484719264,0.0,0.1847903340440654,0.0028429282160625444,Житков,Что я видел
0.0286512928022362,0.055904961565338925,0.08944793850454227,0.001397624039133473,0.08455625436757512,0.014675052410901468,0.0006988120195667365,0.1607267645003494,0.0020964360587002098,0.04332634521313766,0.0880503144654088,0.006289308176100629,0.24248777078965758,0.02445842068483578,0.0,0.15723270440251572,0.0,Житков,Что я видел
0.029644268774703556,0.05731225296442688,0.07509881422924901,0.0032938076416337285,0.07971014492753623,0.016469038208168644,0.003952569169960474,0.15151515151515152,0.0013175230566534915,0.04216073781291173,0.08432147562582346,0.00922266139657444,0.2549407114624506,0.024374176548089592,0.0,0.16666666666666666,0.0,Житков,Что я видел
0.033304119193689745,0.06222611744084137,0.04294478527607362,0.0043821209465381246,0.03242769500438212,0.006134969325153374,0.0017528483786152498,0.18930762489044697,0.012269938650306749,0.033304119193689745,0.0736196319018405,0.013146362839614373,0.3172655565293602,0.006134969325153374,0.0,0.17177914110429449,0.0,Житков,Механик Салерно
0.024324324324324326,0.033783783783783786,0.07837837837837838,0.002702702702702703,0.08986486486486486,0.020945945945945947,0.0013513513513513514,0.11756756756756757,0.0033783783783783786,0.03513513513513514,0.11418918918918919,0.038513513513513516,0.21081081081081082,0.04256756756756757,0.0,0.1864864864864865,0.0,Житков,Что я видел
0.034262948207171316,0.05338645418326693,0.08207171314741035,0.0031872509960159364,0.09083665338645418,0.02151394422310757,0.005577689243027889,0.13386454183266933,0.006374501992031873,0.03346613545816733,0.09721115537848606,0.028685258964143426,0.22629482071713147,0.02151394422310757,0.0,0.16175298804780877,0.0,Житков,Что я видел
0.0332129963898917,0.06064981949458484,0.06931407942238267,0.006498194945848376,0.09097472924187726,0.01516245487364621,0.004332129963898917,0.17689530685920576,0.005054151624548736,0.03176895306859206,0.08664259927797834,0.010830324909747292,0.22310469314079423,0.03393501805054152,0.0,0.15162454873646208,0.0,Житков,Что я видел
0.02158273381294964,0.04578155657292348,0.07325049051667756,0.005886200130804447,0.07782864617396991,0.020274689339437543,0.0,0.12164813603662525,0.0013080444735120995,0.03924133420536298,0.12034009156311315,0.032701111837802485,0.2079790712884238,0.04512753433616743,0.0,0.18705035971223022,0.0,Житков,Что я видел
0.03424657534246575,0.04033485540334855,0.07077625570776255,0.0030441400304414,0.0928462709284627,0.015220700152207,0.0030441400304414,0.13165905631659056,0.0,0.05403348554033485,0.08143074581430745,0.03120243531202435,0.2420091324200913,0.02968036529680365,0.0,0.1704718417047184,0.0,Житков,Что я видел
0.038403614457831324,0.045180722891566265,0.09337349397590361,0.008283132530120483,0.0858433734939759,0.011295180722891566,0.002259036144578313,0.11596385542168675,0.0037650602409638554,0.03237951807228916,0.10692771084337349,0.024849397590361446,0.2161144578313253,0.03765060240963856,0.0,0.17771084337349397,0.0,Житков,Что я видел
0.021810971579643092,0.05750165234633179,0.08658294778585592,0.0019828155981493722,0.09319233311302048,0.013218770654329148,0.0019828155981493722,0.16391275611368142,0.0013218770654329147,0.03502974223397224,0.09120951751487112,0.007270323859881031,0.23727693324520818,0.023132848645076007,0.0,0.16457369464639787,0.0,Житков,Что я видел
0.042385057471264365,0.04310344827586207,0.08333333333333333,0.007902298850574713,0.08405172413793104,0.020114942528735632,0.0028735632183908046,0.11422413793103449,0.0035919540229885057,0.042385057471264365,0.10272988505747127,0.028735632183908046,0.23563218390804597,0.040229885057471264,0.0,0.14870689655172414,0.0,Житков,Что я видел
0.027116402116402115,0.03571428571428571,0.07473544973544974,0.003968253968253968,0.08796296296296297,0.023148148148148147,0.0013227513227513227,0.12301587301587301,0.0033068783068783067,0.03505291005291005,0.10846560846560846,0.03835978835978836,0.21031746031746032,0.046957671957671955,0.0,0.18055555555555555,0.0,Житков,Что я видел
0.023065476190476192,0.041666666666666664,0.08556547619047619,0.006696428571428571,0.09077380952380952,0.01636904761904762,0.001488095238095238,0.13541666666666666,0.005208333333333333,0.043154761904761904,0.0974702380952381,0.01636904761904762,0.22767857142857142,0.029017857142857144,0.0,0.1800595238095238,0.0,Житков,Что я видел
0.02867383512544803,0.03870967741935484,0.09462365591397849,0.0064516129032258064,0.09175627240143369,0.012186379928315413,0.0,0.11254480286738351,0.005017921146953405,0.04659498207885305,0.11182795698924732,0.017204301075268817,0.22007168458781362,0.035842293906810034,0.0,0.17849462365591398,0.0,Житков,Что я видел
0.04231027535258563,0.051712558764271326,0.07991940899932841,0.006044325050369375,0.08462055070517126,0.01880456682337139,0.002686366689053056,0.14372061786433848,0.0047011417058428475,0.027535258562793822,0.1155137676292814,0.007387508394895903,0.22095366017461385,0.03760913364674278,0.0,0.15648085963734049,0.0,Житков,Что я видел
0.02642857142857143,0.045714285714285714,0.08,0.005,0.08642857142857142,0.02,0.0007142857142857143,0.145,0.005714285714285714,0.04,0.10785714285714286,0.020714285714285713,0.20642857142857143,0.039285714285714285,0.0,0.1707142857142857,0.0,Житков,Что я видел
0.031409168081494056,0.031409168081494056,0.0899830220713073,0.003395585738539898,0.08149405772495756,0.010186757215619695,0.005942275042444821,0.12224108658743633,0.004244482173174873,0.050933786078098474,0.09932088285229201,0.005942275042444821,0.26825127334465193,0.01867572156196944,0.0,0.1765704584040747,0.0,Житков,Что я видел
0.033449477351916376,0.06480836236933799,0.07665505226480836,0.008362369337979094,0.0843205574912892,0.01951219512195122,0.0020905923344947735,0.15191637630662022,0.004878048780487805,0.030662020905923345,0.11916376306620209,0.0013937282229965157,0.22020905923344947,0.03205574912891986,0.0,0.1505226480836237,0.0,Житков,Что я видел
0.018217306441119064,0.05204944697462589,0.07742355237475602,0.005855562784645413,0.07807417046193885,0.018867924528301886,0.0,0.12231620039037085,0.001951854261548471,0.04163955757970072,0.12426805465191933,0.031229668184775537,0.202992843201041,0.039687703318152245,0.0,0.18542615484710476,0.0,Житков,Что я видел
0.018036072144288578,0.052104208416833664,0.07348029392117568,0.005344021376085505,0.08016032064128256,0.018704074816299265,0.0,0.12157648630594522,0.0013360053440213762,0.04208416833667335,0.12491649966599866,0.026720106880427523,0.20908483633934535,0.04074816299265197,0.0,0.18570474281897129,0.0,Житков,Что я видел
0.04149085794655415,0.06469760900140648,0.09282700421940929,0.0007032348804500703,0.08157524613220815,0.015471167369901548,0.002109704641350211,0.14627285513361463,0.009142053445850914,0.034458509142053444,0.09282700421940929,0.008438818565400843,0.22573839662447256,0.029535864978902954,0.0,0.15471167369901548,0.0,Житков,Что я видел
0.022900763358778626,0.03740458015267176,0.10076335877862595,0.0022900763358778627,0.07862595419847328,0.012977099236641221,0.0053435114503816794,0.12213740458015267,0.0022900763358778627,0.04045801526717557,0.11908396946564885,0.02900763358778626,0.22595419847328244,0.029770992366412213,0.0,0.17099236641221374,0.0,Житков,Что я видел
0.033825338253382534,0.08364083640836409,0.07011070110701106,0.0036900369003690036,0.046740467404674045,0.020910209102091022,0.0,0.19557195571955718,0.01107011070110701,0.04551045510455105,0.07011070110701106,0.0006150061500615006,0.22878228782287824,0.02214022140221402,0.0,0.16728167281672818,0.0,Житков,Про слона
0.0188953488372093,0.05886627906976744,0.08430232558139535,0.005087209302325582,0.08648255813953488,0.014534883720930232,0.0029069767441860465,0.13590116279069767,0.00436046511627907,0.046511627906976744,0.11555232558139535,0.002180232558139535,0.20494186046511628,0.03924418604651163,0.0,0.18023255813953487,0.0,Житков,Что я видел
0.024390243902439025,0.037574159525379035,0.07712590639419907,0.004614370468029005,0.08174027686222808,0.021753460777851022,0.0013183915622940012,0.11470006591957811,0.0026367831245880024,0.04087013843111404,0.11272247857613711,0.03823335530652604,0.21621621621621623,0.047462096242584045,0.0,0.1786420566908372,0.0,Житков,Что я видел
0.0457516339869281,0.04720406681190995,0.08278867102396514,0.004357298474945534,0.08206245461147423,0.02251270878721859,0.0,0.12563543936092955,0.007262164124909223,0.03340595497458242,0.11474219317356572,0.011619462599854757,0.20915032679738563,0.04139433551198257,0.0,0.1721132897603486,0.0,Житков,Что я видел
0.035830618892508145,0.05130293159609121,0.08306188925081433,0.003257328990228013,0.09039087947882736,0.021172638436482084,0.004071661237785016,0.13110749185667753,0.008957654723127036,0.03175895765472313,0.0993485342019544,0.03257328990228013,0.2271986970684039,0.02280130293159609,0.0,0.15716612377850162,0.0,Житков,Что я видел
0.030534351145038167,0.08605135322692574,0.04510756419153366,0.004857737682165163,0.05412907702984039,0.01179736294240111,0.002081887578070784,0.15197779319916724,0.006245662734212352,0.03678001387925052,0.09784871616932686,0.02220680083275503,0.2366412213740458,0.027758501040943788,0.0,0.18598195697432338,0.0,Житков,Про обезьянку
0.025830258302583026,0.05239852398523985,0.08560885608856089,0.010332103321033211,0.09151291512915129,0.014022140221402213,0.0014760147601476014,0.13210332103321032,0.004428044280442804,0.037638376383763834,0.0959409594095941,0.020664206642066422,0.22361623616236162,0.03173431734317343,0.0,0.17269372693726937,0.0,Житков,Что я видел
0.032890132960111965,0.05178446466060182,0.0622813156053184,0.005598320503848845,0.08817354793561931,0.018894331700489854,0.006997900629811057,0.1630510846745976,0.004198740377886634,0.03498950314905528,0.09587123862841147,0.013995801259622114,0.2351294611616515,0.02939118264520644,0.0,0.15675297410776767,0.0,Житков,Что я видел
0.02729693741677763,0.041944074567243674,0.085219707057257,0.0039946737683089215,0.08921438082556592,0.016644474034620507,0.0013315579227696406,0.13648468708388814,0.009320905459387484,0.045938748335552594,0.10319573901464714,0.009320905459387484,0.21571238348868177,0.03462050599201065,0.0,0.17909454061251665,0.0006657789613848203,Житков,Что я видел
0.028832630098452883,0.05555555555555555,0.09071729957805907,0.0014064697609001407,0.08438818565400844,0.014767932489451477,0.0007032348804500703,0.15822784810126583,0.0035161744022503515,0.04430379746835443,0.08720112517580872,0.007032348804500703,0.23980309423347398,0.02461322081575246,0.0,0.1589310829817159,0.0,Житков,Что я видел
0.040995607613469986,0.04978038067349927,0.09224011713030747,0.008052708638360176,0.08272327964860908,0.01683748169838946,0.0,0.1054172767203514,0.005856515373352855,0.03074670571010249,0.1171303074670571,0.03587115666178624,0.19838945827232796,0.04026354319180088,0.0,0.17276720351390923,0.0029282576866764276,Житков,Что я видел
0.029806259314456036,0.05439642324888227,0.07078986587183309,0.005961251862891207,0.08643815201192251,0.014903129657228018,0.0022354694485842027,0.15499254843517138,0.0067064083457526085,0.039493293591654245,0.09538002980625931,0.011922503725782414,0.23248882265275708,0.023099850968703428,0.0,0.17138599105812222,0.0,Житков,Что я видел
0.030303030303030304,0.044765840220385676,0.06542699724517906,0.0027548209366391185,0.08333333333333333,0.014462809917355372,0.0006887052341597796,0.13636363636363635,0.0,0.049586776859504134,0.10950413223140495,0.025482093663911846,0.24380165289256198,0.03787878787878788,0.0,0.15564738292011018,0.0,Житков,Что я видел
0.030878859857482184,0.04671417260490895,0.09184481393507522,0.01741884402216944,0.09422011084718923,0.014251781472684086,0.001583531274742676,0.13143309580364212,0.00791765637371338,0.03800475059382423,0.10768012668250197,0.004750593824228029,0.20665083135391923,0.04196357878068092,0.0,0.16468725257323832,0.0,Житков,Что я видел
0.02923538230884558,0.05247376311844078,0.0712143928035982,0.005997001499250375,0.08545727136431784,0.014992503748125937,0.0022488755622188904,0.15292353823088456,0.006746626686656672,0.04047976011994003,0.09970014992503748,0.011244377811094454,0.2331334332833583,0.022488755622188907,0.0,0.17166416791604197,0.0,Житков,Что я видел
0.0412224591329069,0.06396588486140725,0.09594882729211088,0.0007107320540156361,0.0824449182658138,0.014925373134328358,0.0021321961620469083,0.14712153518123666,0.009950248756218905,0.03695806680881308,0.0867093105899076,0.009950248756218905,0.22032693674484718,0.02914001421464108,0.0,0.15849324804548684,0.0,Житков,Что я видел
0.022366522366522368,0.06565656565656566,0.09235209235209235,0.007936507936507936,0.08802308802308802,0.01875901875901876,0.0,0.16378066378066378,0.004329004329004329,0.032467532467532464,0.09018759018759019,0.005050505050505051,0.21428571428571427,0.03896103896103896,0.0,0.15584415584415584,0.0,Житков,Что я видел
0.03611738148984198,0.057938299473288185,0.06696764484574869,0.006019563581640331,0.08577878103837472,0.01580135440180587,0.006772009029345372,0.1527464258841234,0.006019563581640331,0.04589917231000752,0.08126410835214447,0.011286681715575621,0.23551542513167795,0.021068472535741158,0.0,0.1708051166290444,0.0,Житков,Что я видел
0.01593625498007968,0.05976095617529881,0.07636122177954847,0.012616201859229747,0.08764940239043825,0.009296148738379814,0.0,0.16135458167330677,0.00199203187250996,0.027888446215139442,0.1102257636122178,0.028552456839309428,0.19057104913678619,0.04448871181938911,0.0,0.17330677290836655,0.0,Житков,Что я видел
0.01436130007558579,0.05668934240362812,0.07785336356764928,0.009826152683295541,0.09070294784580499,0.009826152683295541,0.003779289493575208,0.1111111111111111,0.0015117157974300832,0.037037037037037035,0.11413454270597127,0.01436130007558579,0.2146636432350718,0.04308390022675737,0.0,0.1980347694633409,0.0030234315948601664,Житков,Что я видел
0.032471835652750164,0.0682571239231279,0.07223326706428099,0.0026507620941020544,0.06759443339960239,0.019218025182239893,0.0019880715705765406,0.16169648774022533,0.0019880715705765406,0.039761431411530816,0.08482438701126574,0.008614976805831677,0.2617627567925779,0.023194168323392977,0.0,0.15374420145791914,0.0,Житков,Что я видел
0.040627227369921595,0.041339985744832504,0.07555238774055595,0.005702066999287242,0.08339272986457591,0.019957234497505347,0.0007127583749109052,0.13043478260869565,0.007127583749109052,0.039201710620099785,0.11119030648610122,0.022095509622238062,0.2066999287241625,0.04918032786885246,0.0,0.16678545972915182,0.0,Житков,Что я видел
0.03622577927548441,0.07497893850042123,0.05475989890480202,0.005054759898904802,0.02611625947767481,0.010951979780960405,0.0008424599831508003,0.21229991575400167,0.016006739679865205,0.02864363942712721,0.05054759898904802,0.009267059814658803,0.2906486941870261,0.005054759898904802,0.0,0.17860151642796968,0.0,Житков,Механик Салерно
0.03743961352657005,0.0748792270531401,0.08393719806763285,0.006642512077294686,0.07306763285024155,0.017512077294685992,0.0012077294685990338,0.1642512077294686,0.004830917874396135,0.04106280193236715,0.08091787439613526,0.005434782608695652,0.2391304347826087,0.022946859903381644,0.0,0.14673913043478262,0.0,Житков,Что я видел
0.03204172876304024,0.05737704918032787,0.06631892697466468,0.0029806259314456036,0.08196721311475409,0.01713859910581222,0.005961251862891207,0.1557377049180328,0.0029806259314456036,0.05514157973174367,0.07153502235469449,0.012667660208643815,0.23472429210134127,0.028315946348733235,0.0,0.1751117734724292,0.0,Житков,Что я видел
0.016713091922005572,0.04805013927576602,0.08286908077994429,0.008356545961002786,0.08635097493036212,0.019498607242339833,0.0006963788300835655,0.13997214484679665,0.001392757660167131,0.03899721448467967,0.1107242339832869,0.022284122562674095,0.21727019498607242,0.02924791086350975,0.0,0.1775766016713092,0.0,Житков,Что я видел
0.0319001386962552,0.05547850208044383,0.0825242718446602,0.0020804438280166435,0.0769764216366158,0.018030513176144243,0.0013869625520110957,0.16435506241331485,0.004160887656033287,0.04507628294036061,0.07905686546463246,0.009708737864077669,0.2434119278779473,0.027045769764216365,0.0,0.15880721220527047,0.0,Житков,Что я видел
0.044960116026105876,0.04713560551124003,0.08049311094996374,0.007251631617113851,0.08121827411167512,0.021754894851341553,0.0014503263234227702,0.11820159535895576,0.0036258158085569255,0.03988397389412618,0.10369833212472807,0.03190717911530094,0.233502538071066,0.03988397389412618,0.0,0.145032632342277,0.0,Житков,Что я видел
0.03765690376569038,0.07196652719665272,0.048535564853556486,0.00502092050209205,0.027615062761506277,0.012552301255230125,0.0008368200836820083,0.20585774058577405,0.01506276150627615,0.03765690376569038,0.055230125523012555,0.0100418410041841,0.295397489539749,0.00502092050209205,0.0,0.17154811715481172,0.0,Житков,Механик Салерно
0.008316008316008316,0.060984060984060985,0.08177408177408177,0.00693000693000693,0.0997920997920998,0.010395010395010396,0.0,0.1586971586971587,0.002079002079002079,0.036729036729036726,0.1101871101871102,0.018018018018018018,0.1884961884961885,0.042966042966042964,0.0,0.17463617463617465,0.0,Житков,Что я видел
0.034389140271493215,0.05972850678733032,0.07239819004524888,0.0036199095022624436,0.04253393665158371,0.011764705882352941,0.0027149321266968325,0.20180995475113123,0.008144796380090498,0.03076923076923077,0.05339366515837104,0.0018099547511312218,0.29502262443438915,0.008144796380090498,0.0,0.17375565610859728,0.0,Житков,Механик Салерно
0.034482758620689655,0.04310344827586207,0.09137931034482759,0.0008620689655172414,0.07758620689655173,0.009482758620689655,0.0034482758620689655,0.14741379310344827,0.0034482758620689655,0.041379310344827586,0.07586206896551724,0.008620689655172414,0.27844827586206894,0.022413793103448276,0.0,0.16034482758620688,0.0017241379310344827,Житков,Что я видел
0.0390625,0.07386363636363637,0.08522727272727272,0.0014204545454545455,0.08664772727272728,0.015625,0.0014204545454545455,0.1590909090909091,0.005681818181818182,0.02911931818181818,0.08664772727272728,0.008522727272727272,0.22585227272727273,0.033380681818181816,0.0,0.1484375,0.0,Житков,Что я видел
0.028873239436619718,0.05563380281690141,0.09084507042253522,0.0014084507042253522,0.08380281690140845,0.014788732394366197,0.0007042253521126761,0.1591549295774648,0.0028169014084507044,0.04366197183098591,0.0880281690140845,0.007042253521126761,0.24014084507042255,0.02464788732394366,0.0,0.15845070422535212,0.0,Житков,Что я видел
0.02991162474507138,0.04758667573079538,0.061862678450033994,0.0020394289598912306,0.08429639700883752,0.02107409925220938,0.0006798096532970768,0.14547926580557444,0.0020394289598912306,0.05098572399728076,0.11080897348742352,0.023113528212100613,0.23113528212100612,0.03602991162474507,0.0,0.15295717199184228,0.0,Житков,Что я видел
0.026870007262164125,0.03994190268700073,0.08641975308641975,0.007262164124909223,0.0784313725490196,0.014524328249818447,0.004357298474945534,0.14161220043572983,0.002904865649963689,0.037037037037037035,0.10820624546114742,0.008714596949891068,0.2512708787218591,0.03122730573710966,0.0,0.16122004357298475,0.0,Житков,Что я видел
0.03867403314917127,0.053406998158379376,0.07734806629834254,0.0027624309392265192,0.03867403314917127,0.01289134438305709,0.0027624309392265192,0.20349907918968693,0.016574585635359115,0.027624309392265192,0.058011049723756904,0.001841620626151013,0.3011049723756906,0.006445672191528545,0.0,0.15837937384898712,0.0,Житков,Механик Салерно
0.04457652303120357,0.04011887072808321,0.0676077265973254,0.003714710252600297,0.09063893016344725,0.017087667161961365,0.0014858841010401188,0.14190193164933135,0.0014858841010401188,0.05572065378900446,0.08172362555720654,0.02526002971768202,0.237741456166419,0.02897473997028232,0.0,0.16196136701337296,0.0,Житков,Что я видел
0.024615384615384615,0.044307692307692305,0.08369230769230769,0.008615384615384615,0.08369230769230769,0.015384615384615385,0.0006153846153846154,0.14523076923076922,0.010461538461538461,0.049846153846153846,0.10153846153846154,0.011076923076923076,0.22092307692307692,0.031384615384615386,0.0,0.168,0.0006153846153846154,Житков,Что я видел
0.047619047619047616,0.07291666666666667,0.09151785714285714,0.001488095238095238,0.0900297619047619,0.012648809523809524,0.001488095238095238,0.15922619047619047,0.005208333333333333,0.025297619047619048,0.08333333333333333,0.008928571428571428,0.22544642857142858,0.033482142857142856,0.0,0.14136904761904762,0.0,Житков,Что я видел
0.03712480252764613,0.07977883096366509,0.04818325434439179,0.005529225908372828,0.030015797788309637,0.014218009478672985,0.0007898894154818325,0.19747235387045814,0.014218009478672985,0.036334913112164295,0.06003159557661927,0.011848341232227487,0.2962085308056872,0.004739336492890996,0.0,0.16350710900473933,0.0,Житков,Механик Салерно
0.03234686854783207,0.05849965588437715,0.07226428079834825,0.0041293874741913286,0.09704060564349622,0.015829318651066758,0.0055058499655884375,0.17343427391603577,0.004817618719889883,0.031658637302133516,0.07983482450103235,0.01307639366827254,0.22505161734342738,0.030970406056434963,0.0,0.15554026152787337,0.0,Житков,Что я видел
0.01896813353566009,0.042488619119878605,0.08877086494688922,0.009104704097116844,0.09711684370257967,0.009104704097116844,0.0,0.11077389984825493,0.012139605462822459,0.036418816388467376,0.10242792109256449,0.023520485584218515,0.21775417298937785,0.0417298937784522,0.0,0.18968133535660092,0.0,Житков,Что я видел
0.03505535055350553,0.06642066420664207,0.08302583025830258,0.00984009840098401,0.07011070110701106,0.014145141451414513,0.0018450184501845018,0.15375153751537515,0.004920049200492005,0.04428044280442804,0.0897908979089791,0.0036900369003690036,0.24169741697416974,0.02706027060270603,0.0,0.15436654366543665,0.0,Житков,Что я видел
0.036752605595172794,0.09873834339001646,0.052660449808008776,0.0032912781130005485,0.058694459681843114,0.018650575973669776,0.0016456390565002743,0.1936368623148656,0.0032912781130005485,0.03455842018650576,0.06856829402084476,0.02852441031267142,0.2057048820625343,0.021941854086670324,0.0,0.17334064728469556,0.0,Житков,Про обезьянку
0.040293040293040296,0.07753357753357754,0.08302808302808302,0.0030525030525030525,0.06898656898656899,0.016483516483516484,0.001221001221001221,0.1752136752136752,0.0030525030525030525,0.036019536019536016,0.08058608058608059,0.008547008547008548,0.23809523809523808,0.0231990231990232,0.0,0.1446886446886447,0.0,Житков,Что я видел
0.03383458646616541,0.05488721804511278,0.06842105263157895,0.0030075187969924814,0.08195488721804511,0.015037593984962405,0.006015037593984963,0.14736842105263157,0.005263157894736842,0.05413533834586466,0.07218045112781955,0.012781954887218045,0.24210526315789474,0.02631578947368421,0.0,0.17669172932330826,0.0,Житков,Что я видел
0.031541218637992835,0.04874551971326165,0.09247311827956989,0.011469534050179211,0.0974910394265233,0.012903225806451613,0.002150537634408602,0.12258064516129032,0.0035842293906810036,0.03082437275985663,0.10752688172043011,0.022222222222222223,0.20430107526881722,0.03225806451612903,0.0,0.17992831541218637,0.0,Житков,Что я видел
0.03556187766714083,0.06330014224751067,0.09388335704125178,0.0007112375533428165,0.08108108108108109,0.016358463726884778,0.0021337126600284497,0.14509246088193456,0.007112375533428165,0.03627311522048364,0.09246088193456614,0.008534850640113799,0.23115220483641535,0.02702702702702703,0.0,0.1593172119487909,0.0,Житков,Что я видел
0.025974025974025976,0.04784688995215311,0.07997265892002735,0.005468215994531784,0.09911141490088858,0.019822282980177717,0.0,0.12371838687628162,0.004784688995215311,0.03349282296650718,0.11619958988380041,0.021189336978810664,0.19890635680109364,0.041695146958304855,0.0,0.18181818181818182,0.0,Житков,Что я видел
0.03611898016997167,0.049575070821529746,0.08781869688385269,0.006373937677053824,0.08852691218130311,0.019121813031161474,0.000708215297450425,0.12039660056657224,0.00424929178470255,0.037535410764872525,0.10339943342776203,0.031161473087818695,0.20113314447592068,0.046742209631728045,0.0,0.1671388101983003,0.0,Житков,Что я видел
0.023693379790940768,0.05435540069686411,0.07665505226480836,0.00975609756097561,0.08780487804878048,0.016724738675958188,0.003484320557491289,0.13519163763066203,0.005574912891986063,0.037630662020905925,0.12752613240418118,0.0013937282229965157,0.21533101045296169,0.03902439024390244,0.0,0.16585365853658537,0.0,Житков,Что я видел
0.04215116279069767,0.0436046511627907,0.08212209302325581,0.005813953488372093,0.07994186046511628,0.023982558139534885,0.0007267441860465116,0.13299418604651161,0.007994186046511628,0.034156976744186045,0.11119186046511628,0.0188953488372093,0.20712209302325582,0.04941860465116279,0.0,0.15988372093023256,0.0,Житков,Что я видел
0.03421461897356143,0.05909797822706065,0.08709175738724728,0.003110419906687403,0.08320373250388803,0.02255054432348367,0.0015552099533437014,0.1547433903576983,0.003110419906687403,0.038102643856920686,0.08786936236391912,0.01010886469673406,0.24650077760497668,0.02177293934681182,0.0,0.1469673405909798,0.0,Житков,Что я видел
0.0286493860845839,0.04911323328785812,0.06412005457025921,0.001364256480218281,0.08390177353342429,0.02660300136425648,0.0006821282401091405,0.14392905866302866,0.002728512960436562,0.04911323328785812,0.12005457025920874,0.013642564802182811,0.2203274215552524,0.03274215552523874,0.0,0.16302864938608458,0.0,Житков,Что я видел
0.0203125,0.04296875,0.09140625,0.0046875,0.0859375,0.0171875,0.003125,0.13359375,0.0015625,0.03828125,0.11796875,0.0234375,0.2234375,0.028125,0.0,0.16796875,0.0,Житков,Что я видел
0.05207667731629393,0.10031948881789138,0.06261980830670927,0.010543130990415336,0.06325878594249201,0.025559105431309903,0.0,0.17380191693290734,0.007028753993610224,0.03386581469648562,0.08977635782747603,0.020447284345047924,0.19456869009584665,0.029712460063897765,0.0,0.13642172523961663,0.0,Чехов,Человек в футляре
0.06485130777499104,0.07560014331780723,0.0587603009673952,0.012540308133285561,0.053385883195987104,0.04084557506270154,0.0,0.1762809029021856,0.01003224650662845,0.03726262988176281,0.09172339663203152,0.00895736295234683,0.19276245073450377,0.027946972411322105,0.0,0.14869222500895737,0.00035829451809387314,Чехов,Человек в футляре
0.05669737774627923,0.08575478384124734,0.0705173635719348,0.012756909992912827,0.05279943302622254,0.022678951098511695,0.0007087172218284905,0.15450035435861093,0.00885896527285613,0.028703047484053862,0.08610914245216159,0.03437278525868179,0.21934798015591778,0.01842664776754075,0.00035435861091424523,0.147413182140326,0.0,Чехов,Человек в футляре
0.06406112253893623,0.0952101087275933,0.06259183073758448,0.01998236849838378,0.053776079929473995,0.03702615339406406,0.0002938583602703497,0.15163091389950045,0.007934175727299441,0.03349985307081987,0.11254775198354393,0.013811342932706435,0.18424919188950925,0.033793711431090216,0.0,0.1295915368792242,0.0,Чехов,О любви
0.06116876024030585,0.0622610595303113,0.06881485527034407,0.009830693610049153,0.052976515565264885,0.03386127799016931,0.0005461496450027307,0.1365374112506827,0.006553795740032769,0.04423812124522119,0.1174221736755871,0.010376843255051884,0.2200983069361005,0.02894593118514473,0.0,0.14636810486073185,0.0,Чехов,Человек в футляре
0.04567307692307692,0.057692307692307696,0.04326923076923077,0.003205128205128205,0.029647435897435896,0.03365384615384615,0.002403846153846154,0.18990384615384615,0.00641025641025641,0.05048076923076923,0.04807692307692308,0.03766025641025641,0.2980769230769231,0.010416666666666666,0.0,0.14342948717948717,0.0,Чехов,Человек в футляре
0.057294429708222815,0.07480106100795755,0.0519893899204244,0.01220159151193634,0.04509283819628647,0.021750663129973476,0.0015915119363395225,0.17877984084880635,0.005835543766578249,0.041379310344827586,0.06472148541114059,0.014323607427055704,0.2440318302387268,0.020689655172413793,0.0,0.16551724137931034,0.0,Чехов,Человек в футляре
0.052371916508538896,0.07286527514231499,0.059962049335863375,0.011764705882352941,0.052371916508538896,0.028462998102466792,0.0018975332068311196,0.13548387096774195,0.0060721062618595825,0.05351043643263757,0.10056925996204934,0.025806451612903226,0.22580645161290322,0.026185958254269448,0.0,0.14648956356736242,0.0003795066413662239,Чехов,Человек в футляре
0.06495882891125343,0.07227813357731015,0.053979871912168347,0.008234217749313814,0.0535224153705398,0.03339432753888381,0.0009149130832570906,0.15736505032021958,0.010064043915827997,0.05123513266239707,0.10292772186642268,0.010064043915827997,0.22598353156450138,0.025617566331198535,0.0,0.12946020128087832,0.0,Чехов,Человек в футляре
0.06576670128071997,0.07338179300796123,0.059190031152647975,0.012114918656974732,0.05330564209068882,0.040844582900657664,0.0,0.17964693665628245,0.01107649705780547,0.035652474904811354,0.08826583592938733,0.01107649705780547,0.19487712011076497,0.029421945309795777,0.0,0.14503288335064035,0.00034614053305642093,Чехов,Человек в футляре
0.06865828092243187,0.0649895178197065,0.07023060796645703,0.00890985324947589,0.055031446540880505,0.03825995807127883,0.0005241090146750524,0.14150943396226415,0.006289308176100629,0.0429769392033543,0.11215932914046121,0.006289308176100629,0.21436058700209643,0.027253668763102725,0.0,0.14255765199161424,0.0,Чехов,Человек в футляре
0.07705479452054795,0.10302511415525115,0.05850456621004566,0.007420091324200913,0.06535388127853882,0.028253424657534245,0.0,0.1954908675799087,0.00884703196347032,0.036244292237442924,0.0702054794520548,0.02026255707762557,0.16809360730593606,0.026541095890410957,0.0014269406392694063,0.13327625570776255,0.0,Чехов,Человек в футляре
0.06146059291395517,0.07013738250180766,0.05061460592913955,0.005061460592913955,0.03759942154736081,0.02386117136659436,0.004338394793926247,0.1561822125813449,0.0021691973969631237,0.05278380332610268,0.07736804049168475,0.02675343456254519,0.2848879248011569,0.015184381778741865,0.0007230657989877079,0.13087490961677511,0.0,Чехов,Человек в футляре
0.05903340901719105,0.08530651962374311,0.056438533895556274,0.01167693804735647,0.05935776840739539,0.027570548167369445,0.0019461563412260785,0.17223483619850793,0.010379500486539085,0.03859876743431722,0.07071034706454751,0.02984106389879987,0.21926694777813818,0.02335387609471294,0.0,0.1342847875445994,0.0,Чехов,Человек в футляре
0.06043018094912939,0.08228064185728917,0.06247866165926937,0.012632297712529874,0.0501877773984295,0.030385797200409695,0.0,0.17514510071696826,0.006145442130419939,0.03072721065209969,0.08467053601911916,0.02321611471491977,0.2103106862410379,0.029361556845339705,0.0,0.14168658245134857,0.0003414134516899966,Чехов,Человек в футляре
0.044921875,0.055989583333333336,0.059244791666666664,0.004557291666666667,0.04296875,0.024739583333333332,0.0032552083333333335,0.14713541666666666,0.007161458333333333,0.051432291666666664,0.07486979166666667,0.022135416666666668,0.2747395833333333,0.020182291666666668,0.0,0.16666666666666666,0.0,Чехов,Человек в футляре
0.06812062466343564,0.09881529348411416,0.0654281098546042,0.007808292945611201,0.05627355950457728,0.02773290253096392,0.0,0.17151319332256326,0.013193322563274098,0.02934841141626279,0.08266020463112547,0.025309639203015617,0.18982229402261713,0.024232633279483037,0.0,0.13893376413570274,0.0008077544426494346,Чехов,Человек в футляре
0.06289855072463768,0.07942028985507246,0.057971014492753624,0.011594202898550725,0.058260869565217394,0.029855072463768118,0.0011594202898550724,0.1492753623188406,0.00927536231884058,0.04173913043478261,0.10260869565217391,0.025507246376811593,0.19507246376811593,0.03159420289855072,0.0,0.14376811594202898,0.0,Чехов,Три года
0.055133079847908745,0.07604562737642585,0.06387832699619772,0.012927756653992395,0.054372623574144484,0.023193916349809884,0.0011406844106463879,0.15665399239543726,0.01064638783269962,0.043726235741444866,0.07908745247148288,0.028517110266159697,0.2285171102661597,0.02737642585551331,0.0,0.13878326996197718,0.0,Чехов,Человек в футляре
0.06030150753768844,0.06909547738693467,0.05402010050251256,0.0037688442211055275,0.04648241206030151,0.022613065326633167,0.001256281407035176,0.18969849246231155,0.008793969849246231,0.04020100502512563,0.059673366834170856,0.013819095477386936,0.26256281407035176,0.019472361809045227,0.0,0.14824120603015076,0.0,Чехов,Человек в футляре
0.051361867704280154,0.08482490272373541,0.0622568093385214,0.014396887159533073,0.05875486381322957,0.022957198443579768,0.0,0.16848249027237355,0.010894941634241245,0.038910505836575876,0.0715953307392996,0.038910505836575876,0.1992217898832685,0.024124513618677044,0.0,0.15330739299610896,0.0,Чехов,Человек в футляре
0.05891656781336497,0.07868722815342033,0.053776196124950576,0.006722024515618822,0.05931198102016608,0.03163305654408857,0.0007908264136022143,0.1664689600632661,0.0055357848952155,0.049031237643337285,0.09292210359826018,0.011071569790431,0.20798734677738237,0.022933965994464216,0.0,0.15381573744563068,0.00039541320680110717,Чехов,Человек в футляре
0.052897705173084404,0.09140412290937379,0.06339945546479969,0.007001166861143524,0.061843640606767794,0.021781408012446518,0.002333722287047841,0.19019836639439908,0.007779074290159471,0.024893037728510307,0.07312329832749903,0.021781408012446518,0.19758848697005058,0.017891870867366783,0.0,0.16608323609490472,0.0,Чехов,Человек в футляре
0.05274629468177855,0.07367044463818657,0.05492589363557106,0.006538796861377506,0.05448997384481256,0.03487358326068003,0.0013077593722755014,0.16216216216216217,0.006102877070619006,0.05274629468177855,0.0976460331299041,0.012641673931996512,0.22406277244986922,0.023103748910200523,0.0,0.14254577157802964,0.00043591979075850045,Чехов,Человек в футляре
0.05786736020806242,0.08485045513654096,0.07217165149544863,0.014629388816644993,0.055916775032509754,0.02600780234070221,0.00032509752925877764,0.1654746423927178,0.015604681404421327,0.031209362808842653,0.08062418725617686,0.027633289986996098,0.19635890767230169,0.027633289986996098,0.0,0.1423927178153446,0.0013003901170351106,Чехов,Три года
0.04834254143646409,0.07113259668508287,0.04350828729281768,0.004143646408839779,0.04419889502762431,0.026243093922651933,0.0006906077348066298,0.1919889502762431,0.008287292817679558,0.04281767955801105,0.06146408839779006,0.029696132596685083,0.26657458563535913,0.015193370165745856,0.0,0.1457182320441989,0.0,Чехов,Человек в футляре
0.060014461315979754,0.07013738250180766,0.049168474331164135,0.005061460592913955,0.0368763557483731,0.02675343456254519,0.004338394793926247,0.1475054229934924,0.0021691973969631237,0.05350686912509038,0.08387563268257411,0.02675343456254519,0.28705712219812,0.01735357917570499,0.0007230657989877079,0.128705712219812,0.0,Чехов,Человек в футляре
0.06178099701746911,0.09629314017895185,0.04857264593097571,0.008521516829995739,0.05198125266297401,0.019173412867490414,0.0,0.1695781849169152,0.010225820195994887,0.034086067319982954,0.06646783127396677,0.04345973583297827,0.21772475500639113,0.01533873029399233,0.0,0.1567959096719216,0.0,Чехов,Три года
0.05093632958801498,0.07827715355805244,0.060299625468164794,0.014232209737827715,0.06891385767790262,0.02659176029962547,0.0003745318352059925,0.1696629213483146,0.010861423220973783,0.0348314606741573,0.0647940074906367,0.03220973782771536,0.20936329588014982,0.024719101123595506,0.0,0.15393258426966291,0.0,Чехов,Человек в футляре
0.04709677419354839,0.07290322580645162,0.05290322580645161,0.005806451612903226,0.045806451612903226,0.02,0.003870967741935484,0.17419354838709677,0.01032258064516129,0.04129032258064516,0.05741935483870968,0.03354838709677419,0.2761290322580645,0.016774193548387096,0.0,0.14193548387096774,0.0,Чехов,Человек в футляре
0.0632873425314937,0.09598080383923216,0.052189562087582485,0.016796640671865627,0.05458908218356329,0.03479304139172166,0.00029994001199760045,0.16346730653869226,0.004799040191961607,0.03329334133173365,0.10377924415116976,0.017996400719856028,0.1904619076184763,0.035092981403719255,0.0,0.1331733653269346,0.0,Чехов,Человек в футляре
0.06351183063511831,0.074719800747198,0.05448318804483188,0.00933997509339975,0.052303860523038606,0.03829389788293898,0.0009339975093399751,0.16407222914072228,0.0062266500622665,0.04140722291407223,0.08779576587795766,0.0186799501867995,0.22073474470734744,0.029887920298879204,0.0,0.13636363636363635,0.0012453300124533001,Чехов,Человек в футляре
0.06558798035249928,0.08147934123085813,0.05778676683039584,0.014157757873446981,0.056631031493787926,0.03380525859578157,0.0017336030049118752,0.15024559375902918,0.0066454781854955215,0.049407685639988444,0.0846576134065299,0.02802658191274198,0.21612250794568044,0.02195897139555042,0.0002889338341519792,0.13088702687084658,0.0005778676683039584,Чехов,Человек в футляре
0.048418024928092045,0.07813998082454458,0.055129434324065196,0.004793863854266539,0.06040268456375839,0.01821668264621285,0.0,0.19511025886864813,0.005752636625119847,0.02348993288590604,0.07478427612655801,0.023969319271332695,0.2348993288590604,0.019654841802492808,0.0,0.15723873441994246,0.0,Чехов,Человек в футляре
0.04198473282442748,0.07251908396946564,0.04198473282442748,0.0030534351145038168,0.04045801526717557,0.01984732824427481,0.0053435114503816794,0.18473282442748093,0.007633587786259542,0.050381679389312976,0.05114503816793893,0.035114503816793895,0.2961832061068702,0.013740458015267175,0.0,0.13587786259541984,0.0,Чехов,Человек в футляре
0.06647605432451752,0.07505360972122944,0.0407433881343817,0.007862759113652609,0.03359542530378842,0.03002144388849178,0.006433166547533953,0.16869192280200143,0.005003573981415297,0.030736240171551108,0.08791994281629735,0.032880629020729094,0.24731951393852752,0.017155110793423873,0.0,0.14939242315939957,0.0007147962830593281,Чехов,Человек в футляре
0.06417339566510838,0.09349766255843604,0.044623884402889925,0.006799830004249894,0.055248618784530384,0.03102422439439014,0.0012749681257968552,0.19592010199745005,0.010199745006374841,0.03994900127496812,0.0786230344241394,0.027624309392265192,0.20314492137696558,0.021249468763280918,0.0008499787505312367,0.1249468763280918,0.0008499787505312367,Чехов,Человек в футляре
0.048284625158831,0.07052096569250317,0.05146124523506988,0.005717916137229987,0.040025412960609914,0.019695044472681066,0.0038119440914866584,0.16836086404066072,0.010800508259212199,0.040025412960609914,0.062261753494282084,0.03621346886912325,0.2731893265565438,0.01588310038119441,0.0,0.15374841168996187,0.0,Чехов,Человек в футляре
0.06037388905914802,0.08673000306466441,0.05332516089488201,0.010726325467361323,0.06466441924609255,0.0330983757278578,0.0018387986515476554,0.18449279803861476,0.008581060373889058,0.03463070793748085,0.0763101440392277,0.018081520073551946,0.20901011339258352,0.021759117376647256,0.0,0.1357646337726019,0.0006129328838492185,Чехов,Человек в футляре
0.04663991975927784,0.07422266800401203,0.06369107321965897,0.00802407221664995,0.05315947843530592,0.027582748244734202,0.0005015045135406219,0.14994984954864593,0.009027081243731194,0.033600802407221665,0.07823470411233702,0.05315947843530592,0.23119358074222668,0.02106318956870612,0.0005015045135406219,0.14944834503510532,0.0,Чехов,Человек в футляре
0.0654988575780655,0.09634424980959634,0.06626047220106626,0.011043412033511044,0.056740289413556744,0.020182787509520184,0.0007616146230007616,0.16527037319116528,0.009900990099009901,0.031226199543031227,0.07501904036557502,0.031607006854531605,0.21363290175171362,0.0178979436405179,0.0,0.13823305407463823,0.0003808073115003808,Чехов,Человек в футляре
0.05126694166175604,0.07365939893930465,0.05008839127872716,0.0011785503830288745,0.04478491455509723,0.027106658809664112,0.0011785503830288745,0.1626399528579847,0.004714201532115498,0.052445492044784915,0.07542722451384797,0.02121390689451974,0.26340601060695346,0.020035356511490868,0.0,0.1502651738361815,0.0005892751915144372,Чехов,Человек в футляре
0.0514595245260307,0.09780318988865483,0.06470057177249473,0.011134517002708396,0.06530243755642491,0.026482094492928078,0.0003009328919650918,0.17694854047547398,0.0072223894071622025,0.03159795365633464,0.08516400842612097,0.021667168221486607,0.193499849533554,0.02858862473668372,0.0,0.13812819741197713,0.0,Чехов,Человек в футляре
0.04248210023866349,0.07255369928400955,0.05250596658711217,0.0019093078758949881,0.06300715990453461,0.014797136038186158,0.0,0.20143198090692124,0.00477326968973747,0.025775656324582338,0.07064439140811456,0.020047732696897375,0.22911694510739858,0.020047732696897375,0.0,0.18090692124105012,0.0,Чехов,Человек в футляре
0.05939562348037513,0.08162556443209448,0.07016325112886419,0.009725599166377214,0.05071205279610976,0.02535602639805488,0.0006946856547412296,0.15109412990621743,0.006599513720041681,0.0305661688086141,0.08127822160472387,0.043765196248697465,0.22368878082667593,0.020145883987495658,0.0,0.1431052448766933,0.0020840569642236887,Чехов,Человек в футляре
0.038926174496644296,0.0697986577181208,0.04899328859060403,0.004697986577181208,0.03959731543624161,0.020134228187919462,0.0020134228187919465,0.1644295302013423,0.005369127516778523,0.0476510067114094,0.07516778523489932,0.028859060402684565,0.27248322147651005,0.014093959731543624,0.0,0.16778523489932887,0.0,Чехов,Человек в футляре
0.061708860759493674,0.08987341772151898,0.05981012658227848,0.009177215189873418,0.05126582278481013,0.03164556962025317,0.0009493670886075949,0.15126582278481013,0.008860759493670886,0.029746835443037974,0.09841772151898734,0.024050632911392405,0.2110759493670886,0.03259493670886076,0.0,0.13765822784810128,0.0018987341772151898,Чехов,Человек в футляре
0.06425871482570349,0.08441831163376733,0.05879882402351953,0.009659806803863923,0.06761864762704746,0.028559428811423773,0.00041999160016799666,0.1768164636707266,0.013019739605207897,0.030239395212095756,0.08273834523309534,0.02393952120957581,0.20243595128097439,0.019319613607727847,0.0,0.1377572448551029,0.0,Чехов,Человек в футляре
0.05802047781569966,0.07470610542282898,0.06067500948047023,0.012514220705346985,0.05536594615092909,0.04209328782707622,0.0,0.1744406522563519,0.009101251422070534,0.03905953735305271,0.09442548350398179,0.0034129692832764505,0.19491846795601062,0.02882062950322336,0.0,0.1520667425104285,0.0003792188092529389,Чехов,Человек в футляре
0.050775193798449615,0.08255813953488372,0.06472868217054263,0.014728682170542635,0.05813953488372093,0.022868217054263566,0.0,0.16666666666666666,0.010852713178294573,0.03837209302325582,0.07093023255813953,0.03798449612403101,0.20271317829457364,0.02441860465116279,0.0,0.15426356589147286,0.0,Чехов,Человек в футляре
0.04599922690374952,0.08658678005411674,0.06416698879010437,0.006184770003865481,0.06841901816776189,0.024739080015461924,0.0011596443757247777,0.19675299574797062,0.006957866254348666,0.02435253189022033,0.06416698879010437,0.03362968689601856,0.18940858136838037,0.015461925009663703,0.0,0.1720139157325087,0.0,Чехов,Человек в футляре
0.0475511174512601,0.07608178792201617,0.053732762719923916,0.0023775558725630053,0.06419400855920114,0.012838801711840228,0.0,0.20399429386590584,0.005706134094151213,0.02234902520209225,0.06466951973371374,0.020446980504041846,0.2287208749405611,0.019971469329529243,0.0,0.1773656680932002,0.0,Чехов,Человек в футляре
0.06965761511216056,0.08185753640299095,0.049586776859504134,0.003148366784730421,0.06572215663124754,0.023219205037386857,0.0007870916961826052,0.2097599370326643,0.008658008658008658,0.03463203463203463,0.059818968909878,0.023219205037386857,0.19716646989374262,0.02243211334120425,0.0,0.1503345139708776,0.0,Чехов,Человек в футляре
0.06173842404549147,0.08367181153533712,0.06661251015434606,0.00934199837530463,0.054427294882209584,0.041023558082859464,0.00040617384240454913,0.1510966693744923,0.006904955320877335,0.04021121039805037,0.10926076360682373,0.016246953696181964,0.19780666125101543,0.025995125913891144,0.0,0.13444354183590576,0.0008123476848090983,Чехов,Человек в футляре
0.05432098765432099,0.08395061728395062,0.06131687242798354,0.01440329218106996,0.05102880658436214,0.02139917695473251,0.0,0.17119341563786009,0.00905349794238683,0.0411522633744856,0.07160493827160494,0.043621399176954734,0.20246913580246914,0.02263374485596708,0.0,0.15185185185185185,0.0,Чехов,Человек в футляре
0.05571227080394922,0.0768688293370945,0.05571227080394922,0.004936530324400564,0.04019746121297602,0.023977433004231313,0.004936530324400564,0.16784203102961917,0.003526093088857546,0.047954866008462625,0.06417489421720733,0.02538787023977433,0.28067700987306066,0.014104372355430184,0.0007052186177715092,0.13328631875881522,0.0,Чехов,Человек в футляре
0.05107913669064748,0.08920863309352518,0.052158273381294966,0.007913669064748202,0.05935251798561151,0.019424460431654675,0.0007194244604316547,0.1460431654676259,0.006834532374100719,0.031294964028776975,0.10467625899280575,0.029136690647482016,0.20179856115107914,0.03201438848920863,0.0,0.16762589928057553,0.0007194244604316547,Чехов,Человек в футляре
0.05980776076895693,0.07796368814524741,0.06479174083303667,0.011391954432182272,0.04983980064079744,0.032395870416518334,0.000355998576005696,0.14382342470630116,0.011035955856176576,0.03631185475258099,0.10323958704165183,0.025631897472410112,0.2132431470274119,0.02385190459238163,0.0,0.14631541473834106,0.0,Чехов,Три года
0.050836120401337795,0.06755852842809365,0.05351170568561873,0.005351170568561873,0.03745819397993311,0.018729096989966554,0.004013377926421404,0.16321070234113713,0.010033444816053512,0.04147157190635452,0.06287625418060201,0.03678929765886288,0.2782608695652174,0.016722408026755852,0.0,0.1531772575250836,0.0,Чехов,Человек в футляре
0.047436878347360364,0.08186687069625095,0.058530986993114,0.010328997704667177,0.05470543228768172,0.032517214996174444,0.0007651109410864575,0.1465187452180566,0.00612088752869166,0.03710788064269319,0.10673297628156082,0.030221882172915073,0.21231828615149195,0.022953328232593728,0.0,0.15187452180566183,0.0,Чехов,Три года
0.06152584085315833,0.08859721082854799,0.05578342904019688,0.009844134536505332,0.05332239540607055,0.019688269073010665,0.002050861361771944,0.16447908121410992,0.007383100902378999,0.030762920426579164,0.09105824446267433,0.03855619360131255,0.2136997538966366,0.01763740771123872,0.0,0.14520098441345364,0.00041017227235438887,Чехов,Человек в футляре
0.07371900826446282,0.07900826446280992,0.06181818181818182,0.013223140495867768,0.05024793388429752,0.02347107438016529,0.0,0.1606611570247934,0.009586776859504133,0.03471074380165289,0.07636363636363637,0.0171900826446281,0.24760330578512396,0.01652892561983471,0.0,0.13388429752066117,0.0019834710743801653,Чехов,Случай из практики
0.047961630695443645,0.08952837729816147,0.0495603517186251,0.01079136690647482,0.060751398880895285,0.029176658673061552,0.0003996802557953637,0.15387689848121502,0.005995203836930456,0.03557154276578737,0.11031175059952038,0.026778577138289367,0.20783373301358912,0.018784972022382093,0.0,0.15267785771382894,0.0,Чехов,Три года
0.053551912568306013,0.07832422586520947,0.06557377049180328,0.01238615664845173,0.055373406193078324,0.022222222222222223,0.0014571948998178506,0.15664845173041894,0.010200364298724954,0.04371584699453552,0.07613843351548269,0.029508196721311476,0.22586520947176686,0.02695810564663024,0.0,0.14207650273224043,0.0,Чехов,Человек в футляре
0.04934359438660027,0.0851063829787234,0.05296514259846084,0.013580805794477138,0.057039384336803986,0.020371208691715707,0.0004526935264825713,0.1484834766862834,0.007243096423721141,0.04526935264825713,0.10230873698506111,0.02444545043005885,0.22498868266183794,0.017202354006337708,0.0,0.1511996378451788,0.0,Чехов,Три года
0.053610503282275714,0.08205689277899343,0.060175054704595186,0.007658643326039387,0.044857768052516414,0.02516411378555799,0.0010940919037199124,0.16630196936542668,0.007111597374179431,0.04157549234135667,0.07494529540481401,0.022975929978118162,0.23577680525164113,0.023522975929978117,0.0,0.15317286652078774,0.0,Чехов,Человек в футляре
0.07767913760304375,0.08528852251109702,0.0554850982878884,0.008243500317057704,0.049778059606848446,0.04185161699429296,0.0003170577045022194,0.18991756499682944,0.011414077362079899,0.030754597336715282,0.09131261889663919,0.014267596702599873,0.1911857958148383,0.029169308814204185,0.0,0.12333544705136334,0.0,Чехов,Человек в футляре
0.05854483925549915,0.083248730964467,0.06869712351945854,0.01116751269035533,0.049407783417935704,0.026395939086294416,0.00033840947546531303,0.16412859560067683,0.006429780033840948,0.02774957698815567,0.0856175972927242,0.02910321489001692,0.21218274111675126,0.026057529610829102,0.0,0.1485617597292724,0.0023688663282571912,Чехов,Человек в футляре
0.05555555555555555,0.08278867102396514,0.054466230936819175,0.007625272331154684,0.04357298474945534,0.02559912854030501,0.0005446623093681918,0.16394335511982572,0.007625272331154684,0.04302832244008715,0.0789760348583878,0.027233115468409588,0.23965141612200436,0.021241830065359478,0.0,0.14814814814814814,0.0,Чехов,Человек в футляре
0.058759521218716,0.083424011606819,0.06782734856728329,0.011606819006166122,0.05150525933986217,0.02176278563656148,0.001088139281828074,0.15451577801958652,0.007616974972796518,0.030830612985128764,0.08560029017047516,0.03627130939426913,0.225607544432354,0.01632208922742111,0.0003627130939426913,0.14689880304678998,0.0,Чехов,Человек в футляре
0.07151162790697674,0.08982558139534884,0.06017441860465116,0.014244186046511629,0.06308139534883721,0.023837209302325583,0.00029069767441860465,0.1677325581395349,0.006395348837209302,0.0375,0.07936046511627907,0.023255813953488372,0.19738372093023257,0.032848837209302324,0.0,0.1325581395348837,0.0,Чехов,Человек в футляре
0.05086705202312139,0.07572254335260116,0.04971098265895954,0.0017341040462427746,0.041040462427745665,0.03526011560693642,0.0011560693641618498,0.16416184971098266,0.004046242774566474,0.050289017341040465,0.07976878612716763,0.021965317919075144,0.2549132947976879,0.020809248554913295,0.0,0.1485549132947977,0.0,Чехов,Человек в футляре
0.06773211567732115,0.08942161339421613,0.0532724505327245,0.011035007610350075,0.06582952815829528,0.030441400304414,0.0,0.18226788432267885,0.013318112633181126,0.033866057838660577,0.07876712328767123,0.0289193302891933,0.1917808219178082,0.0213089802130898,0.0,0.13203957382039574,0.0,Чехов,Человек в футляре
0.05909250791417517,0.08371438621174815,0.06929300035174112,0.015828350334154064,0.0457263454097784,0.03095321843123461,0.0,0.13577207175518818,0.007738304607808653,0.03869152303904327,0.1160745691171298,0.019345761519521634,0.2124516355962012,0.024973619416109743,0.0,0.14034470629616602,0.0,Чехов,Три года
0.06739526411657559,0.073224043715847,0.08123861566484518,0.01347905282331512,0.05209471766848816,0.024408014571948997,0.00036429872495446266,0.1355191256830601,0.010564663023679418,0.03934426229508197,0.07686703096539162,0.03132969034608379,0.2284153005464481,0.027686703096539162,0.0,0.13806921675774134,0.0,Чехов,Человек в футляре
0.05691768826619965,0.09369527145359019,0.0521015761821366,0.010507880910683012,0.05560420315236427,0.021891418563922942,0.00043782837127845885,0.16330998248686515,0.010507880910683012,0.03677758318739054,0.07924693520140105,0.03809106830122592,0.21891418563922943,0.012697022767075307,0.0,0.14929947460595447,0.0,Чехов,Три года
0.06008064516129032,0.07943548387096774,0.06088709677419355,0.005241935483870968,0.045564516129032256,0.03306451612903226,0.0012096774193548388,0.15766129032258064,0.0068548387096774195,0.039112903225806454,0.10161290322580645,0.013306451612903225,0.2161290322580645,0.02338709677419355,0.0,0.15645161290322582,0.0,Чехов,Человек в футляре
0.04802631578947368,0.05131578947368421,0.05263157894736842,0.005263157894736842,0.042105263157894736,0.02236842105263158,0.003947368421052632,0.14605263157894738,0.007236842105263158,0.05526315789473684,0.07894736842105263,0.024342105263157894,0.2730263157894737,0.02236842105263158,0.0,0.16710526315789473,0.0,Чехов,Человек в футляре
0.04777992277992278,0.07287644787644787,0.05694980694980695,0.003861003861003861,0.0637065637065637,0.01447876447876448,0.0,0.19401544401544402,0.005791505791505791,0.021235521235521235,0.07094594594594594,0.022683397683397683,0.23696911196911197,0.02027027027027027,0.0,0.16843629343629343,0.0,Чехов,Человек в футляре
0.05866228070175439,0.0805921052631579,0.04057017543859649,0.004934210526315789,0.047697368421052634,0.029605263157894735,0.0005482456140350877,0.20394736842105263,0.010964912280701754,0.03399122807017544,0.05592105263157895,0.03508771929824561,0.23355263157894737,0.015899122807017545,0.0,0.14802631578947367,0.0,Чехов,Человек в футляре
0.05129310344827586,0.08017241379310344,0.060775862068965514,0.005603448275862069,0.04655172413793104,0.03103448275862069,0.001293103448275862,0.1581896551724138,0.00603448275862069,0.040948275862068964,0.1021551724137931,0.013362068965517242,0.2185344827586207,0.021120689655172414,0.0,0.1629310344827586,0.0,Чехов,Человек в футляре
0.05290697674418605,0.06511627906976744,0.04186046511627907,0.0029069767441860465,0.03604651162790698,0.04186046511627907,0.0005813953488372093,0.17732558139534885,0.005232558139534884,0.04825581395348837,0.07209302325581396,0.020930232558139535,0.2616279069767442,0.020348837209302327,0.0,0.15290697674418605,0.0,Чехов,Человек в футляре
0.05330296127562642,0.08109339407744874,0.05148063781321185,0.01457858769931663,0.05148063781321185,0.023234624145785875,0.00045558086560364467,0.14259681093394078,0.00683371298405467,0.04236902050113895,0.11753986332574032,0.024145785876993165,0.2214123006833713,0.018223234624145785,0.0,0.15079726651480638,0.00045558086560364467,Чехов,Три года
0.06406112253893623,0.0952101087275933,0.06259183073758448,0.01998236849838378,0.053776079929473995,0.03702615339406406,0.0002938583602703497,0.15163091389950045,0.007934175727299441,0.03349985307081987,0.11254775198354393,0.013811342932706435,0.18424919188950925,0.033793711431090216,0.0,0.1295915368792242,0.0,Чехов,О любви
0.04752396166134185,0.08865814696485623,0.04912140575079872,0.010782747603833865,0.060303514376996804,0.029952076677316294,0.00039936102236421724,0.15615015974440893,0.0059904153354632585,0.03634185303514377,0.10902555910543131,0.025958466453674122,0.2084664536741214,0.018769968051118212,0.0,0.152555910543131,0.0,Чехов,Три года
0.053585196607555896,0.08558211256746338,0.0597532767925983,0.00963762528912876,0.05397070161912105,0.026214340786430222,0.00038550501156515033,0.14417887432536622,0.005782575173477255,0.03700848111025443,0.11719352351580571,0.015034695451040863,0.2151117964533539,0.025443330763299923,0.0,0.15111796453353893,0.0,Чехов,Три года
0.054771784232365145,0.087551867219917,0.06431535269709543,0.007468879668049793,0.06514522821576764,0.022406639004149378,0.0016597510373443983,0.1904564315352697,0.007053941908713693,0.026141078838174275,0.06970954356846473,0.025311203319502075,0.1966804979253112,0.012863070539419087,0.0,0.16846473029045644,0.0,Чехов,Человек в футляре
0.05731577073691705,0.08828764684941261,0.051619793520825914,0.014951940192239232,0.060519757920968316,0.032395870416518334,0.0,0.16447134211463155,0.007831968672125312,0.0355998576005696,0.09576361694553222,0.024563901744393022,0.19793520825916697,0.019223923104307584,0.0,0.1495194019223923,0.0,Чехов,Три года
0.0659966499162479,0.0830820770519263,0.06867671691792294,0.010720268006700168,0.05159128978224456,0.023785594639865997,0.0006700167504187605,0.15644891122278057,0.007035175879396985,0.030485762144053602,0.07504187604690117,0.04053601340033501,0.22445561139028475,0.020435510887772193,0.00033500837520938025,0.13869346733668342,0.0020100502512562816,Чехов,Человек в футляре
0.06747860434496379,0.08755760368663594,0.06221198156682028,0.007570770243581304,0.06287030941408822,0.02402896642527979,0.0013166556945358788,0.19848584595128374,0.01020408163265306,0.03818301514154049,0.06352863726135616,0.028308097432521395,0.18729427254772876,0.029295589203423306,0.0,0.1316655694535879,0.0,Чехов,Человек в футляре
0.0626590330788804,0.08969465648854962,0.061068702290076333,0.009541984732824428,0.051208651399491094,0.030852417302798984,0.0009541984732824427,0.15139949109414758,0.00826972010178117,0.028944020356234095,0.10019083969465649,0.024491094147582698,0.20960559796437658,0.03148854961832061,0.0,0.13772264631043257,0.0019083969465648854,Чехов,Человек в футляре
0.05969021533811863,0.08991310918020401,0.04797884397431054,0.00680015111446921,0.062334718549301095,0.019644880997355497,0.0011333585190782018,0.14582546278806197,0.007555723460521345,0.03362296939931998,0.10578012844729882,0.03135625236116358,0.20211560256894598,0.03060068001511145,0.0,0.1556479032867397,0.0,Чехов,Человек в футляре
0.045636509207365894,0.07606084867894315,0.06164931945556445,0.014411529223378704,0.0688550840672538,0.02602081665332266,0.00040032025620496394,0.16973578863090472,0.010808646917534028,0.03722978382706165,0.06365092073658928,0.027622097678142513,0.21737389911929544,0.023618895116092876,0.0,0.15692554043234588,0.0,Чехов,Человек в футляре
0.04925053533190578,0.06995003568879372,0.052105638829407566,0.005710206995003569,0.042826552462526764,0.022840827980014276,0.0028551034975017845,0.17558886509635974,0.009279086366880799,0.047109207708779445,0.05852962169878658,0.032119914346895075,0.28551034975017847,0.017130620985010708,0.0,0.12919343326195576,0.0,Чехов,Человек в футляре
0.07219759341355288,0.08866371120962635,0.06618112729575681,0.015832805573147563,0.05668144395186827,0.02058264724509183,0.0,0.14661177960734642,0.006333122229259025,0.03673210892970234,0.09499683343888538,0.02089930335655478,0.20962634578847372,0.024382520582647244,0.0,0.13996200126662445,0.00031665611146295124,Чехов,Человек в футляре
0.05539568345323741,0.08345323741007195,0.06762589928057554,0.010071942446043165,0.057194244604316546,0.022302158273381296,0.00035971223021582735,0.13597122302158274,0.008633093525179856,0.0341726618705036,0.09244604316546763,0.03093525179856115,0.21223021582733814,0.027697841726618704,0.0,0.16151079136690646,0.0,Чехов,Три года
0.053830227743271224,0.08157349896480331,0.06169772256728778,0.012836438923395446,0.06459627329192547,0.02525879917184265,0.00041407867494824016,0.16935817805383022,0.004554865424430642,0.038923395445134575,0.07370600414078675,0.03975155279503106,0.18302277432712216,0.02236024844720497,0.0,0.1681159420289855,0.0,Чехов,Человек в футляре
0.06485671191553545,0.0942684766214178,0.05392156862745098,0.00942684766214178,0.05279034690799397,0.021870286576168928,0.0007541478129713424,0.16779788838612367,0.010558069381598794,0.03506787330316742,0.06975867269984917,0.04110105580693816,0.21153846153846154,0.021116138763197588,0.0,0.14517345399698342,0.0,Чехов,Три года
0.04035874439461883,0.07623318385650224,0.057014734144778985,0.007046764894298526,0.04356181934657271,0.020499679692504803,0.0012812299807815502,0.19538757206918642,0.009609224855861628,0.037155669442664956,0.051889814221652786,0.016655989750160152,0.27418321588725175,0.012812299807815503,0.0,0.15566944266495836,0.0006406149903907751,Чехов,Человек в футляре
0.04548494983277592,0.07157190635451505,0.04882943143812709,0.005351170568561873,0.04080267558528428,0.02073578595317726,0.0013377926421404682,0.17926421404682275,0.007357859531772575,0.04280936454849498,0.06755852842809365,0.02274247491638796,0.27224080267558526,0.01471571906354515,0.0,0.15852842809364548,0.0006688963210702341,Чехов,Человек в футляре
0.06030150753768844,0.09179229480737018,0.07303182579564489,0.010720268006700168,0.05460636515912898,0.020770519262981575,0.0023450586264656616,0.15845896147403685,0.009045226130653266,0.031825795644891124,0.08743718592964825,0.02512562814070352,0.21139028475711893,0.021105527638190954,0.0,0.14204355108877723,0.0,Чехов,Человек в футляре
0.06274007682458387,0.09058898847631242,0.06081946222791293,0.008962868117797696,0.05057618437900128,0.030729833546734954,0.0009603072983354673,0.15044814340588988,0.008962868117797696,0.02976952624839949,0.09923175416133162,0.022727272727272728,0.2119078104993598,0.03169014084507042,0.0,0.1382842509603073,0.0016005121638924455,Чехов,Человек в футляре
0.059472934472934474,0.07834757834757834,0.06374643874643875,0.011396011396011397,0.0495014245014245,0.03205128205128205,0.00035612535612535614,0.14387464387464388,0.01103988603988604,0.03632478632478633,0.10327635327635327,0.026709401709401708,0.21367521367521367,0.02386039886039886,0.0,0.14636752136752137,0.0,Чехов,Три года
0.050059594755661505,0.07210965435041716,0.050059594755661505,0.0011918951132300357,0.04410011918951132,0.02800953516090584,0.0011918951132300357,0.16150178784266986,0.004171632896305125,0.05303933253873659,0.07568533969010727,0.021454112038140644,0.26519666269368297,0.02026221692491061,0.0,0.15137067938021453,0.0005959475566150178,Чехов,Человек в футляре
0.06436781609195402,0.08103448275862069,0.047126436781609195,0.005747126436781609,0.04597701149425287,0.03505747126436782,0.0005747126436781609,0.19712643678160918,0.011494252873563218,0.032758620689655175,0.05344827586206897,0.031609195402298854,0.23505747126436782,0.013793103448275862,0.0,0.14482758620689656,0.0,Чехов,Человек в футляре
0.06396761133603239,0.08663967611336032,0.05344129554655871,0.010121457489878543,0.05425101214574899,0.020242914979757085,0.0020242914979757085,0.16558704453441295,0.006882591093117409,0.032388663967611336,0.09190283400809716,0.03724696356275304,0.21214574898785424,0.017408906882591092,0.0,0.14534412955465587,0.0004048582995951417,Чехов,Человек в футляре
0.08146705615060046,0.07887049659201557,0.0519311911716975,0.009737098344693282,0.05128205128205128,0.04349237260629666,0.0003245699448231094,0.19279454722492698,0.010710808179162609,0.030834144758195393,0.0899058747160013,0.013956507627393703,0.189873417721519,0.028237585199610515,0.0,0.12658227848101267,0.0,Чехов,Человек в футляре
0.060167910447761194,0.07042910447761194,0.07182835820895522,0.008395522388059701,0.052705223880597014,0.03311567164179104,0.0004664179104477612,0.1394589552238806,0.0065298507462686565,0.0480410447761194,0.11287313432835822,0.014925373134328358,0.208955223880597,0.028917910447761194,0.0,0.14225746268656717,0.0009328358208955224,Чехов,Человек в футляре
0.05567300916138125,0.09090909090909091,0.04792107117688513,0.014446793516560958,0.06272022551092318,0.03206483439041578,0.0,0.17054263565891473,0.0066948555320648345,0.03770260747004933,0.09478505990133897,0.024312896405919663,0.19661733615221988,0.0200845665961945,0.0,0.14552501761804087,0.0,Чехов,Три года
0.05908776779543884,0.08638562543192813,0.057014512785072566,0.008638562543192813,0.055286800276434005,0.023496890117484452,0.0003455425017277125,0.14685556323427781,0.0065653075328265375,0.035245335176226675,0.10055286800276433,0.03282653766413269,0.20697995853489978,0.028334485141672427,0.0,0.15065653075328264,0.0017277125086385626,Чехов,Человек в футляре
0.06434155141310884,0.09530968129885749,0.06253758268190018,0.01984365604329525,0.054419723391461214,0.03698135898977751,0.0003006614552014432,0.15063138905592302,0.007817197835237523,0.03397474443776308,0.11184606133493687,0.013830426939266387,0.18400481058328322,0.03397474443776308,0.0,0.1301864101022249,0.0,Чехов,О любви
0.05255023183925812,0.0571870170015456,0.05667181865018032,0.010819165378670788,0.05667181865018032,0.02627511591962906,0.0015455950540958269,0.145801133436373,0.004121586810922205,0.0592478104070067,0.09015971148892324,0.019577537351880475,0.24781040700669757,0.013910355486862442,0.0,0.15765069551777433,0.0,Чехов,Человек в футляре
0.08090939485122033,0.0825810765630224,0.059846205282514206,0.006686726847208292,0.05884319625543297,0.04246071547977265,0.0,0.16649949849548645,0.014376462721497826,0.04379806084921431,0.08191240387830157,0.013039117352056168,0.19692410565028418,0.02540956201939151,0.00033433634236041456,0.12537612838515547,0.0010030090270812437,Чехов,Человек в футляре
0.06171932402645114,0.0775165319617928,0.06245407788390889,0.005510653930933138,0.051800146950771495,0.0440852314474651,0.0,0.14988978692138133,0.011021307861866276,0.03820720058780309,0.1017634092578986,0.020573108008817047,0.21050698016164585,0.025716385011021307,0.0,0.1381337252020573,0.0011021307861866275,Чехов,Человек в футляре
0.05941978329255505,0.08563439356868228,0.0695560992659909,0.015728766165676335,0.04578818594896889,0.029709891646277527,0.0,0.14435512058720726,0.008039147151345682,0.03844809507165327,0.10835372247465921,0.019573575672841664,0.21216357916812303,0.02516602586508214,0.0,0.13806361412093673,0.0,Чехов,Три года
0.05083430345362825,0.08459448971672487,0.06247574699262708,0.014745828482731859,0.05859526581296081,0.023282887077997673,0.0,0.16763678696158324,0.01086534730306558,0.038804811796662786,0.07140085370585952,0.03802871556072953,0.20139697322467986,0.024447031431897557,0.0,0.15289095847885137,0.0,Чехов,Человек в футляре
0.06964596633778293,0.09082994776552525,0.05629715612304121,0.014219384793964016,0.05484619849100406,0.030760301799187463,0.0005803830528148578,0.1784677887405688,0.012478235635519443,0.03859547301218805,0.0824143934997098,0.025536854323853744,0.1836912362159025,0.03163087637840975,0.0,0.1297156123041207,0.0002901915264074289,Чехов,Три года
0.05730027548209366,0.07878787878787878,0.0512396694214876,0.003305785123966942,0.05454545454545454,0.027548209366391185,0.0005509641873278236,0.18457300275482094,0.006060606060606061,0.05068870523415978,0.06556473829201102,0.01046831955922865,0.2440771349862259,0.017079889807162536,0.0,0.14820936639118457,0.0,Чехов,Человек в футляре
0.07767752059631228,0.08866222047861906,0.047861906630051,0.010200078462142017,0.05610043154178109,0.02550019615535504,0.0007846214201647705,0.1730090231463319,0.007061592781482934,0.0372695174578266,0.07414672420557081,0.030207924676343666,0.21224009415457043,0.02785406041584935,0.0007846214201647705,0.1302471557473519,0.00039231071008238524,Чехов,Человек в футляре
0.05563531945441493,0.08255563531945441,0.06855707106963388,0.010768126346015794,0.057430007178750894,0.023330940416367553,0.0003589375448671931,0.1363962670495334,0.008614501076812634,0.03374012921751615,0.09296482412060302,0.03158650394831299,0.21105527638190955,0.027279253409906678,0.0,0.15972720746590094,0.0,Чехов,Три года
0.06646525679758308,0.059415911379657606,0.0689828801611279,0.009566968781470292,0.05236656596173213,0.04380664652567976,0.0015105740181268882,0.14501510574018128,0.00906344410876133,0.050352467270896276,0.09818731117824774,0.0075528700906344415,0.21852970795568982,0.028197381671701913,0.0,0.1404833836858006,0.0005035246727089627,Чехов,Человек в футляре
0.04686318972033258,0.07029478458049887,0.0491307634164777,0.0030234315948601664,0.0400604686318972,0.021164021164021163,0.005291005291005291,0.17762660619803478,0.008314436885865457,0.049886621315192746,0.0582010582010582,0.031746031746031744,0.291005291005291,0.017384731670445956,0.0,0.13000755857898716,0.0,Чехов,Человек в футляре
0.06775300171526587,0.08947970268724986,0.0634648370497427,0.014579759862778732,0.06060606060606061,0.0274442538593482,0.0,0.16323613493424813,0.0065751858204688395,0.03687821612349914,0.08690680388793597,0.022298456260720412,0.1946826758147513,0.029731275014293884,0.0,0.13636363636363635,0.0,Чехов,Человек в футляре
0.062338501291989666,0.08397932816537468,0.05813953488372093,0.014211886304909561,0.05878552971576227,0.031007751937984496,0.001614987080103359,0.1560077519379845,0.007751937984496124,0.044573643410852716,0.08430232558139535,0.029392764857881136,0.21511627906976744,0.0229328165374677,0.00032299741602067185,0.12919896640826872,0.00032299741602067185,Чехов,Человек в футляре
0.05154639175257732,0.08292245629762439,0.059614522635589424,0.011205737337516808,0.05826983415508741,0.02734199910354101,0.00044822949350067237,0.15508740475123264,0.009861048857014791,0.03675481846705513,0.07978484984311968,0.05064993276557597,0.20528910802330794,0.02285970416853429,0.0,0.14836396234872254,0.0,Чехов,Человек в футляре
0.0626018910987936,0.08672970329312031,0.06064558200195631,0.009129442451907402,0.05086403651776981,0.0313009455493968,0.00097815454841865,0.14900554287577436,0.007173133355070101,0.03293120313009455,0.10107597000326052,0.020541245516791654,0.21356374307140527,0.032279100097815455,0.0,0.13955004890772743,0.0016302575806977503,Чехов,Человек в футляре
0.061557276803913576,0.07623318385650224,0.05299633102323685,0.005707297187117815,0.058703628210354665,0.03261312678353037,0.0012229922543823889,0.16673461068079903,0.0077456176110884635,0.05177333876885446,0.09253974724826743,0.008968609865470852,0.21280065226253567,0.02445984508764778,0.0,0.14553607827150428,0.00040766408479412964,Чехов,Человек в футляре
0.049439683586025046,0.07185234014502308,0.05273566249176005,0.005273566249176005,0.04614370468029005,0.02109426499670402,0.0032959789057350032,0.17139090309822017,0.00988793671720501,0.04218852999340804,0.05603164139749506,0.03625576796308504,0.2762030323005933,0.016479894528675015,0.0,0.14172709294660515,0.0,Чехов,Человек в футляре
0.07021151586368977,0.0881316098707403,0.057873090481786134,0.014394829612220916,0.058166862514688604,0.025851938895417155,0.0002937720329024677,0.16304347826086957,0.007931844888366627,0.038777908343125736,0.08490011750881316,0.02408930669800235,0.19829612220916568,0.03260869565217391,0.0,0.1354289071680376,0.0,Чехов,Человек в футляре
0.07065527065527065,0.09173789173789174,0.0547008547008547,0.011396011396011397,0.06695156695156695,0.02621082621082621,0.0002849002849002849,0.17207977207977207,0.007692307692307693,0.031054131054131053,0.08262108262108261,0.023931623931623933,0.19544159544159545,0.030484330484330486,0.0,0.13475783475783476,0.0,Чехов,Человек в футляре
0.06827309236947791,0.07411464037970063,0.08141657539247901,0.013873676524278934,0.05074844833880979,0.023731288791529755,0.0003650967506389193,0.13654618473895583,0.01058780576852866,0.038335158817086525,0.07849580138736766,0.031033223804308143,0.22782037239868566,0.02701715954728003,0.0,0.1376414749908726,0.0,Чехов,Человек в футляре
0.056753688989784334,0.07037457434733257,0.06072644721906924,0.009648127128263337,0.04597048808172531,0.023269012485811577,0.0011350737797956867,0.15493757094211125,0.013053348467650397,0.04370034052213394,0.06696935300794551,0.028376844494892167,0.25312145289443816,0.009648127128263337,0.0,0.159477866061294,0.0028376844494892167,Чехов,Человек в футляре
0.06858281161070005,0.10045532157085942,0.06516789982925442,0.007398975526465566,0.05492316448491747,0.026465566306203756,0.0002845759817871372,0.17046101309049516,0.01109846328969835,0.027603870233352305,0.08679567444507684,0.024473534433693798,0.19265793966989186,0.024758110415480934,0.0,0.1377347751849744,0.0011383039271485487,Чехов,Человек в футляре
0.06135729779981407,0.08645801053610164,0.05453982026650139,0.009916330957545709,0.0644561512240471,0.02943910753021382,0.0012395413696932136,0.18964982956306167,0.011155872327238922,0.03470715835140998,0.06228695382708398,0.024480942051440968,0.21815928106600557,0.020142547257514718,0.0,0.13139138518748064,0.0006197706848466068,Чехов,Человек в футляре
0.05255082470272344,0.09167625623321826,0.06329113924050633,0.00728807057920982,0.06175680859225163,0.02109704641350211,0.0023014959723820483,0.18910625239739165,0.00805523590333717,0.02608362102032988,0.07364787111622555,0.021480629075565784,0.19792865362485615,0.018411967779056387,0.0,0.1653241273494438,0.0,Чехов,Человек в футляре
0.047872340425531915,0.07405891980360066,0.05360065466448445,0.004909983633387889,0.06260229132569559,0.017594108019639936,0.0,0.18739770867430441,0.0057283142389525366,0.031096563011456628,0.0765139116202946,0.01718494271685761,0.2225859247135843,0.020049099836333878,0.0,0.1788052373158756,0.0,Чехов,Человек в футляре
0.05931356214595135,0.08163945351549484,0.06864378540486504,0.011329556814395202,0.049983338887037654,0.024991669443518827,0.0003332222592469177,0.157947350883039,0.006331222925691436,0.028323892035988004,0.08597134288570477,0.031322892369210265,0.21792735754748419,0.024991669443518827,0.0,0.1486171276241253,0.0023325558147284237,Чехов,Человек в футляре
0.05455537370430987,0.06437534097108565,0.05837424986361157,0.009274413529732678,0.058919803600654665,0.02564102564102564,0.0005455537370430987,0.14566284779050737,0.004909983633387889,0.033278777959629025,0.07419530823786143,0.05182760501909438,0.24113475177304963,0.023458810692853247,0.0005455537370430987,0.15330060010911076,0.0,Чехов,Человек в футляре
0.04993128721942281,0.08337150710032067,0.04351809436555199,0.009161704076958314,0.05451213925790197,0.03435639028859368,0.001374255611543747,0.152084287677508,0.004580852038479157,0.03985341273476867,0.11314704535043518,0.027943197434722858,0.2217132386623912,0.016491067338524967,0.0,0.14796152084287678,0.0,Чехов,Три года
0.054589567327133035,0.08693894055802669,0.06267691063485645,0.011726647796198949,0.06712494945410433,0.02547513141932875,0.0,0.18641326324302468,0.00606550748079256,0.028305701577031946,0.06267691063485645,0.042458552365547915,0.1750909826122119,0.021431459765467044,0.0,0.16902547513141933,0.0,Чехов,Человек в футляре
0.06357185097575399,0.09461856889414548,0.05499704316972206,0.01744529863985807,0.05499704316972206,0.03429923122412774,0.00029568302779420464,0.15641632170313424,0.0056179775280898875,0.03400354819633353,0.10999408633944412,0.016262566528681254,0.19130691898285038,0.03489059727971614,0.0,0.13128326434062684,0.0,Чехов,Человек в футляре
0.05841584158415842,0.10165016501650165,0.058745874587458745,0.011221122112211221,0.0594059405940594,0.026072607260726074,0.0,0.18151815181518152,0.006930693069306931,0.028712871287128714,0.08613861386138613,0.02277227722772277,0.19603960396039605,0.030033003300330034,0.0,0.13234323432343234,0.0,Чехов,Человек в футляре
0.06464088397790055,0.0919889502762431,0.054972375690607735,0.008287292817679558,0.06629834254143646,0.027900552486187846,0.00027624309392265195,0.1803867403314917,0.0071823204419889505,0.028729281767955802,0.08453038674033149,0.019060773480662985,0.1983425414364641,0.027900552486187846,0.0,0.13950276243093923,0.0,Чехов,Человек в футляре
0.05838601710673113,0.09036816660468576,0.05392339159538862,0.008925251022685012,0.06210487169951655,0.027519523986612122,0.0,0.16251394570472294,0.015247303830420231,0.03681666046857568,0.08069914466344366,0.049460766084046114,0.17999256229081442,0.024544440312383786,0.0,0.14949795462997398,0.0,Чехов,Человек в футляре
0.05023183925811438,0.0865533230293663,0.0571870170015456,0.010046367851622875,0.05525502318392581,0.03207109737248841,0.0007727975270479134,0.14412673879443585,0.005795981452859351,0.03400309119010819,0.10973724884080371,0.03168469860896445,0.21136012364760431,0.02125193199381762,0.0,0.14992272024729522,0.0,Чехов,Три года
0.08177720540888603,0.0849967804249839,0.05698647778493239,0.007405022537025113,0.05280103026400515,0.04410817772054089,0.0003219575016097875,0.18931101094655506,0.010946555054732776,0.030585962652929812,0.09207984546039923,0.009980682549903412,0.1854475209272376,0.03251770766258854,0.0,0.12073406310367031,0.0,Чехов,Человек в футляре
0.05777601899485556,0.08112386228729719,0.05777601899485556,0.010288880094974277,0.05500593589236249,0.02374356944994064,0.0003957261574990107,0.15037593984962405,0.0051444400474871385,0.038781163434903045,0.08824693312227938,0.037989711119905026,0.21923229125445193,0.027305104867431738,0.0,0.1444400474871389,0.002374356944994064,Чехов,Человек в футляре
0.05664306538942107,0.08663057059558517,0.059558517284464804,0.009162848812994586,0.0558100791336943,0.030403998334027488,0.00041649312786339027,0.16368179925031237,0.013744273219491879,0.037067888379841735,0.07871720116618076,0.04789670970428988,0.19491878384006664,0.02082465639316951,0.0,0.1445231153685964,0.0,Чехов,Человек в футляре
0.05570409982174688,0.08021390374331551,0.06016042780748663,0.014705882352941176,0.05258467023172905,0.019162210338680926,0.000445632798573975,0.14037433155080214,0.0071301247771836,0.04188948306595366,0.11497326203208556,0.02406417112299465,0.2179144385026738,0.0196078431372549,0.0,0.15062388591800357,0.000445632798573975,Чехов,Три года
0.07458686913800804,0.06610093791871371,0.047342563644484144,0.006252791424743189,0.05582849486377847,0.0321572130415364,0.0013398838767306833,0.19874944171505135,0.009379187137114784,0.04376953997320232,0.07324698526127736,0.00982581509602501,0.2188476998660116,0.026351049575703438,0.0,0.13622152746761948,0.0,Чехов,Человек в футляре
0.072265625,0.09602864583333333,0.0634765625,0.014973958333333334,0.056966145833333336,0.025390625,0.0006510416666666666,0.15071614583333334,0.005859375,0.034830729166666664,0.09016927083333333,0.023763020833333332,0.20345052083333334,0.020182291666666668,0.0,0.14095052083333334,0.0003255208333333333,Чехов,Человек в футляре
0.0675017397355602,0.07515657620041753,0.060194850382741825,0.010786360473208072,0.05393180236604036,0.04036186499652053,0.0,0.17954070981210857,0.011134307585247043,0.03583855254001392,0.08768267223382047,0.010090466249130133,0.19485038274182323,0.027139874739039668,0.0,0.1454418928322895,0.0003479471120389701,Чехов,Человек в футляре
0.05701754385964912,0.0969298245614035,0.05131578947368421,0.0061403508771929825,0.04956140350877193,0.0206140350877193,0.0004385964912280702,0.1675438596491228,0.009649122807017544,0.03859649122807018,0.06578947368421052,0.0412280701754386,0.22017543859649122,0.016666666666666666,0.0,0.15833333333333333,0.0,Чехов,Три года
0.07186440677966102,0.07661016949152542,0.04677966101694915,0.006779661016949152,0.03864406779661017,0.029830508474576273,0.006101694915254237,0.17627118644067796,0.0047457627118644066,0.027796610169491524,0.08271186440677966,0.030508474576271188,0.2359322033898305,0.021016949152542375,0.0,0.14372881355932204,0.0006779661016949153,Чехов,Человек в футляре
0.047044632086851626,0.07237635705669482,0.0611178126256534,0.011258544431041415,0.051467631684760755,0.02613590671491757,0.0004020908725371934,0.14354644149577805,0.008041817450743867,0.044229995979091274,0.11700844390832328,0.019702452754322478,0.22114997989545637,0.02694008845999196,0.0,0.14957780458383596,0.0,Чехов,Три года
0.05864811133200795,0.08449304174950298,0.05997349237905898,0.014910536779324055,0.05798542080848244,0.031146454605699137,0.0016567263088137839,0.15473823724320743,0.007620941020543406,0.04340622929092114,0.08548707753479125,0.02982107355864811,0.21305500331345262,0.023194168323392977,0.0003313452617627568,0.13320079522862824,0.0003313452617627568,Чехов,Человек в футляре
0.06564433683077751,0.09120258272800645,0.05488297013720742,0.008340059187516815,0.06725854183481302,0.026903416733925208,0.0002690341673392521,0.18267419962335216,0.008609093354856066,0.029324724239978478,0.07909604519774012,0.02071563088512241,0.1977401129943503,0.02824858757062147,0.0,0.13909066451439334,0.0,Чехов,Человек в футляре
0.06512605042016807,0.09217436974789917,0.06328781512605042,0.019170168067226892,0.05225840336134454,0.03650210084033614,0.0002626050420168067,0.15309873949579833,0.008403361344537815,0.03623949579831933,0.10661764705882353,0.015493697478991597,0.19012605042016806,0.03203781512605042,0.0,0.12920168067226892,0.0,Чехов,Человек в футляре
0.060148148148148145,0.0802962962962963,0.06162962962962963,0.010666666666666666,0.05896296296296296,0.03111111111111111,0.0011851851851851852,0.1451851851851852,0.008,0.04296296296296296,0.10429629629629629,0.024888888888888887,0.19407407407407407,0.031407407407407405,0.0,0.1451851851851852,0.0,Чехов,Три года
0.04703367183324426,0.07268840192410475,0.05772314270443613,0.0085515766969535,0.04917156600748263,0.02939604489577766,0.0005344735435595938,0.14056654195617316,0.003206841261357563,0.04596472474612507,0.09406734366648851,0.03794762159273116,0.24478888295029397,0.019241047568145375,0.0,0.14911811865312666,0.0,Чехов,Человек в футляре
0.051776266061980346,0.09297052154195011,0.06273620559334846,0.007180650037792895,0.05895691609977324,0.019652305366591082,0.001889644746787604,0.18820861678004536,0.007180650037792895,0.02872260015117158,0.07067271352985639,0.021164021164021163,0.20256991685563114,0.022675736961451247,0.0,0.1636432350718065,0.0,Чехов,Человек в футляре
0.060074626865671645,0.07611940298507462,0.06380597014925374,0.006716417910447761,0.05335820895522388,0.04141791044776119,0.0,0.14402985074626865,0.008582089552238806,0.04029850746268657,0.10485074626865672,0.019776119402985074,0.21156716417910448,0.027238805970149254,0.0,0.14216417910447762,0.0,Чехов,Человек в футляре
0.05598669623059867,0.07317073170731707,0.05376940133037694,0.0016629711751662971,0.05376940133037694,0.029379157427937917,0.0011086474501108647,0.1696230598669623,0.004434589800443459,0.05044345898004435,0.07150776053215077,0.013303769401330377,0.25554323725055433,0.01662971175166297,0.0,0.1491130820399113,0.0005543237250554324,Чехов,Человек в футляре
0.06076975016880486,0.07427413909520594,0.06110735989196489,0.012153950033760972,0.05367994598244429,0.03274814314652262,0.0006752194463200541,0.15091154625253209,0.012829169480081027,0.038149898717083054,0.09284267386900742,0.027346387575962187,0.21033085752869682,0.024983119513842,0.0,0.14719783929777178,0.0,Чехов,Три года
0.054764512595837894,0.07813070463672873,0.06498722161372764,0.012778386272362175,0.04600219058050383,0.03066812705366922,0.0003650967506389193,0.1380065717415115,0.01022270901788974,0.03687477181453085,0.11317999269806499,0.022635998539612998,0.21869295363271266,0.025191675794085433,0.0,0.1474990872581234,0.0,Чехов,Три года
0.04483516483516484,0.07252747252747253,0.055384615384615386,0.004395604395604396,0.06285714285714286,0.014505494505494506,0.0,0.1898901098901099,0.004395604395604396,0.03032967032967033,0.0734065934065934,0.02241758241758242,0.22637362637362637,0.018901098901098902,0.0,0.17978021978021977,0.0,Чехов,Человек в футляре
0.0532994923857868,0.0817258883248731,0.05380710659898477,0.009644670050761422,0.050761421319796954,0.028934010152284265,0.0005076142131979696,0.16294416243654822,0.006598984771573604,0.04314720812182741,0.09187817258883249,0.03604060913705584,0.2218274111675127,0.017766497461928935,0.0,0.14111675126903553,0.0,Чехов,Человек в футляре
0.046675191815856776,0.09494884910485933,0.06873401534526855,0.009271099744245524,0.06521739130434782,0.02717391304347826,0.0019181585677749361,0.170076726342711,0.008631713554987212,0.03292838874680307,0.08663682864450128,0.023017902813299233,0.2026854219948849,0.023337595907928388,0.0,0.1387468030690537,0.0,Чехов,Человек в футляре
0.05150905432595573,0.08209255533199195,0.06116700201207243,0.007645875251509054,0.05754527162977867,0.02374245472837022,0.00040241448692152917,0.16941649899396377,0.007645875251509054,0.0482897384305835,0.09014084507042254,0.011267605633802818,0.20362173038229375,0.028169014084507043,0.0,0.1573440643863179,0.0,Чехов,Человек в футляре
0.0662063363119415,0.08489033306255077,0.054833468724614136,0.010560519902518278,0.06783103168155971,0.029650690495532088,0.00040617384240454913,0.18074735987002438,0.011779041429731926,0.030463038180341188,0.08042242079610074,0.026401299756295696,0.19740048740861088,0.022339561332250204,0.0,0.13606823720552397,0.0,Чехов,Человек в футляре
0.0712973171628078,0.07791253215729511,0.06027195883866226,0.009555310547592797,0.06247703050349136,0.02278574053656744,0.000735023888276369,0.15729511209114297,0.00808526277104006,0.03123851525174568,0.07533994854832782,0.033443586916574786,0.21683204704152884,0.02793090775450202,0.0,0.1447997059904447,0.0,Чехов,Три года
0.0724404378622022,0.0952994204764971,0.06632324533161622,0.012234385061171926,0.05763039278815196,0.024790727623953637,0.0003219575016097875,0.1574372182871861,0.004185447520927237,0.031229877656149388,0.08628461043142305,0.021249195106245976,0.20734063103670317,0.02092723760463619,0.0,0.14198325820991628,0.0003219575016097875,Чехов,Человек в футляре
0.037900874635568516,0.05714285714285714,0.05422740524781341,0.012244897959183673,0.06239067055393586,0.024489795918367346,0.001749271137026239,0.14518950437317785,0.0029154518950437317,0.06938775510204082,0.10029154518950437,0.019825072886297375,0.2466472303206997,0.011661807580174927,0.0,0.15393586005830903,0.0,Чехов,Человек в футляре
0.06281156530408774,0.07544034562977733,0.06314390162844799,0.013293452974410104,0.053838484546360914,0.031904287138584245,0.0006646726487205051,0.15054835493519442,0.011299435028248588,0.03788634097706879,0.09072781655034895,0.027916251246261216,0.2087072116982386,0.02558989697573945,0.0,0.14622798271851115,0.0,Чехов,Три года
0.04523682810005322,0.07823310271420969,0.054284193720063864,0.009047365620010643,0.043640234167110166,0.02927088877062267,0.0005321979776476849,0.1447578499201703,0.005854177754124534,0.05321979776476849,0.0989888238424694,0.02927088877062267,0.23789249600851517,0.021287919105907396,0.0,0.1484832357637041,0.0,Чехов,Человек в футляре
0.048344118766653975,0.0772744575561477,0.06090597639893414,0.014084507042253521,0.06889988580129425,0.02702702702702703,0.00038066235249333843,0.1686334221545489,0.011039208222306814,0.03578226113437381,0.06357061286638752,0.030833650551960412,0.21240959269128284,0.024743052912066996,0.0,0.15607156452226875,0.0,Чехов,Человек в футляре
0.0596529284164859,0.0737527114967462,0.052060737527114966,0.01193058568329718,0.04609544468546638,0.021691973969631236,0.0010845986984815619,0.17678958785249457,0.00596529284164859,0.04229934924078091,0.0650759219088937,0.014642082429501085,0.24566160520607375,0.01898047722342733,0.0,0.1643167028199566,0.0,Чехов,Человек в футляре
0.04549823774431272,0.08106376161486703,0.07369432874078821,0.012175584748478052,0.059275873117590513,0.02306952899711631,0.0009612303748798462,0.14098045498237743,0.008010253123998718,0.03268183274591477,0.09708426786286446,0.03140019224607497,0.2181992950977251,0.022108298622236462,0.0,0.15379685998077539,0.0,Чехов,Человек в футляре
0.07414159829838955,0.08751139471285324,0.05530233971437253,0.014889091461561836,0.05955636584624734,0.026739592828927378,0.00030385900941962927,0.17259191735034943,0.007596475235490732,0.03798237617745366,0.07930720145852324,0.023397143725311455,0.19841993315101794,0.031601336979641445,0.0,0.1306593740504406,0.0,Чехов,Человек в футляре
0.047493403693931395,0.06134564643799472,0.052770448548812667,0.005277044854881266,0.037598944591029027,0.022427440633245383,0.001978891820580475,0.15897097625329815,0.006596306068601583,0.044195250659630606,0.0712401055408971,0.03562005277044855,0.2783641160949868,0.017810026385224276,0.0,0.158311345646438,0.0,Чехов,Человек в футляре
0.045234958278436536,0.07158541941150637,0.05489679402722881,0.004391743522178305,0.06368028107158542,0.014492753623188406,0.0,0.18972332015810275,0.004391743522178305,0.030303030303030304,0.07378129117259552,0.021519543258673692,0.22705314009661837,0.018884497145366712,0.0,0.1800614844093105,0.0,Чехов,Человек в футляре
0.06698374950455807,0.09908838684106223,0.0535077288941736,0.008719778042013475,0.05073325406262386,0.023781212841854936,0.0,0.1724137931034483,0.01070154577883472,0.0348791121680539,0.06420927467300833,0.04201347602061038,0.20650019817677367,0.020214030915576695,0.0,0.14625445897740785,0.0,Чехов,Три года
0.06578188113098672,0.0946335833814195,0.058857472590882864,0.01817657241777265,0.052510098095787654,0.033179457587997695,0.00028851702250432774,0.15377957299480668,0.0075014425851125215,0.034910559723023656,0.11107905366416619,0.01644547028274668,0.1933064050778996,0.033179457587997695,0.0,0.12637045585689555,0.0,Чехов,Человек в футляре
0.06574923547400612,0.0819571865443425,0.05749235474006116,0.013761467889908258,0.05902140672782875,0.0327217125382263,0.0015290519877675841,0.1507645259938838,0.00856269113149847,0.049235474006116206,0.08103975535168195,0.03149847094801223,0.21529051987767583,0.022018348623853212,0.0003058103975535168,0.12874617737003058,0.0003058103975535168,Чехов,Человек в футляре
0.058396808124773304,0.08560029017047516,0.06601378309756982,0.007616974972796518,0.060935799782372145,0.023939064200217627,0.0003627130939426913,0.16394631846209648,0.006528835690968444,0.03191875226695684,0.0964816829887559,0.015233949945593036,0.20819731592310484,0.02684076895175916,0.0,0.14762422923467536,0.0003627130939426913,Чехов,Три года
0.056393076493579004,0.06141820212171971,0.07258514796203239,0.010050251256281407,0.05080960357342267,0.034059184812953655,0.0005583472920156337,0.1323283082077052,0.006141820212171971,0.04578447794528197,0.12171970965940815,0.007816862088218872,0.22054718034617532,0.02959240647682859,0.0,0.15019542155220547,0.0,Чехов,Человек в футляре
0.06268282490597576,0.08524864187212704,0.0547430004178855,0.00919348098620978,0.06686167989970748,0.028834099456748852,0.0004178854993731718,0.1805265357292102,0.012536564981195153,0.030505641454241537,0.08315921437526118,0.024655244463017135,0.20183869619724196,0.020058503969912243,0.0,0.13873798579189303,0.0,Чехов,Человек в футляре
0.061894736842105266,0.09726315789473684,0.05221052631578947,0.011789473684210527,0.06147368421052631,0.019789473684210527,0.0004210526315789474,0.17894736842105263,0.0054736842105263155,0.03621052631578947,0.07368421052631578,0.032842105263157895,0.19536842105263158,0.01431578947368421,0.0,0.15831578947368422,0.0,Чехов,Человек в футляре
0.06949524506217995,0.06583760058522312,0.03950256035113387,0.009509875640087784,0.03438185808339429,0.030724213606437453,0.0073152889539136795,0.17044623262618874,0.005852231163130944,0.02852962692026335,0.07827359180687637,0.03291880029261156,0.26335040234089246,0.019751280175566936,0.0,0.1433796634967081,0.000731528895391368,Чехов,Человек в футляре
0.07533805537669028,0.08177720540888603,0.06213779781068899,0.011912427559562138,0.05280103026400515,0.0231809401159047,0.0,0.17321313586606568,0.009980682549903412,0.0334835801674179,0.06825499034127495,0.01674179008370895,0.24372182871860915,0.016419832582099163,0.0,0.12910495814552478,0.0019317450096587251,Чехов,Случай из практики
0.06113843991567112,0.08538299367533381,0.06148981026001406,0.011595221363316937,0.05516514406184118,0.022839072382290933,0.0007027406886858749,0.16549543218552354,0.009838369641602248,0.040407589599437806,0.08889669711876318,0.027406886858749122,0.20484891075193254,0.02600140548137737,0.0,0.13879128601546029,0.0,Чехов,Три года
0.08325139298590627,0.09636184857423795,0.051130776794493606,0.008849557522123894,0.06522451655195018,0.030154047853162898,0.00032776138970829236,0.1930514585381842,0.00950508030154048,0.03474270730907899,0.07177974434611603,0.017699115044247787,0.18682399213372664,0.01966568338249754,0.0006555227794165847,0.13077679449360866,0.0,Чехов,Человек в футляре
0.046030687124749836,0.09539693128752502,0.06904603068712475,0.01000667111407605,0.06470980653769179,0.024683122081387593,0.0020013342228152103,0.16644429619746498,0.009673115410273516,0.03569046030687125,0.0877251501000667,0.022348232154769845,0.20446964643095397,0.019012675116744496,0.0,0.142761841227485,0.0,Чехов,Человек в футляре
0.05998421468034728,0.08958168902920284,0.049723756906077346,0.007103393843725336,0.06156274664561957,0.022099447513812154,0.0015785319652722968,0.1479873717442778,0.00749802683504341,0.033543804262036306,0.10063141278610892,0.0351223362273086,0.20718232044198895,0.026835043409629045,0.0,0.1495659037095501,0.0,Чехов,Человек в футляре
0.05320388349514563,0.08310679611650486,0.055145631067961165,0.006990291262135922,0.05980582524271845,0.02524271844660194,0.0011650485436893205,0.170873786407767,0.007378640776699029,0.047766990291262135,0.09281553398058252,0.008932038834951457,0.2058252427184466,0.024854368932038837,0.0,0.15650485436893205,0.0003883495145631068,Чехов,Человек в футляре
0.06041584935268733,0.08630835621812476,0.06590819929384072,0.00745390349156532,0.05531581012161632,0.04119262455865045,0.00039231071008238524,0.15457041977245978,0.008630835621812475,0.04315417810906238,0.10788544527265595,0.018438603373872108,0.1918399372302864,0.02550019615535504,0.0,0.13220870929776382,0.0007846214201647705,Чехов,Человек в футляре
0.06018774157923799,0.09552733296521258,0.06184428492545555,0.006902263942573164,0.06212037548315848,0.02898950855880729,0.0,0.1717283268912203,0.010767531750414136,0.029541689674213143,0.08696852567642187,0.022087244616234125,0.1913307564881281,0.02484815019326339,0.0,0.146604086140254,0.0005521811154058532,Чехов,Человек в футляре
0.05798138869005011,0.07229778095919828,0.052970651395848244,0.005010737294201861,0.03722261989978525,0.023622047244094488,0.004294917680744453,0.15819613457408732,0.002863278453829635,0.052970651395848244,0.07301360057265568,0.02863278453829635,0.28346456692913385,0.015748031496062992,0.0007158196134574087,0.1309949892627058,0.0,Чехов,Человек в футляре
0.06546080964685616,0.06503014642549526,0.06244616709732989,0.006029285099052541,0.05469422911283377,0.04694229112833764,0.0008613264427217916,0.1645133505598622,0.010766580534022395,0.05167958656330749,0.0921619293712317,0.012489233419465978,0.2054263565891473,0.02756244616709733,0.0,0.1335055986218777,0.0004306632213608958,Чехов,Человек в футляре
0.07132154629907102,0.08420737189092,0.056637698531615224,0.014084507042253521,0.05394066526820498,0.02846868444710818,0.0005993407252022775,0.16991309559484566,0.011087803416242133,0.04045549895115373,0.08480671261612227,0.028169014084507043,0.19298771351513336,0.032364399160922985,0.0,0.1306562780940965,0.00029967036260113877,Чехов,Три года
0.08187876864487464,0.08187876864487464,0.05426848619485877,0.00952078705172961,0.051094890510948905,0.043795620437956206,0.00031735956839098697,0.1900983814662012,0.011424944462075532,0.030466518565534752,0.0904474769914313,0.013963821009203427,0.19200253887654714,0.02856236115518883,0.0,0.12027927642018407,0.0,Чехов,Человек в футляре
0.05105704028719585,0.08017550857598724,0.059034702832070206,0.010769844435580374,0.049062624650977264,0.02512963701635421,0.00039888312724371757,0.1364180295173514,0.006382130035899481,0.03948942959712804,0.12325488631830873,0.016354208216992423,0.22177901874750697,0.027124052652572797,0.0,0.15357000398883128,0.0,Чехов,Три года
0.06338028169014084,0.07112676056338028,0.047183098591549295,0.004929577464788733,0.036619718309859155,0.028873239436619718,0.004225352112676056,0.15352112676056337,0.002112676056338028,0.05211267605633803,0.08169014084507042,0.02676056338028169,0.2823943661971831,0.016901408450704224,0.0,0.12816901408450704,0.0,Чехов,Человек в футляре
0.059748427672955975,0.07651991614255765,0.06429070580013976,0.011180992313067784,0.0496156533892383,0.031097134870719776,0.0006988120195667365,0.14395527603074773,0.011530398322851153,0.03668763102725367,0.09783368273934312,0.027253668763102725,0.21628232005590498,0.02480782669461915,0.0,0.1484975541579315,0.0,Чехов,Три года
0.05138461538461538,0.09846153846153846,0.06492307692307692,0.011384615384615385,0.06553846153846153,0.02707692307692308,0.0,0.17753846153846153,0.006461538461538461,0.03292307692307692,0.08615384615384615,0.020615384615384615,0.192,0.028307692307692308,0.0,0.13723076923076924,0.0,Чехов,Человек в футляре
0.05523101433882103,0.06638343069569835,0.05735528412108338,0.009028146574614976,0.05894848645778014,0.02496016994158258,0.0005310674455655868,0.14976101964949548,0.005841741901221455,0.031332979288369624,0.07275624004248539,0.05363781200212427,0.23951141795007966,0.022835900159320233,0.0005310674455655868,0.15135422198619225,0.0,Чехов,Человек в футляре
0.07096107475025835,0.07957285566655184,0.07440578711677574,0.014812263176024801,0.05098174302445746,0.02480192903892525,0.0003444712366517396,0.13606613847743712,0.011367550809507406,0.038236307268343095,0.08473992421632794,0.030313468825353084,0.22321736135032724,0.02583534274888047,0.0,0.13434378229417843,0.0,Чехов,Человек в футляре
0.06537337230932766,0.09274515014615999,0.0627159181504119,0.01993090619186819,0.0539463194259899,0.03614137656125432,0.00026574541589157585,0.15120914164230667,0.007972362476747276,0.03507839489768801,0.10895562051554611,0.015147488705819825,0.1862875365399947,0.033749667818230134,0.0,0.13048099920276376,0.0,Чехов,О любви
0.061047412457390766,0.08676789587852494,0.05422993492407809,0.011465757669662225,0.06290672451193059,0.03222807561202355,0.0015494267121165168,0.18872017353579176,0.008986674930275797,0.03191819026960025,0.07003408738766656,0.020452432599938022,0.21568019832661914,0.020142547257514718,0.0,0.13325069724202046,0.0006197706848466068,Чехов,Человек в футляре
0.06816421378776143,0.09450038729666925,0.04918667699457785,0.009295120061967466,0.05615801704105345,0.027498063516653758,0.001549186676994578,0.2064291247095275,0.009295120061967466,0.037180480247869865,0.06584043377226956,0.029821843532145623,0.1967467079783114,0.022850503485670023,0.000774593338497289,0.12393493415956623,0.000774593338497289,Чехов,Человек в футляре
0.049835706462212484,0.07174151150054764,0.044906900328587074,0.0016429353778751369,0.03778751369112815,0.03723986856516977,0.000547645125958379,0.17360350492880613,0.004381161007667032,0.04874041621029573,0.08105147864184009,0.022453450164293537,0.2508214676889376,0.023001095290251915,0.0,0.15224534501642936,0.0,Чехов,Человек в футляре
0.04389233954451346,0.08778467908902692,0.04720496894409938,0.010766045548654244,0.05714285714285714,0.028985507246376812,0.0008281573498964803,0.15196687370600415,0.0033126293995859213,0.03975155279503106,0.11594202898550725,0.024844720496894408,0.21780538302277433,0.019461697722567287,0.0,0.15031055900621118,0.0,Чехов,Три года
0.05138699408822192,0.08276489313324238,0.04320145520691223,0.009095043201455207,0.054570259208731244,0.034106412005457026,0.001364256480218281,0.15279672578444747,0.004547521600727604,0.04001819008640291,0.11277853569804457,0.02773988176443838,0.22237380627557982,0.01637107776261937,0.0,0.14688494770350158,0.0,Чехов,Три года
0.06469235192639448,0.0945945945945946,0.06239217941345601,0.019838987924094307,0.05290396779758482,0.03737780333525014,0.0002875215641173088,0.15123634272570444,0.008338125359401954,0.03335250143760782,0.1109833237492812,0.013801035077630822,0.1868890166762507,0.03335250143760782,0.0,0.12995974698102358,0.0,Чехов,О любви
0.042500878117316475,0.08008429926238145,0.07060063224446786,0.013347383210396909,0.0593607305936073,0.024587284861257466,0.0007024938531787847,0.1285563751317176,0.008429926238145416,0.03442219880576045,0.10396909027046013,0.0368809272918862,0.220231822971549,0.023182297154899896,0.0,0.15314365999297505,0.0,Чехов,Человек в футляре
0.05502392344497608,0.08492822966507177,0.06738437001594896,0.013157894736842105,0.05422647527910686,0.0215311004784689,0.0,0.16228070175438597,0.012759170653907496,0.028309409888357256,0.0905103668261563,0.030303030303030304,0.2077352472089314,0.0215311004784689,0.0,0.14912280701754385,0.0011961722488038277,Чехов,Три года
0.0660340055357849,0.07275603005140371,0.07473309608540925,0.01265322261763543,0.04784499802293397,0.02965599051008304,0.0015816528272044287,0.14155792803479636,0.006326611308817715,0.0387504942665085,0.07552392249901146,0.026888098062475288,0.2313167259786477,0.024120205614867538,0.0,0.15025701858442073,0.0,Чехов,Человек в футляре
0.054945054945054944,0.06666666666666667,0.047619047619047616,0.002197802197802198,0.035897435897435895,0.021245421245421246,0.0014652014652014652,0.18095238095238095,0.006593406593406593,0.04908424908424908,0.06593406593406594,0.02564102564102564,0.2857142857142857,0.014652014652014652,0.0,0.1413919413919414,0.0,Чехов,Человек в футляре
0.05948494740660138,0.08632571635836053,0.06456293072179906,0.007616974972796518,0.05984766050054407,0.024664490388103012,0.0003627130939426913,0.16575988393180993,0.006528835690968444,0.03228146536089953,0.09611896989481321,0.015596663039535727,0.20602103735944868,0.02684076895175916,0.0,0.14762422923467536,0.0003627130939426913,Чехов,Три года
0.05109765329295988,0.09008327024981075,0.0643451930355791,0.007191521574564724,0.05866767600302801,0.019303557910673733,0.0018925056775170325,0.18470855412566237,0.007191521574564724,0.03141559424678274,0.07115821347464042,0.02043906131718395,0.2043906131718395,0.023088569265707796,0.0,0.16502649507948525,0.0,Чехов,Человек в футляре
0.07331655129011957,0.09156702328508495,0.06513530522341095,0.013215859030837005,0.05821271239773442,0.024229074889867842,0.00031466331025802394,0.15638766519823788,0.0040906230333543105,0.03366897419760856,0.08779106356198867,0.019823788546255508,0.2067337948395217,0.022970421648835747,0.0,0.1422278162366268,0.00031466331025802394,Чехов,Человек в футляре
0.10927536231884058,0.07971014492753623,0.06173913043478261,0.0052173913043478265,0.04173913043478261,0.03884057971014493,0.0,0.21507246376811595,0.008695652173913044,0.029275362318840578,0.034202898550724635,0.06782608695652174,0.2118840579710145,0.011884057971014493,0.0002898550724637681,0.08115942028985507,0.003188405797101449,Замятин,Герберт Уэллс
0.07488789237668161,0.10269058295964126,0.054260089686098655,0.01883408071748879,0.02376681614349776,0.017040358744394617,0.0,0.22869955156950672,0.006278026905829596,0.01883408071748879,0.06905829596412556,0.01210762331838565,0.20044843049327354,0.021076233183856503,0.0,0.15201793721973095,0.0,Замятин,Бич Божий
0.05808219178082192,0.09479452054794521,0.07835616438356165,0.01315068493150685,0.040547945205479455,0.01863013698630137,0.000547945205479452,0.1852054794520548,0.004931506849315068,0.03178082191780822,0.06301369863013699,0.025753424657534246,0.22301369863013698,0.027945205479452055,0.0,0.13424657534246576,0.0,Замятин,Лев
0.07814113597246128,0.07091222030981068,0.06678141135972461,0.007573149741824441,0.04027538726333907,0.03098106712564544,0.001376936316695353,0.15697074010327022,0.012048192771084338,0.04027538726333907,0.09707401032702237,0.006540447504302926,0.2619621342512909,0.02306368330464716,0.0,0.10602409638554217,0.0,Замятин,Мы
0.044350580781414996,0.06494192185850053,0.05966209081309398,0.00791974656810982,0.04171066525871172,0.02375923970432946,0.003695881731784583,0.13833157338965152,0.008447729672650475,0.05755015839493136,0.057022175290390706,0.04751847940865892,0.27613516367476243,0.01689545934530095,0.0,0.15205913410770855,0.0,Замятин,На куличках
0.10308370044052863,0.06343612334801763,0.07136563876651983,0.011894273127753305,0.03788546255506608,0.035682819383259914,0.001762114537444934,0.15198237885462554,0.012334801762114538,0.051982378854625554,0.07885462555066079,0.013656387665198238,0.24405286343612334,0.01894273127753304,0.0004405286343612335,0.10220264317180616,0.0004405286343612335,Замятин,Мы
0.0704392560348239,0.07439651760981401,0.07360506529481599,0.007123070834982192,0.03442817570241393,0.02295211713494262,0.0003957261574990107,0.1519588444796201,0.013058963197467353,0.0407597942223981,0.08745548080728135,0.00593589236248516,0.26751088246933125,0.01701622477245746,0.0003957261574990107,0.13256826276216857,0.0,Замятин,Мы
0.06689453125,0.06689453125,0.07177734375,0.00830078125,0.03466796875,0.02294921875,0.0,0.13134765625,0.0166015625,0.05712890625,0.0986328125,0.0087890625,0.28076171875,0.0205078125,0.0,0.11474609375,0.0,Замятин,Мы
0.05558107487367937,0.05879650895728066,0.07808911345888837,0.0059715204409738175,0.05236564079007809,0.025264124942581533,0.0013780431786862655,0.14790996784565916,0.0078089113458888375,0.05512172714745062,0.0574184657785944,0.04134129536058796,0.25953146531924665,0.01975195222783647,0.0,0.13367018833256775,0.0,Замятин,На куличках
0.06690684508492023,0.05918682449819866,0.06896551724137931,0.00977869274318065,0.025218733916623777,0.02573340195573855,0.002058672156459084,0.1435923829130211,0.007205352547606794,0.056098816263510036,0.1065362840967576,0.007205352547606794,0.2753474009264025,0.027277406073082863,0.0,0.11837364899639732,0.000514668039114771,Замятин,Мы
0.07476212052560036,0.07430901676483914,0.06932487539646578,0.004531037607612143,0.03579519710013593,0.028998640688717717,0.001359311282283643,0.1622111463525147,0.006343452650657001,0.03624830086089714,0.09877661984594473,0.005437245129134572,0.28092433167195285,0.01359311282283643,0.0,0.1073855913004078,0.0,Замятин,Мы
0.08298969072164948,0.05257731958762887,0.0788659793814433,0.014948453608247423,0.03402061855670103,0.034536082474226806,0.0015463917525773195,0.12783505154639174,0.014948453608247423,0.05154639175257732,0.08453608247422681,0.007731958762886598,0.28350515463917525,0.015463917525773196,0.0,0.11494845360824742,0.0,Замятин,Мы
0.08813392417528311,0.06450024618414574,0.09010339734121123,0.010832102412604629,0.0379123584441162,0.025110782865583457,0.0029542097488921715,0.1432791728212703,0.014278680452978828,0.051698670605613,0.0896110290497292,0.014771048744460856,0.2535696701132447,0.010832102412604629,0.0009847365829640572,0.10093549975381585,0.0004923682914820286,Замятин,Мы
0.07,0.09318181818181819,0.05909090909090909,0.023181818181818182,0.02590909090909091,0.017727272727272727,0.0,0.21863636363636363,0.009545454545454546,0.01681818181818182,0.07772727272727273,0.012727272727272728,0.20136363636363636,0.022272727272727274,0.0,0.15181818181818182,0.0,Замятин,Бич Божий
0.07072515666965085,0.07699194270367055,0.05908683974932856,0.020590868397493287,0.03536257833482542,0.025067144136078783,0.0,0.18218442256042972,0.005371530886302597,0.03043867502238138,0.07609668755595345,0.03491495076096687,0.21396598030438674,0.017905102954341987,0.0,0.1512981199641898,0.0,Замятин,Бич Божий
0.07248157248157248,0.08271908271908272,0.06838656838656838,0.012285012285012284,0.03931203931203931,0.0171990171990172,0.0012285012285012285,0.20024570024570024,0.012285012285012284,0.030303030303030304,0.036855036855036855,0.06347256347256347,0.23382473382473382,0.012285012285012284,0.0,0.11466011466011466,0.002457002457002457,Замятин,Ловец человеков
0.0503030303030303,0.062424242424242424,0.06303030303030303,0.010303030303030303,0.037575757575757575,0.014545454545454545,0.0030303030303030303,0.16,0.008484848484848486,0.03878787878787879,0.0503030303030303,0.05393939393939394,0.28,0.02,0.0,0.14606060606060606,0.0012121212121212121,Замятин,На куличках
0.09315746084089035,0.06760098928276999,0.06347897774113767,0.011129431162407255,0.03709810387469085,0.03215169002473207,0.0016488046166529267,0.17023907666941468,0.014014839241549877,0.0416323165704864,0.08037922506183018,0.01236603462489695,0.25474031327287716,0.016075845012366034,0.0,0.1042868920032976,0.0,Замятин,Мы
0.08425720620842572,0.06910569105691057,0.0835181079083518,0.009608277900960829,0.03991130820399113,0.028455284552845527,0.0003695491500369549,0.14966740576496673,0.015890613451589063,0.0450849963045085,0.0827790096082779,0.009238728750923873,0.2524020694752402,0.01958610495195861,0.0003695491500369549,0.10975609756097561,0.0,Замятин,Мы
0.0874938210578349,0.07909045971329709,0.05734058329214039,0.01384083044982699,0.03707365299060801,0.013346515076618883,0.0009886307464162135,0.1977261492832427,0.006920415224913495,0.021749876421156698,0.052891744933267426,0.05338606030647553,0.23826000988630747,0.010874938210578349,0.0,0.12654473554127532,0.002471576866040534,Замятин,Ловец человеков
0.09209453952730236,0.07375713121434394,0.06682966585167074,0.0028524857375713123,0.036267318663406684,0.030969845150774247,0.0012224938875305623,0.17277913610431947,0.009779951100244499,0.040342298288508556,0.08475957620211899,0.010187449062754686,0.25468622656886714,0.020374898125509373,0.0,0.10105949470252648,0.002037489812550937,Замятин,Мы
0.058223544411389716,0.08584785380365491,0.06077348066298342,0.021674458138546536,0.02889927751806205,0.022949426264343393,0.00042498937526561835,0.16064598385040374,0.011474713132171696,0.030174245643858903,0.10157246068848279,0.03357416064598385,0.1963450913727157,0.02847428814279643,0.00042498937526561835,0.15852103697407566,0.0,Замятин,Бич Божий
0.046300302899177845,0.0752920813500649,0.06490696668109043,0.014279532669839896,0.02942449156209433,0.018173950670705322,0.00043271311120726956,0.1735179575941151,0.0025962786672436176,0.02942449156209433,0.09606231068801385,0.03375162267416703,0.22501081782778018,0.025530073561228904,0.00043271311120726956,0.1648636953699697,0.0,Замятин,Бич Божий
0.04942037827943868,0.05735204392922514,0.06467358145210494,0.009762050030506406,0.03721781574130567,0.023794996949359364,0.0024405125076266015,0.14215985356924954,0.005491153142159854,0.0701647345942648,0.056741915802318486,0.050030506406345335,0.27577791336180596,0.017693715680292862,0.0,0.1354484441732764,0.0018303843807199512,Замятин,На куличках
0.05310173697270471,0.07245657568238213,0.06352357320099256,0.006947890818858561,0.05161290322580645,0.026799007444168736,0.001488833746898263,0.15682382133995038,0.008933002481389578,0.055583126550868486,0.048635235732009924,0.04168734491315137,0.27692307692307694,0.013895781637717122,0.0,0.12158808933002481,0.0,Замятин,На куличках
0.06021409455842997,0.07582515611061552,0.06155218554861731,0.012042818911685994,0.024977698483496878,0.021409455842997322,0.00044603033006244426,0.16859946476360393,0.0031222123104371097,0.027653880463871544,0.0967885816235504,0.034344335414808205,0.24219446922390722,0.022747546833184657,0.0,0.1480820695807315,0.0,Замятин,Бич Божий
0.11336032388663968,0.08216241962371994,0.05787092164801143,0.0050011907597046915,0.04096213384139081,0.04096213384139081,0.0,0.22624434389140272,0.0076208621100261964,0.039295070254822574,0.04786854012860205,0.02762562514884496,0.20219099785663253,0.019528459156942127,0.00023815194093831864,0.08692545844248631,0.0021433674684448677,Замятин,Герберт Уэллс
0.03986332574031891,0.05353075170842825,0.06036446469248292,0.009111617312072893,0.03986332574031891,0.021070615034168565,0.007403189066059226,0.15034168564920272,0.006264236902050114,0.05979498861047836,0.06378132118451026,0.033599088838268794,0.2972665148063781,0.01765375854214123,0.0,0.14009111617312073,0.0,Замятин,На куличках
0.05336426914153132,0.055104408352668215,0.06902552204176333,0.011020881670533642,0.04582366589327146,0.02494199535962877,0.002320185614849188,0.13863109048723898,0.0034802784222737818,0.05394431554524362,0.07018561484918794,0.031902552204176336,0.29988399071925753,0.0069605568445475635,0.0,0.13225058004640372,0.001160092807424594,Замятин,На куличках
0.07541157727031333,0.0844397238449283,0.06744556558682953,0.007434944237918215,0.032926181625066386,0.012745618693574084,0.002124269782262347,0.20021242697822622,0.01009028146574615,0.026022304832713755,0.03664365374402549,0.046202867764206054,0.2591609134360064,0.007966011683483803,0.0,0.13011152416356878,0.0010621348911311736,Замятин,Ловец человеков
0.07745504840940526,0.0756108805901337,0.08667588750576302,0.009681881051175657,0.0318118948824343,0.02950668510834486,0.0009220839096357768,0.15306592899953897,0.010603964960811434,0.039188566159520516,0.09313047487321346,0.008298755186721992,0.26556016597510373,0.00875979714153988,0.0,0.10972798524665744,0.0,Замятин,Мы
0.051822323462414575,0.056378132118451024,0.06662870159453303,0.012528473804100227,0.04328018223234624,0.025056947608200455,0.0028473804100227792,0.13553530751708429,0.004555808656036446,0.048405466970387244,0.06435079726651481,0.04100227790432802,0.30068337129840544,0.00683371298405467,0.0,0.14009111617312073,0.0,Замятин,На куличках
0.06040546131568059,0.09805544062887878,0.06619776582540339,0.007447248655357882,0.03144393876706661,0.021928009929664875,0.0024824162184526274,0.20810922631361192,0.01075713694662805,0.033098882912701695,0.050062060405461316,0.03144393876706661,0.23748448489863466,0.024824162184526273,0.0,0.11584609019445594,0.0004137360364087712,Замятин,Икс
0.051175656984785614,0.07514983863531581,0.07100046104195482,0.01705855232826187,0.02950668510834486,0.016136468418626097,0.0009220839096357768,0.17565698478561548,0.0036883356385431073,0.030428769017980636,0.09497464269248501,0.02581834946980175,0.23144306131858,0.0239741816505302,0.0,0.15306592899953897,0.0,Замятин,Бич Божий
0.07226738934056007,0.1025293586269196,0.05374887082204156,0.018066847335140017,0.024841915085817526,0.016260162601626018,0.0,0.23215898825654924,0.006775067750677507,0.018066847335140017,0.06820234869015357,0.012195121951219513,0.2005420054200542,0.02077687443541102,0.0,0.15356820234869015,0.0,Замятин,Бич Божий
0.05862068965517241,0.08817733990147783,0.05763546798029557,0.010344827586206896,0.029064039408866996,0.020689655172413793,0.0004926108374384236,0.1921182266009852,0.004433497536945813,0.020689655172413793,0.07783251231527094,0.03103448275862069,0.21921182266009853,0.021182266009852218,0.0,0.1684729064039409,0.0,Замятин,Бич Божий
0.09485530546623794,0.07636655948553055,0.06631832797427653,0.0040192926045016075,0.03456591639871383,0.03215434083601286,0.0008038585209003215,0.17363344051446947,0.010852090032154342,0.03778135048231511,0.07837620578778134,0.011655948553054662,0.2516077170418006,0.021704180064308683,0.0,0.10329581993569131,0.0020096463022508037,Замятин,Мы
0.04983108108108108,0.07263513513513513,0.05405405405405406,0.016469594594594593,0.026182432432432432,0.02702702702702703,0.0004222972972972973,0.14991554054054054,0.0029560810810810812,0.02660472972972973,0.10641891891891891,0.04603040540540541,0.22592905405405406,0.029983108108108107,0.0008445945945945946,0.16469594594594594,0.0,Замятин,Бич Божий
0.06175771971496437,0.057007125890736345,0.06116389548693587,0.011876484560570071,0.039192399049881234,0.019596199524940617,0.0035629453681710215,0.12885985748218529,0.007125890736342043,0.050475059382422804,0.06175771971496437,0.04928741092636579,0.29334916864608074,0.013064133016627079,0.0,0.14192399049881235,0.0,Замятин,На куличках
0.04419263456090652,0.053824362606232294,0.06175637393767705,0.006798866855524079,0.040226628895184136,0.019830028328611898,0.006232294617563739,0.15127478753541077,0.006232294617563739,0.06175637393767705,0.06855524079320113,0.027195467422096317,0.29688385269121814,0.018696883852691217,0.0,0.13654390934844193,0.0,Замятин,На куличках
0.059745347698334964,0.06758080313418217,0.06513222331047992,0.00881488736532811,0.0455435847208619,0.021057786483839373,0.0014691478942213516,0.15768854064642507,0.00881488736532811,0.062193927522037215,0.05288932419196866,0.03330068560235064,0.2703232125367287,0.016160626836434867,0.0,0.12928501469147893,0.0,Замятин,На куличках
0.046438232642019836,0.08025247971145176,0.04959422903516682,0.01127141568981064,0.032912533814247066,0.017132551848512173,0.0004508566275924256,0.18214607754733994,0.001352569882777277,0.02569882777276826,0.09513074842200181,0.03651938683498648,0.23309287646528404,0.024346257889990983,0.0004508566275924256,0.16321009918845808,0.0,Замятин,Бич Божий
0.05810882197569995,0.06444796619123085,0.0612783940834654,0.003169572107765452,0.04384574749075541,0.025356576862123614,0.0005282620179609086,0.1600633914421553,0.005282620179609086,0.06708927628103539,0.04490227152667723,0.04120443740095087,0.28631801373481247,0.016376122556788168,0.0,0.11991547807712626,0.0021130480718436345,Замятин,На куличках
0.09494702526487367,0.06845965770171149,0.06397718011409943,0.011002444987775062,0.03667481662591687,0.030969845150774247,0.0012224938875305623,0.16748166259168704,0.013447432762836185,0.042787286063569685,0.08312958435207823,0.013039934800325998,0.254278728606357,0.016707416462917686,0.0,0.10187449062754686,0.0,Замятин,Мы
0.06697341513292433,0.06697341513292433,0.0598159509202454,0.012269938650306749,0.0408997955010225,0.025051124744376277,0.00408997955010225,0.1661554192229039,0.007668711656441718,0.05674846625766871,0.058793456032719835,0.03016359918200409,0.26226993865030673,0.017382413087934562,0.0,0.12474437627811862,0.0,Замятин,На куличках
0.08764044943820225,0.06921348314606741,0.07235955056179776,0.011685393258426966,0.04089887640449438,0.02696629213483146,0.0022471910112359553,0.14157303370786517,0.008988764044943821,0.04719101123595506,0.09438202247191012,0.0044943820224719105,0.26292134831460673,0.016179775280898877,0.0,0.11280898876404494,0.00044943820224719103,Замятин,Мы
0.08391070053887606,0.06851424172440339,0.07929176289453425,0.008083140877598153,0.03964588144726713,0.026943802925327175,0.0,0.15319476520400307,0.013856812933025405,0.03810623556581986,0.08775981524249422,0.005773672055427252,0.2729022324865281,0.019630484988452657,0.0,0.10238645111624327,0.0,Замятин,Мы
0.07341907824222937,0.08145766345123258,0.06645230439442658,0.006966773847802787,0.03376205787781351,0.015005359056806002,0.0026795284030010718,0.19667738478027866,0.00857449088960343,0.026259378349410504,0.04287245444801715,0.04769560557341908,0.2577706323687031,0.008038585209003215,0.0,0.13183279742765272,0.0005359056806002144,Замятин,Ловец человеков
0.0697992700729927,0.09352189781021898,0.05885036496350365,0.02509124087591241,0.02737226277372263,0.017791970802919707,0.0,0.21715328467153286,0.010036496350364963,0.016423357664233577,0.0770985401459854,0.015967153284671534,0.2011861313868613,0.020985401459854013,0.0,0.14872262773722628,0.0,Замятин,Бич Божий
0.0902169775409212,0.06928054815378759,0.07042253521126761,0.009135896459840122,0.03616292348686715,0.03197563760944042,0.0007613247049866769,0.1575942139322421,0.010658545869813475,0.03844689760182718,0.09097830224590787,0.007993909402360106,0.24895317853064333,0.022459078797106968,0.0,0.11419870574800152,0.0007613247049866769,Замятин,Мы
0.06848609680741503,0.061277033985581875,0.06539649845520082,0.01132852729145211,0.03604531410916581,0.029866117404737384,0.001544799176107106,0.1364572605561277,0.012873326467559218,0.05046343975283213,0.10504634397528322,0.007209062821833162,0.28166838311019565,0.017507723995880537,0.0,0.11483007209062822,0.0,Замятин,Мы
0.04415700267618198,0.07582515611061552,0.04861730597680642,0.012042818911685994,0.03389830508474576,0.01784121320249777,0.00044603033006244426,0.1824264049955397,0.0013380909901873326,0.028545941123996433,0.09455842997323818,0.034344335414808205,0.23238180196253344,0.026761819803746655,0.00044603033006244426,0.1663693131132917,0.0,Замятин,Бич Божий
0.06198723792160438,0.08432087511394713,0.06289881494986327,0.014585232452142206,0.023701002734731084,0.026891522333637192,0.0,0.18915223336371922,0.005013673655423883,0.02324521422060164,0.08523245214220601,0.02415679124886053,0.21011850501367366,0.018687329079307202,0.00045578851412944393,0.16955332725615316,0.0,Замятин,Бич Божий
0.07956989247311828,0.08870967741935484,0.06451612903225806,0.007526881720430108,0.03387096774193549,0.00913978494623656,0.001075268817204301,0.2021505376344086,0.0064516129032258064,0.023118279569892472,0.03494623655913978,0.051075268817204304,0.2543010752688172,0.006989247311827957,0.0,0.13548387096774195,0.001075268817204301,Замятин,Ловец человеков
0.08412197686645637,0.08026638626007711,0.07570977917981073,0.008061689449702068,0.04065895548545391,0.03610234840518752,0.0017525411847178409,0.15492464072905712,0.010164738871363477,0.04696810375043813,0.0858745180511742,0.005958640028040659,0.24535576586049773,0.02278303540133193,0.0003505082369435682,0.10094637223974763,0.0,Замятин,Мы
0.04465799886941775,0.06274731486715658,0.05822498586772187,0.007348784624081402,0.041831543244771056,0.023176936122102882,0.005087620124364048,0.1317128321085359,0.009044657998869417,0.0644431882419446,0.05652911249293386,0.05031091011871114,0.2781232334652346,0.017524024872809497,0.0,0.1492368569813454,0.0,Замятин,На куличках
0.06961233847436432,0.0846185910796165,0.07002917882451021,0.011254689453939141,0.03751563151313047,0.019591496456857024,0.0016673614005835765,0.20258441017090453,0.010837849103793247,0.030846185910796166,0.03251354731137974,0.060441850771154645,0.23926636098374324,0.013338891204668612,0.0,0.1137974155898291,0.0020842017507294707,Замятин,Ловец человеков
0.07354555433589462,0.066410537870472,0.06037321624588365,0.009879253567508232,0.04006586169045005,0.019209659714599342,0.0027442371020856204,0.1207464324917673,0.004939626783754116,0.06476399560922064,0.059275521405049394,0.06147091108671789,0.2722283205268935,0.017014270032930844,0.0,0.12733260153677278,0.0,Замятин,На куличках
0.05158264947245018,0.0615474794841735,0.0668229777256741,0.011723329425556858,0.04044548651817116,0.023446658851113716,0.004103165298944901,0.13599062133645956,0.006447831184056272,0.04806565064478312,0.06096131301289566,0.04630715123094959,0.29308323563892147,0.00996483001172333,0.0,0.1395076201641266,0.0,Замятин,На куличках
0.08247422680412371,0.08814432989690722,0.06443298969072164,0.007731958762886598,0.03402061855670103,0.00979381443298969,0.0005154639175257732,0.20824742268041238,0.007216494845360825,0.02268041237113402,0.031443298969072164,0.050515463917525774,0.25257731958762886,0.006701030927835051,0.0,0.1324742268041237,0.0010309278350515464,Замятин,Ловец человеков
0.08030996829869673,0.08101444170482565,0.07502641775272983,0.007749207467418105,0.03733709052483269,0.03240577668193026,0.0024656569214512153,0.15287072912997535,0.010567101091933779,0.043325114476928495,0.09827404015498414,0.005635787249031349,0.25501937301866856,0.020781965480803098,0.0003522367030644593,0.09686509334272632,0.0,Замятин,Мы
0.08398197460057354,0.07005325686194183,0.0766079475624744,0.008603031544448997,0.03727980335927898,0.02867677181482999,0.0008193363375665711,0.15444489963129865,0.011470708725931995,0.04219582138467841,0.09299467431380581,0.012699713232281851,0.24170421958213847,0.019664072101597707,0.00040966816878328555,0.11798443260958623,0.00040966816878328555,Замятин,Мы
0.07386363636363637,0.09422348484848485,0.05539772727272727,0.021780303030303032,0.02130681818181818,0.017992424242424244,0.0,0.22727272727272727,0.008522727272727272,0.016098484848484848,0.07339015151515152,0.014678030303030304,0.203125,0.017518939393939392,0.0,0.15482954545454544,0.0,Замятин,Бич Божий
0.07397959183673469,0.060714285714285714,0.058673469387755105,0.006122448979591836,0.03877551020408163,0.026020408163265306,0.004591836734693878,0.14285714285714285,0.006122448979591836,0.06275510204081633,0.04591836734693878,0.05204081632653061,0.27653061224489794,0.017857142857142856,0.0,0.1270408163265306,0.0,Замятин,На куличках
0.07732201791607732,0.06506364922206506,0.08015087223008015,0.011786892975011787,0.033946251768033946,0.019801980198019802,0.004243281471004243,0.12494106553512493,0.010843941537010843,0.061291843470061294,0.10561056105610561,0.013201320132013201,0.2663837812352664,0.011315417256011316,0.000942951438000943,0.11221122112211221,0.000942951438000943,Замятин,Мы
0.0823686553873553,0.0761353517364203,0.07034728406055209,0.004897595725734639,0.03829029385574354,0.02715939447907391,0.0013357079252003562,0.15939447907390916,0.008459483526268923,0.03561887800534283,0.09260908281389137,0.004897595725734639,0.286286731967943,0.013802315227070348,0.0,0.09839715048975957,0.0,Замятин,Мы
0.08491418247515808,0.07859078590785908,0.08220415537488708,0.006775067750677507,0.03568202348690153,0.03116531165311653,0.0009033423667570009,0.16169828364950317,0.011743450767841012,0.03342366757000903,0.08175248419150859,0.004516711833785004,0.2755194218608853,0.01084010840108401,0.0,0.1002710027100271,0.0,Замятин,Мы
0.08703703703703704,0.08148148148148149,0.060648148148148145,0.013425925925925926,0.03564814814814815,0.012037037037037037,0.000925925925925926,0.20416666666666666,0.00787037037037037,0.023148148148148147,0.04212962962962963,0.05416666666666667,0.23981481481481481,0.012037037037037037,0.0,0.12222222222222222,0.0032407407407407406,Замятин,Ловец человеков
0.05297157622739018,0.07579672695951765,0.05297157622739018,0.01636520241171404,0.02627045650301464,0.023686477174849268,0.0004306632213608958,0.15417743324720068,0.004306632213608958,0.026701119724375538,0.10034453057708871,0.04608096468561585,0.22782084409991388,0.02885443583118002,0.0008613264427217916,0.16236003445305772,0.0,Замятин,Бич Божий
0.05802469135802469,0.05246913580246913,0.06049382716049383,0.009876543209876543,0.040123456790123455,0.028395061728395062,0.0024691358024691358,0.14753086419753086,0.0049382716049382715,0.06481481481481481,0.05246913580246913,0.04506172839506173,0.2820987654320988,0.015432098765432098,0.0,0.1339506172839506,0.001851851851851852,Замятин,На куличках
0.052752293577981654,0.05045871559633028,0.06422018348623854,0.01261467889908257,0.03211009174311927,0.014908256880733946,0.0040137614678899085,0.14793577981651376,0.00974770642201835,0.060206422018348624,0.06995412844036697,0.0338302752293578,0.28784403669724773,0.02408256880733945,0.0,0.1353211009174312,0.0,Замятин,На куличках
0.0681618293755497,0.0760773966578716,0.05672823218997362,0.01759014951627089,0.03386103781882146,0.020228671943711522,0.0,0.18161829375549693,0.00395778364116095,0.025945470536499562,0.08091468777484609,0.032541776605101144,0.2233948988566403,0.02198768689533861,0.0,0.15699208443271767,0.0,Замятин,Бич Божий
0.04478458049886622,0.054988662131519275,0.07539682539682539,0.007369614512471655,0.04705215419501134,0.015306122448979591,0.003968253968253968,0.12755102040816327,0.008503401360544218,0.05102040816326531,0.06689342403628118,0.05555555555555555,0.28174603174603174,0.012471655328798186,0.0,0.1473922902494331,0.0,Замятин,На куличках
0.07886089813800658,0.08269441401971522,0.06736035049288061,0.00547645125958379,0.03504928806133625,0.01533406352683461,0.002738225629791895,0.1976998904709748,0.008762322015334063,0.023001095290251915,0.04216867469879518,0.047097480832420595,0.25629791894852133,0.007667031763417305,0.0,0.12924424972617743,0.000547645125958379,Замятин,Ловец человеков
0.06672719019518839,0.09078529278256922,0.06218792555605992,0.02224239673172946,0.029959146618247844,0.020426690876078075,0.0009078529278256923,0.19337267362687244,0.009532455742169769,0.01861098502042669,0.082614616432138,0.02224239673172946,0.20699046754425782,0.02224239673172946,0.0,0.15115751248297776,0.0,Замятин,Бич Божий
0.08549618320610687,0.05597964376590331,0.07480916030534351,0.008651399491094147,0.0366412213740458,0.03358778625954199,0.0010178117048346056,0.1272264631043257,0.00916030534351145,0.0539440203562341,0.10381679389312977,0.0071246819338422395,0.28142493638676847,0.021374045801526718,0.0,0.09974554707379135,0.0,Замятин,Мы
0.0745793542519327,0.0745793542519327,0.06957708049113233,0.004547521600727604,0.035925420645748066,0.0286493860845839,0.001364256480218281,0.16189176898590268,0.006366530241018645,0.036834924965893585,0.09777171441564347,0.005457025920873124,0.28149158708503863,0.013642564802182811,0.0,0.10732150977717145,0.0,Замятин,Мы
0.07069943289224953,0.07258979206049149,0.0661625708884688,0.0060491493383742915,0.037429111531190926,0.030245746691871456,0.0015122873345935729,0.14858223062381853,0.010964083175803403,0.047637051039697544,0.10472589792060491,0.00831758034026465,0.26351606805293004,0.02570888468809074,0.0,0.10586011342155009,0.0,Замятин,Мы
0.08305647840531562,0.07599667774086379,0.08181063122923588,0.007475083056478406,0.03529900332225914,0.03488372093023256,0.0024916943521594683,0.15406976744186046,0.010382059800664452,0.03571428571428571,0.08554817275747509,0.006229235880398671,0.26578073089701,0.012043189368770765,0.0,0.10921926910299003,0.0,Замятин,Мы
0.08440555841482245,0.05764282038085435,0.07668553782810088,0.007720020586721565,0.03808543489449305,0.033453422542460115,0.001029336078229542,0.12712300566134843,0.009264024704065878,0.05301080802882141,0.1029336078229542,0.007205352547606794,0.281008749356665,0.020586721564590838,0.0,0.09984559958826557,0.0,Замятин,Мы
0.04664970313825276,0.07888040712468193,0.058948261238337574,0.013994910941475827,0.031382527565733676,0.019508057675996608,0.00042408821034775233,0.18405428329092452,0.0021204410517387615,0.027989821882951654,0.09287531806615776,0.031382527565733676,0.22307039864291772,0.02502120441051739,0.00042408821034775233,0.16327396098388464,0.0,Замятин,Бич Божий
0.06059245960502693,0.07540394973070018,0.06193895870736086,0.012118491921005385,0.024685816876122084,0.02154398563734291,0.0004488330341113106,0.16786355475763015,0.0031418312387791743,0.027378815080789945,0.09829443447037702,0.03500897666068223,0.24057450628366248,0.02333931777378815,0.0,0.14766606822262118,0.0,Замятин,Бич Божий
0.08762031198141387,0.08164619980086293,0.07401261201460338,0.007301692665117823,0.039495519415864586,0.035512777962163955,0.0019913707268503153,0.15897776302688352,0.010288748755393295,0.04447394623299038,0.0846332558911384,0.005642217059409226,0.24825755061400598,0.023232658479920346,0.00033189512114171923,0.0965814802522403,0.0,Замятин,Мы
0.06854130052724078,0.07513181019332162,0.08391915641476275,0.007908611599297012,0.03954305799648506,0.027680140597539545,0.0008787346221441124,0.15289982425307558,0.008787346221441126,0.04130052724077329,0.09490333919156414,0.008347978910369069,0.26362038664323373,0.011862917398945518,0.0,0.11467486818980668,0.0,Замятин,Мы
0.05524518932340161,0.06517690875232775,0.07076350093109869,0.011793916821849782,0.03786468032278088,0.0223463687150838,0.0031036623215394167,0.11793916821849783,0.0037243947858473,0.0670391061452514,0.07076350093109869,0.05090006207324643,0.26505276225946617,0.011793916821849782,0.0,0.14649286157666047,0.0,Замятин,На куличках
0.0412262156448203,0.05919661733615222,0.0613107822410148,0.007928118393234672,0.0412262156448203,0.026955602536997886,0.006871035940803382,0.14059196617336153,0.007928118393234672,0.06342494714587738,0.057610993657505286,0.04386892177589852,0.2822410147991543,0.015856236786469344,0.0,0.14376321353065538,0.0,Замятин,На куличках
0.04674530362603757,0.0782000873743993,0.06640454346876365,0.013979903888160769,0.02927042376583661,0.018785495849716033,0.00043687199650502403,0.17343818261249455,0.0030581039755351682,0.028833551769331587,0.09349060725207514,0.03363914373088685,0.22236784622105724,0.025775447793796417,0.00043687199650502403,0.1651376146788991,0.0,Замятин,Бич Божий
0.06303580433686334,0.06908724155320221,0.06202723146747353,0.007564296520423601,0.050932929904185575,0.02924861321230459,0.002017145738779627,0.15128593040847202,0.006051437216338881,0.05698436712052446,0.04387291981845688,0.0453857791225416,0.2718103883005547,0.01361573373676248,0.0,0.12708018154311648,0.0,Замятин,На куличках
0.08785871964679912,0.0706401766004415,0.0565121412803532,0.009713024282560706,0.03487858719646799,0.026931567328918323,0.003973509933774834,0.1554083885209713,0.011920529801324504,0.04856512141280353,0.07902869757174392,0.016777041942604858,0.27770419426048565,0.01545253863134658,0.0,0.10463576158940398,0.0,Замятин,Мы
0.06951340615690169,0.06156901688182721,0.08440913604766634,0.006951340615690168,0.03723932472691162,0.035253227408143,0.0014895729890764648,0.1320754716981132,0.007944389275074478,0.04816285998013903,0.10079443892750745,0.007447864945382324,0.27656405163853026,0.021847070506454815,0.0,0.10873882820258193,0.0,Замятин,Мы
0.07441860465116279,0.07348837209302325,0.07069767441860465,0.0065116279069767444,0.03255813953488372,0.028372093023255815,0.0013953488372093023,0.16279069767441862,0.004651162790697674,0.03255813953488372,0.09209302325581395,0.0060465116279069765,0.2837209302325581,0.01627906976744186,0.0,0.1144186046511628,0.0,Замятин,Мы
0.04685281590156176,0.057264552768575484,0.07524846190250828,0.006625650733554188,0.05347846663511595,0.026502602934216753,0.00236630383341221,0.1486038807382868,0.008518693800283956,0.05963085660198769,0.05868433506862281,0.0416469474680549,0.2574538570752485,0.02082347373402745,0.0,0.1362991008045433,0.0,Замятин,На куличках
0.08395245170876671,0.06946508172362556,0.07763744427934621,0.008172362555720654,0.04086181277860327,0.02823179791976226,0.0,0.15304606240713226,0.01300148588410104,0.03974739970282318,0.08915304606240713,0.006686478454680535,0.2678306092124814,0.020802377414561663,0.0,0.10141158989598811,0.0,Замятин,Мы
0.08562415502478594,0.07931500675980171,0.07210455159981974,0.004506534474988734,0.03785488958990536,0.02568724650743578,0.0009013068949977468,0.16493916178458765,0.00946372239747634,0.03470031545741325,0.08922938260477693,0.004957187922487607,0.2911221270842722,0.011266336187471835,0.0,0.08832807570977919,0.0,Замятин,Мы
0.10671203216826478,0.08413238478193628,0.05227343025054129,0.007114135477884318,0.03773584905660377,0.045159294772656976,0.0,0.19981441385709867,0.008042066192390968,0.03309619548407052,0.05196412001237241,0.049489638107021346,0.21187751314568512,0.01546551190844417,0.0,0.09557686359418496,0.001546551190844417,Замятин,Герберт Уэллс
0.0895,0.0545,0.077,0.015,0.0385,0.038,0.001,0.14,0.0125,0.0485,0.0805,0.01,0.269,0.0155,0.0,0.1105,0.0,Замятин,Мы
0.06706476802939826,0.06614607257694075,0.07625172255397336,0.008268259072117593,0.03491042719338539,0.02388608176389527,0.0,0.1267799724391364,0.016995865870463943,0.05787781350482315,0.09921910886541112,0.007349563619660083,0.2756086357372531,0.020211299954065228,0.0,0.11943040881947635,0.0,Замятин,Мы
0.07071213640922769,0.06369107321965897,0.08375125376128385,0.007021063189568706,0.03610832497492478,0.0366098294884654,0.0015045135406218655,0.1334002006018054,0.00802407221664995,0.04714142427281846,0.10130391173520562,0.007522567703109328,0.2753259779338014,0.019558676028084254,0.0,0.1078234704112337,0.0005015045135406219,Замятин,Мы
0.06922733363108531,0.06788744975435462,0.06878070567217508,0.007592675301473872,0.027244305493523895,0.0241179097811523,0.001786511835640911,0.1527467619472979,0.006699419383653417,0.0531487271103171,0.0933452434122376,0.00982581509602501,0.276462706565431,0.025011165698972757,0.00044662795891022776,0.11523001339883877,0.00044662795891022776,Замятин,Мы
0.08288357748650732,0.06784888203546646,0.07632999228989977,0.009252120277563608,0.03932151117964534,0.029298380878951428,0.0,0.14957594448727835,0.01233616037008481,0.042020046260601386,0.09290670778720124,0.006939090208172706,0.2683114880493446,0.02158828064764842,0.0,0.10138781804163455,0.0,Замятин,Мы
0.05157992565055762,0.08596654275092937,0.05901486988847584,0.011617100371747211,0.03485130111524164,0.020910780669144983,0.0009293680297397769,0.18633828996282528,0.0060408921933085506,0.031598513011152414,0.08921933085501858,0.02184014869888476,0.19888475836431227,0.022304832713754646,0.0,0.17890334572490707,0.0,Замятин,Бич Божий
0.06468891635764318,0.09971157807993407,0.069221260815822,0.009888751545117428,0.03337453646477132,0.016481252575195716,0.0008240626287597857,0.20107128141738773,0.015657189946435928,0.023485784919653894,0.036670786979810466,0.023073753605274,0.2373300370828183,0.023073753605274,0.0,0.1454470539761022,0.0,Замятин,Икс
0.06758080313418217,0.06709108716944172,0.07247796278158668,0.00832517140058766,0.03525954946131244,0.023506366307541625,0.0,0.13222331047992164,0.01665034280117532,0.05680705190989226,0.0969637610186092,0.00881488736532811,0.2801175318315377,0.020078354554358472,0.0,0.11410381978452498,0.0,Замятин,Мы
0.05017921146953405,0.06003584229390681,0.04838709677419355,0.011648745519713262,0.027777777777777776,0.02060931899641577,0.0035842293906810036,0.12455197132616487,0.005376344086021506,0.056451612903225805,0.07795698924731183,0.05197132616487455,0.29121863799283154,0.014336917562724014,0.0,0.1550179211469534,0.0008960573476702509,Замятин,На куличках
0.10137149672033392,0.07901013714967203,0.06380441264162194,0.006857483601669648,0.04114490161001789,0.04144305307096005,0.0,0.2018485390578414,0.008348240906380441,0.03130590339892665,0.046511627906976744,0.055456171735241505,0.216159809183065,0.01520572450805009,0.0,0.0900417412045319,0.0014907573047107932,Замятин,Герберт Уэллс
0.05499760879961741,0.08847441415590626,0.054519368723098996,0.012434241989478718,0.03156384505021521,0.020086083213773313,0.0014347202295552368,0.1917742706838833,0.005738880918220947,0.02773792443806791,0.08225729316116691,0.026781444285031087,0.2065997130559541,0.0234337637494022,0.0,0.17216642754662842,0.0,Замятин,Бич Божий
0.06013639181649101,0.06695598264104154,0.069435833849969,0.013019218846869188,0.03967761934283943,0.021078735275883446,0.0024798512089274642,0.11903285802851829,0.0037197768133911966,0.0675759454432734,0.069435833849969,0.04959702417854929,0.2647241165530068,0.012399256044637322,0.0,0.1407315561066336,0.0,Замятин,На куличках
0.07211538461538461,0.0673076923076923,0.06687062937062938,0.008304195804195804,0.028409090909090908,0.024912587412587412,0.0017482517482517483,0.1547202797202797,0.006118881118881119,0.052884615384615384,0.09178321678321678,0.009178321678321678,0.2718531468531469,0.025349650349650348,0.00043706293706293706,0.11756993006993006,0.00043706293706293706,Замятин,Мы
0.07762017336485422,0.06855791962174941,0.0764381402679275,0.008668242710795903,0.039401103230890466,0.029944838455476755,0.0,0.14736012608353033,0.009850275807722617,0.042159180457052796,0.09810874704491726,0.0070921985815602835,0.26713947990543735,0.02206461780929866,0.0,0.10559495665878645,0.0,Замятин,Мы
0.054375,0.054375,0.059375,0.01,0.036875,0.026875,0.0025,0.1475,0.00375,0.066875,0.056875,0.04625,0.28125,0.01625,0.0,0.135,0.001875,Замятин,На куличках
0.09477652127086698,0.07862143241787829,0.05815831987075929,0.009154550350026925,0.0366182014001077,0.013462574044157244,0.0032310177705977385,0.21755519655358105,0.008077544426494346,0.021540118470651588,0.041464728056004305,0.03284868066774367,0.25471190091545504,0.006462035541195477,0.0,0.12170166935918147,0.0016155088852988692,Замятин,Ловец человеков
0.06347787215020116,0.06303084488153778,0.0773357174787662,0.00581135449262405,0.04023245417970496,0.027715690657130084,0.0013410818059901655,0.13232007152436298,0.006258381761287439,0.04425569959767546,0.11801519892713455,0.008046490835940992,0.27805096110862765,0.021904336164506034,0.0,0.11220384443451051,0.0,Замятин,Мы
0.08274398868458274,0.0685997171145686,0.08592644978783592,0.009900990099009901,0.04101838755304102,0.02934936350777935,0.0003536067892503536,0.15770862800565771,0.015205091937765204,0.04137199434229137,0.07814710042432815,0.008486562942008486,0.25884016973125884,0.018387553041018388,0.0003536067892503536,0.1036067892503536,0.0,Замятин,Мы
0.08172871202396234,0.07103123662815576,0.07445442875481387,0.008557980316645272,0.036799315361574665,0.026957637997432605,0.0004278990158322636,0.15447154471544716,0.011553273427471117,0.0410783055198973,0.09884467265725289,0.009413778348309799,0.2468977321352161,0.02053915275994865,0.0004278990158322636,0.11638853230637569,0.0004278990158322636,Замятин,Мы
0.0911214953271028,0.07087227414330217,0.07476635514018691,0.010514018691588784,0.03582554517133956,0.04322429906542056,0.0019470404984423676,0.15809968847352024,0.011292834890965732,0.0514018691588785,0.08683800623052959,0.010124610591900311,0.23481308411214954,0.02336448598130841,0.0003894080996884735,0.09540498442367601,0.0,Замятин,Мы
0.07286995515695067,0.07286995515695067,0.06689088191330343,0.006352765321375187,0.03699551569506727,0.030269058295964126,0.0014947683109118087,0.1491031390134529,0.01046337817638266,0.04671150971599402,0.1038863976083707,0.0085949177877429,0.2623318385650224,0.0257847533632287,0.0,0.10538116591928251,0.0,Замятин,Мы
0.07898658718330849,0.08122205663189269,0.07749627421758569,0.007078986587183309,0.036885245901639344,0.028315946348733235,0.0018628912071535022,0.15201192250372578,0.012295081967213115,0.044336810730253355,0.10022354694485842,0.004098360655737705,0.2581967213114754,0.020864381520119227,0.00037257824143070045,0.09575260804769002,0.0,Замятин,Мы
0.10898502495840266,0.08402662229617304,0.06433721575152523,0.008319467554076539,0.042429284525790346,0.03688297282307266,0.0,0.22628951747088186,0.01192457016084304,0.03050471436494731,0.04658901830282862,0.014975041597337771,0.20382695507487522,0.019966722129783693,0.0,0.0992789794786467,0.0016638935108153079,Замятин,Герберт Уэллс
0.04286461055933089,0.06272869837950862,0.05906952430737062,0.007318348144276007,0.041296393099843176,0.02561421850496602,0.004704652378463147,0.14061683220073184,0.00836382645060115,0.059592263460533194,0.05697856769472034,0.04443282801881861,0.279665446941976,0.0167276529012023,0.0,0.15002613695765812,0.0,Замятин,На куличках
0.047707271885132005,0.08522464103751737,0.058360352014821676,0.01157943492357573,0.036127836961556276,0.020842982862436313,0.0009263547938860583,0.18295507179249654,0.006021306160259379,0.03242241778601204,0.09263547938860583,0.02269569245020843,0.19731357109773043,0.02269569245020843,0.0,0.1824918943955535,0.0,Замятин,Бич Божий
0.0741272118603539,0.06695361071257772,0.0741272118603539,0.013868962219033954,0.03443328550932568,0.03156384505021521,0.001912960306073649,0.13534194165471067,0.013868962219033954,0.048302247728359636,0.10521281683405069,0.00430416068866571,0.26303204208512676,0.015781922525107604,0.0,0.117168818747011,0.0,Замятин,Мы
0.08792710706150342,0.07152619589977222,0.07152619589977222,0.01184510250569476,0.03826879271070615,0.02460136674259681,0.002733485193621868,0.14441913439635534,0.009567198177676537,0.04464692482915718,0.09521640091116174,0.0031890660592255125,0.26514806378132116,0.01640091116173121,0.0,0.11252847380410023,0.00045558086560364467,Замятин,Мы
0.09019947961838681,0.0797918473547268,0.07805724197745013,0.006504770164787511,0.03642671292281006,0.02645273200346921,0.0008673026886383347,0.16565481352992195,0.012575888985255855,0.030789245446660885,0.0797918473547268,0.003469210754553339,0.28143972246313964,0.011708586296617519,0.0,0.09627059843885516,0.0,Замятин,Мы
0.0953525641025641,0.06770833333333333,0.07251602564102565,0.011217948717948718,0.032852564102564104,0.03886217948717949,0.0016025641025641025,0.15985576923076922,0.01201923076923077,0.050881410256410256,0.08733974358974358,0.010416666666666666,0.24078525641025642,0.022435897435897436,0.00040064102564102563,0.09575320512820513,0.0,Замятин,Мы
0.09416666666666666,0.06041666666666667,0.07666666666666666,0.013333333333333334,0.035416666666666666,0.037083333333333336,0.00125,0.145,0.012083333333333333,0.05291666666666667,0.07916666666666666,0.01125,0.25875,0.015833333333333335,0.0004166666666666667,0.10625,0.0,Замятин,Мы
0.0889487870619946,0.07601078167115903,0.05822102425876011,0.01078167115902965,0.03450134770889488,0.014555256064690027,0.003234501347708895,0.2091644204851752,0.009703504043126684,0.02425876010781671,0.044743935309973046,0.044743935309973046,0.2517520215633423,0.007008086253369272,0.0,0.12075471698113208,0.0016172506738544475,Замятин,Ловец человеков
0.06689936009307737,0.058755090168702735,0.06806282722513089,0.012798138452588714,0.030831878999418267,0.018033740546829553,0.002326934264107039,0.15066899360093078,0.010471204188481676,0.05410122164048865,0.06573589296102385,0.03664921465968586,0.2763234438627109,0.02268760907504363,0.0,0.1256544502617801,0.0,Замятин,На куличках
0.10118675827607745,0.07995003123048094,0.05902560899437851,0.008432229856339788,0.04028732042473454,0.042785758900687074,0.0,0.20081199250468457,0.007807620237351655,0.033728919425359154,0.05246720799500312,0.05121798875702686,0.21361648969394129,0.015927545284197375,0.0,0.09119300437226734,0.001561524047470331,Замятин,Герберт Уэллс
0.05110410094637224,0.05425867507886435,0.061198738170347,0.010094637223974764,0.03596214511041009,0.026498422712933754,0.002523659305993691,0.14511041009463724,0.0037854889589905363,0.06813880126182965,0.056782334384858045,0.04794952681388013,0.28264984227129336,0.016403785488958992,0.0,0.13564668769716087,0.0018927444794952682,Замятин,На куличках
0.06759348034515819,0.07478427612655801,0.07238734419942473,0.005752636625119847,0.0311601150527325,0.027804410354745925,0.0014381591562799617,0.15819750719079578,0.004793863854266539,0.03547459252157239,0.09587727708533078,0.0052732502396931925,0.28475551294343243,0.01725790987535954,0.0,0.1174496644295302,0.0,Замятин,Мы
0.08705575480925987,0.08281708509944571,0.07433974567981741,0.007173133355070101,0.038800130420606455,0.0358656667753505,0.0019563090968373,0.15943919139223997,0.010433648516465601,0.043690903162699704,0.08509944571242256,0.005542875774372351,0.24877730681447668,0.023149657645908053,0.00032605151613955004,0.09553309422888817,0.0,Замятин,Мы
0.08236151603498543,0.08126822157434402,0.0728862973760933,0.010932944606413994,0.03534985422740525,0.04045189504373178,0.0018221574344023323,0.16727405247813412,0.015306122448979591,0.052478134110787174,0.0761661807580175,0.01129737609329446,0.2193877551020408,0.02478134110787172,0.0,0.10787172011661808,0.00036443148688046647,Замятин,Мы
0.08855515277058519,0.05385810460901087,0.07301916105644744,0.008285862247540134,0.03728638011393061,0.033143448990160536,0.0010357327809425167,0.1320559295701709,0.009321595028482652,0.05541170378042465,0.0983946141895391,0.0072501294665976174,0.2827550491973071,0.022268254790264112,0.0,0.09735888140859658,0.0,Замятин,Мы
0.06905829596412556,0.07533632286995516,0.08430493273542601,0.003587443946188341,0.03811659192825112,0.027354260089686097,0.002242152466367713,0.1515695067264574,0.010762331838565023,0.04484304932735426,0.08295964125560538,0.005829596412556054,0.2748878923766816,0.01569506726457399,0.0,0.11345291479820628,0.0,Замятин,Мы
0.09535864978902954,0.060759493670886074,0.07805907172995781,0.014345991561181435,0.035443037974683546,0.03713080168776371,0.0012658227848101266,0.1451476793248945,0.012236286919831224,0.05147679324894515,0.07932489451476793,0.01181434599156118,0.2582278481012658,0.016455696202531647,0.0004219409282700422,0.10253164556962026,0.0,Замятин,Мы
0.07191011235955057,0.10292134831460674,0.052584269662921346,0.01752808988764045,0.025168539325842697,0.01662921348314607,0.0,0.2350561797752809,0.0071910112359550565,0.017977528089887642,0.06606741573033707,0.012134831460674157,0.1991011235955056,0.02202247191011236,0.0,0.15370786516853932,0.0,Замятин,Бич Божий
0.0481651376146789,0.08440366972477065,0.05412844036697248,0.01055045871559633,0.03394495412844037,0.018807339449541285,0.0009174311926605505,0.18669724770642201,0.0022935779816513763,0.022935779816513763,0.09174311926605505,0.03669724770642202,0.22706422018348624,0.022477064220183487,0.00045871559633027525,0.15871559633027524,0.0,Замятин,Бич Божий
0.07658321060382917,0.06872852233676977,0.08100147275405008,0.009327442317133039,0.033873343151693665,0.026018654884634267,0.002454590083456063,0.13696612665684832,0.011291114383897889,0.045655375552282766,0.10358370152184586,0.006381934216985763,0.26853215513009326,0.017673048600883652,0.0,0.11143838978890526,0.0004909180166912126,Замятин,Мы
0.07399898631525595,0.06183476938672073,0.06132792701469843,0.007095793208312215,0.04054738976178408,0.02382159148504815,0.0040547389761784085,0.1403953370501774,0.006588950836289914,0.06436898124683224,0.0456158134820071,0.05119107957425241,0.2736948808920426,0.017232640648758235,0.0,0.12823112012164217,0.0,Замятин,На куличках
0.060414788097385035,0.08431018935978359,0.0563570784490532,0.0193868349864743,0.03381424706943192,0.018935978358881875,0.001352569882777277,0.18710550045085664,0.0063119927862939585,0.021190261496844005,0.08431018935978359,0.030658250676284943,0.21911632100991885,0.02479711451758341,0.0004508566275924256,0.151487826871055,0.0,Замятин,Бич Божий
0.05969517358171041,0.08933107535986452,0.06138865368331922,0.02243861134631668,0.0283657917019475,0.023708721422523286,0.0004233700254022015,0.165961049957663,0.011854360711261643,0.03048264182895851,0.09695173581710415,0.03175275190516511,0.1951735817104149,0.02540220152413209,0.0,0.15707027942421675,0.0,Замятин,Бич Божий
0.10898502495840266,0.08402662229617304,0.06433721575152523,0.008319467554076539,0.042429284525790346,0.03688297282307266,0.0,0.22628951747088186,0.01192457016084304,0.03050471436494731,0.04658901830282862,0.014975041597337771,0.20382695507487522,0.019966722129783693,0.0,0.0992789794786467,0.0016638935108153079,Замятин,Герберт Уэллс
0.08423913043478261,0.0792572463768116,0.07246376811594203,0.004528985507246377,0.03759057971014493,0.025815217391304348,0.0009057971014492754,0.1634963768115942,0.009510869565217392,0.035326086956521736,0.0901268115942029,0.004981884057971014,0.291213768115942,0.011322463768115942,0.0,0.08922101449275362,0.0,Замятин,Мы
0.08398197460057354,0.07005325686194183,0.0766079475624744,0.008603031544448997,0.03727980335927898,0.02867677181482999,0.0008193363375665711,0.15444489963129865,0.011470708725931995,0.04219582138467841,0.09299467431380581,0.012699713232281851,0.24170421958213847,0.019664072101597707,0.00040966816878328555,0.11798443260958623,0.00040966816878328555,Замятин,Мы
0.06297795771479982,0.08142150247413406,0.07602339181286549,0.005398110661268556,0.04093567251461988,0.032388663967611336,0.001349527665317139,0.14664867296446243,0.007197480881691408,0.03913630229419703,0.09491677912730544,0.007647323436797121,0.26900584795321636,0.015294646873594242,0.0,0.11830859199280253,0.001349527665317139,Замятин,Мы
0.06146469049694856,0.07846556233653008,0.07628596338273758,0.005666957279860506,0.04097646033129904,0.03312990409764603,0.0026155187445510027,0.14516129032258066,0.006538796861377506,0.037053182214472534,0.0985178727114211,0.0074106364428945075,0.2702702702702703,0.017436791630340016,0.0,0.11769834350479512,0.0013077593722755014,Замятин,Мы
0.07929104477611941,0.07369402985074627,0.08675373134328358,0.009328358208955223,0.029850746268656716,0.03031716417910448,0.0009328358208955224,0.15485074626865672,0.01166044776119403,0.036380597014925374,0.09188432835820895,0.008395522388059701,0.2691231343283582,0.009794776119402986,0.0,0.10774253731343283,0.0,Замятин,Мы
0.05233219567690557,0.055176336746302616,0.06882821387940842,0.011945392491467578,0.04778156996587031,0.024459613196814563,0.0034129692832764505,0.13879408418657566,0.003981797497155859,0.052901023890784986,0.06825938566552901,0.032423208191126277,0.2992036405005688,0.007963594994311717,0.0,0.13139931740614336,0.0011376564277588168,Замятин,На куличках
0.054409005628517824,0.054409005628517824,0.05941213258286429,0.010006253908692933,0.03689806128830519,0.02689180737961226,0.0025015634771732333,0.14759224515322075,0.00375234521575985,0.066916823014384,0.056910569105691054,0.046278924327704814,0.28080050031269543,0.016260162601626018,0.0,0.1350844277673546,0.001876172607879925,Замятин,На куличках
0.0977891156462585,0.06462585034013606,0.07312925170068027,0.011904761904761904,0.036139455782312924,0.03826530612244898,0.0017006802721088435,0.15518707482993196,0.012755102040816327,0.05187074829931973,0.07908163265306123,0.012755102040816327,0.24149659863945577,0.0195578231292517,0.00042517006802721087,0.10289115646258504,0.00042517006802721087,Замятин,Мы
0.08826429980276135,0.07938856015779093,0.05719921104536489,0.013806706114398421,0.03747534516765286,0.013806706114398421,0.0009861932938856016,0.1987179487179487,0.006903353057199211,0.021696252465483234,0.05325443786982249,0.05226824457593689,0.23816568047337278,0.010355029585798817,0.0,0.1252465483234714,0.002465483234714004,Замятин,Ловец человеков
0.07902852737085582,0.07131842713955282,0.07555898226676946,0.00963762528912876,0.03585196607555898,0.03122590593677718,0.0015420200462606013,0.15150346954510407,0.01079414032382421,0.05088666152659985,0.09599074787972244,0.00963762528912876,0.24672320740169623,0.025828835774865073,0.0,0.1040863531225906,0.00038550501156515033,Замятин,Мы
0.05999008428358949,0.0887456618740704,0.05651958353991076,0.010907288051561725,0.02825979176995538,0.02032721864154685,0.0004957858205255329,0.19484382746653445,0.004462072384729797,0.02032721864154685,0.0768468021814576,0.030738720872583045,0.2196331184928111,0.021318790282597918,0.0,0.1665840356965791,0.0,Замятин,Бич Божий
0.07119067443796837,0.08409658617818484,0.0678601165695254,0.012489592006661115,0.038301415487094086,0.017901748542880933,0.0012489592006661116,0.197751873438801,0.011240632805995004,0.03164029975020816,0.03746877601998335,0.06744379683597003,0.2331390507910075,0.011656952539550375,0.0,0.11407160699417153,0.002497918401332223,Замятин,Ловец человеков
0.051832460732984295,0.06649214659685863,0.0581151832460733,0.0062827225130890054,0.039790575916230364,0.03193717277486911,0.0010471204188481676,0.1424083769633508,0.006806282722513089,0.07225130890052356,0.05287958115183246,0.041884816753926704,0.27225130890052357,0.0193717277486911,0.0,0.13455497382198953,0.0020942408376963353,Замятин,На куличках
0.04896265560165975,0.07676348547717843,0.053112033195020746,0.021576763485477178,0.02863070539419087,0.026556016597510373,0.0008298755186721991,0.14066390041493776,0.0037344398340248964,0.02987551867219917,0.10912863070539419,0.04605809128630706,0.2112033195020747,0.034854771784232366,0.0008298755186721991,0.16721991701244812,0.0,Замятин,Бич Божий
0.08148893360160966,0.06488933601609657,0.07997987927565392,0.011066398390342052,0.03722334004024145,0.028169014084507043,0.0015090543259557343,0.14587525150905434,0.015593561368209255,0.0528169014084507,0.09154929577464789,0.012575452716297788,0.25704225352112675,0.014084507042253521,0.001006036217303823,0.10462776659959759,0.0005030181086519115,Замятин,Мы
0.07354733848029256,0.0707029662738724,0.06989028850060951,0.00650142218610321,0.029256399837464444,0.022348638764729784,0.001219016659894352,0.15644047135310848,0.011783827712312069,0.04510361641609102,0.08533116619260463,0.008533116619260463,0.27346607070296625,0.021535960991466884,0.0004063388866314506,0.12352702153596098,0.0004063388866314506,Замятин,Мы
0.1147498710675606,0.08019597730789066,0.05415162454873646,0.004383702939659618,0.04100051572975761,0.039195461578133056,0.0,0.21892728210417742,0.007220216606498195,0.038679731820526045,0.051315110881897885,0.03945332645693656,0.20242392986075297,0.017534811758638472,0.00025786487880350697,0.0892212480660134,0.0012893243940175349,Замятин,Герберт Уэллс
0.082220367278798,0.07470784641068448,0.0830550918196995,0.007512520868113523,0.03547579298831385,0.034223706176961605,0.002086811352253756,0.1540066777963272,0.010434056761268781,0.03547579298831385,0.08597662771285476,0.006260434056761269,0.26669449081803004,0.012103505843071787,0.0,0.10976627712854758,0.0,Замятин,Мы
0.09879839786381843,0.07120605251446373,0.07521139296840232,0.004450378282153983,0.039163328882955054,0.021806853582554516,0.0008900756564307966,0.1584334668446818,0.011125945705384957,0.03471295060080107,0.09434801958166444,0.0017801513128615932,0.2906097018246551,0.010680907877169559,0.0,0.08678237650200267,0.0,Замятин,Мы
0.05234460196292257,0.06870229007633588,0.06379498364231188,0.007088331515812432,0.04743729552889858,0.023446019629225736,0.0027262813522355507,0.1450381679389313,0.004362050163576881,0.05234460196292257,0.0539803707742639,0.04580152671755725,0.2786259541984733,0.014721919302071973,0.0,0.1395856052344602,0.0,Замятин,На куличках
0.07310469314079422,0.10108303249097472,0.053700361010830325,0.018501805054151624,0.024368231046931407,0.016696750902527077,0.0,0.22969314079422382,0.006768953068592058,0.0194043321299639,0.06859205776173286,0.012184115523465704,0.20171480144404333,0.02075812274368231,0.0,0.15342960288808663,0.0,Замятин,Бич Божий
0.07893829713891762,0.06928645294725956,0.06652878317821441,0.007928300586004825,0.03895208548776284,0.03205791106514995,0.0006894174422612892,0.1499482936918304,0.010685970355049982,0.041020337814546705,0.10134436401240951,0.007238883143743537,0.2592209582902447,0.023440193036883834,0.0,0.11271975180972078,0.0,Замятин,Мы
0.045502092050209206,0.0700836820083682,0.06119246861924686,0.005753138075313808,0.040271966527196654,0.03190376569037657,0.0010460251046025104,0.14382845188284518,0.005753138075313808,0.07269874476987448,0.05387029288702929,0.04079497907949791,0.27510460251046026,0.019351464435146442,0.0,0.1307531380753138,0.0020920502092050207,Замятин,На куличках
0.09414316702819957,0.0772234273318872,0.07331887201735358,0.005206073752711497,0.03947939262472885,0.025162689804772233,0.0004338394793926247,0.1631236442516269,0.013015184381778741,0.03427331887201735,0.08720173535791757,0.0026030368763557484,0.2841648590021692,0.010845986984815618,0.0,0.08980477223427331,0.0,Замятин,Мы
0.06879271070615034,0.0765375854214123,0.05968109339407745,0.01867881548974943,0.03143507972665148,0.02733485193621868,0.0,0.1776765375854214,0.004555808656036446,0.027790432801822324,0.08018223234624146,0.03644646924829157,0.21594533029612756,0.01958997722095672,0.0,0.15535307517084282,0.0,Замятин,Бич Божий
0.05887300252312868,0.0798990748528175,0.06476030277544155,0.0159798149705635,0.030277544154751892,0.02060555088309504,0.0,0.17998317914213624,0.0037846930193439865,0.028595458368376788,0.08746846089150546,0.032380151387720775,0.2127838519764508,0.02691337258200168,0.0,0.1576955424726661,0.0,Замятин,Бич Божий
0.06255468066491689,0.07217847769028872,0.08617672790901137,0.00699912510936133,0.04330708661417323,0.024496937882764653,0.0004374453193350831,0.14610673665791776,0.01268591426071741,0.047244094488188976,0.09536307961504811,0.006561679790026247,0.2637795275590551,0.012248468941382326,0.0,0.11986001749781278,0.0,Замятин,Мы
0.053421633554083886,0.05827814569536424,0.06931567328918323,0.005739514348785872,0.052097130242825605,0.03090507726269316,0.0026490066225165563,0.1576158940397351,0.0075055187637969095,0.060485651214128036,0.05695364238410596,0.038852097130242826,0.2503311258278146,0.022958057395143488,0.0,0.13289183222958056,0.0,Замятин,На куличках
0.059414225941422594,0.0803347280334728,0.06527196652719665,0.015899581589958158,0.030543933054393305,0.020502092050209204,0.0,0.1803347280334728,0.0037656903765690376,0.028451882845188285,0.08744769874476988,0.031799163179916316,0.2125523012552301,0.026778242677824266,0.0,0.15690376569037656,0.0,Замятин,Бич Божий
0.06192660550458716,0.07660550458715597,0.08027522935779817,0.007798165137614679,0.03761467889908257,0.03577981651376147,0.0013761467889908258,0.13944954128440368,0.008256880733944955,0.0389908256880734,0.1018348623853211,0.00871559633027523,0.26513761467889907,0.016055045871559634,0.0,0.11926605504587157,0.0009174311926605505,Замятин,Мы
0.11250890102065036,0.0814146688820318,0.05601708995964871,0.004509850462853074,0.04058865416567767,0.040351293615001185,0.0,0.2273914075480655,0.008307619273676715,0.036790885354854024,0.047472110135295516,0.028957987182530263,0.20460479468312368,0.019700925706147638,0.00023736055067647758,0.08948492760503204,0.001661523854735343,Замятин,Герберт Уэллс
0.06634106634106635,0.09768009768009768,0.06349206349206349,0.008547008547008548,0.03093203093203093,0.022792022792022793,0.003256003256003256,0.20512820512820512,0.007326007326007326,0.032153032153032154,0.05291005291005291,0.02971102971102971,0.2372812372812373,0.02442002442002442,0.0,0.11762311762311763,0.000407000407000407,Замятин,Икс
0.08686327077747989,0.07882037533512064,0.06273458445040214,0.0096514745308311,0.033780160857908845,0.016621983914209115,0.0032171581769436996,0.19892761394101877,0.006434316353887399,0.02359249329758713,0.04932975871313673,0.03967828418230563,0.2520107238605898,0.006434316353887399,0.0,0.13029490616621983,0.0016085790884718498,Замятин,Ловец человеков
0.07855093256814921,0.0821377331420373,0.07568149210903874,0.007173601147776184,0.036944045911047343,0.029411764705882353,0.002152080344332855,0.15315638450502153,0.011836441893830704,0.04411764705882353,0.10078909612625538,0.005380200860832138,0.25573888091822095,0.020444763271162122,0.0003586800573888092,0.09612625538020086,0.0,Замятин,Мы
0.07310838445807771,0.06390593047034765,0.058793456032719835,0.007668711656441718,0.041922290388548056,0.02198364008179959,0.004601226993865031,0.1416155419222904,0.0066462167689161555,0.06492842535787322,0.05265848670756646,0.04959100204498978,0.27096114519427406,0.01789366053169734,0.0,0.12372188139059305,0.0,Замятин,На куличках
0.055233853006681516,0.06102449888641425,0.07037861915367483,0.005790645879732739,0.05033407572383074,0.030734966592427616,0.0026726057906458797,0.16391982182628062,0.0071269487750556795,0.062360801781737196,0.057015590200445436,0.033853006681514475,0.2467706013363029,0.022271714922048998,0.0,0.13051224944320713,0.0,Замятин,На куличках
0.04957160342717258,0.06303549571603427,0.06303549571603427,0.01040391676866585,0.03549571603427173,0.014075887392900856,0.0030599755201958386,0.16156670746634028,0.008567931456548347,0.038555691554467565,0.05018359853121175,0.05446756425948592,0.28090575275397794,0.020195838433292534,0.0,0.1456548347613219,0.0012239902080783353,Замятин,На куличках
0.06820566631689402,0.06295907660020986,0.06663168940188877,0.01049317943336831,0.03830010493179433,0.01626442812172088,0.001049317943336831,0.15687303252885623,0.005246589716684155,0.05876180482686254,0.05246589716684155,0.03252885624344176,0.2712486883525708,0.017313746065057714,0.0,0.1416579223504722,0.0,Замятин,На куличках
0.092423428264374,0.05051047823750672,0.0677055346587856,0.010746910263299301,0.037614185921547555,0.031166039763567976,0.0010746910263299302,0.13594841483073616,0.00967221923696937,0.06501880709296078,0.09134873723804406,0.009134873723804407,0.2821063944116067,0.024717893605588393,0.0,0.09081139172487909,0.0,Замятин,Мы
0.05299860529986053,0.07670850767085077,0.0706648070664807,0.005113900511390051,0.04091120409112041,0.030683403068340307,0.0023245002324500234,0.13668061366806136,0.007438400743840074,0.04416550441655044,0.1087866108786611,0.00604370060437006,0.27615062761506276,0.016271501627150162,0.0,0.12366341236634124,0.001394700139470014,Замятин,Мы
0.11156661786237189,0.08316251830161055,0.053879941434846264,0.005856515373352855,0.038945827232796486,0.04158125915080527,0.0,0.1979502196193265,0.007320644216691069,0.03777452415812591,0.050951683748169836,0.04802342606149341,0.21259150805270863,0.016398243045387995,0.0,0.09253294289897511,0.0014641288433382138,Замятин,Герберт Уэллс
0.05136702568351284,0.07912178956089479,0.061309030654515324,0.016984258492129246,0.02899751449875725,0.021955260977630488,0.0008285004142502071,0.15700082850041425,0.004556752278376139,0.024855012427506214,0.09859154929577464,0.04308202154101077,0.22410936205468102,0.027340513670256836,0.00041425020712510354,0.15948632974316487,0.0,Замятин,Бич Божий
0.08535598705501618,0.07686084142394822,0.06634304207119741,0.0036407766990291263,0.03357605177993527,0.027912621359223302,0.0020226537216828477,0.17030744336569578,0.010517799352750809,0.03802588996763754,0.08940129449838188,0.010113268608414239,0.26739482200647247,0.022249190938511326,0.0,0.09506472491909385,0.0012135922330097086,Замятин,Мы
0.05482340537691091,0.06431207169214549,0.0595677385345282,0.0036900369003690036,0.03953610964681075,0.028993147074327884,0.0010542962572482868,0.15445440168687402,0.005798629414865577,0.06958355297838692,0.04638903531892462,0.04059040590405904,0.2878228782287823,0.01686874011597259,0.0,0.12440695835529784,0.0021085925144965737,Замятин,На куличках
0.09429280397022333,0.060380479735318446,0.07816377171215881,0.014061207609594707,0.035153019023986765,0.036807278742762614,0.0012406947890818859,0.14516129032258066,0.011993382961124897,0.05293631100082713,0.07899090157154673,0.011579818031430935,0.2572373862696443,0.01695616211745244,0.00041356492969396195,0.10463192721257238,0.0,Замятин,Мы
0.1140159767610748,0.08157831033648028,0.053497942386831275,0.005083514887436456,0.0392156862745098,0.03969983054950375,0.0,0.22125393367223434,0.009198741224885015,0.037521181312030985,0.04962478818687969,0.0346163156620673,0.20334059549745825,0.01815541031227306,0.0002420721374969741,0.09174534011135319,0.0012103606874848704,Замятин,Герберт Уэллс
0.05824284304047384,0.06663376110562685,0.06959526159921027,0.004442250740375123,0.037018756169792694,0.029615004935834157,0.0019743336623889436,0.12931885488647582,0.007897334649555774,0.052813425468904246,0.11648568608094768,0.006910167818361303,0.2813425468904245,0.020236920039486673,0.0,0.11697926949654491,0.0004935834155972359,Замятин,Мы
0.05813953488372093,0.05872093023255814,0.06453488372093023,0.00813953488372093,0.038953488372093024,0.01686046511627907,0.0017441860465116279,0.16046511627906976,0.007558139534883721,0.047674418604651166,0.053488372093023255,0.045930232558139536,0.2802325581395349,0.019767441860465116,0.0,0.13662790697674418,0.0011627906976744186,Замятин,На куличках
0.06296992481203008,0.07048872180451128,0.08505639097744361,0.005169172932330827,0.03806390977443609,0.022086466165413533,0.0,0.12828947368421054,0.01926691729323308,0.0531015037593985,0.09116541353383459,0.005639097744360902,0.2791353383458647,0.01926691729323308,0.0,0.12030075187969924,0.0,Замятин,Мы
0.07481412639405205,0.07481412639405205,0.07063197026022305,0.006505576208178439,0.032527881040892194,0.028345724907063198,0.0013940520446096654,0.1621747211895911,0.004646840148698885,0.032992565055762084,0.09293680297397769,0.0055762081784386614,0.2820631970260223,0.016263940520446097,0.0,0.11431226765799256,0.0,Замятин,Мы
0.04885701479157328,0.0842671447781264,0.05826983415508741,0.012102196324518153,0.03809950694755715,0.01882563872702824,0.0008964589870013447,0.17884356790676825,0.00582698341550874,0.0340654415060511,0.09143881667413715,0.024652622142536978,0.19542805916629313,0.02510085163603765,0.0,0.183325862841775,0.0,Замятин,Бич Божий
0.1179108414666315,0.0833553152202585,0.055130572408335535,0.006330783434450013,0.03745713532049591,0.03983117910841467,0.0,0.2360854655763651,0.010815088367185439,0.03402796096016882,0.04695331047217093,0.020047480875758375,0.19862833025586915,0.020047480875758375,0.0,0.09179635979952519,0.0015826958586125032,Замятин,Герберт Уэллс
0.05836194212849436,0.07111329082883766,0.05590975968612065,0.0063756743501716525,0.05198626777832271,0.02893575282000981,0.00196174595389897,0.16086316821971555,0.008337420304070623,0.05345757724374693,0.05051495831289848,0.04119666503187837,0.27954879843060326,0.01373222167729279,0.0,0.11770475723393821,0.0,Замятин,На куличках
0.05045871559633028,0.07422852376980818,0.0646371976647206,0.015012510425354461,0.030025020850708923,0.019182652210175146,0.0,0.17514595496246874,0.0037531276063386154,0.029190992493744787,0.09299416180150125,0.028773978315262717,0.21851542952460384,0.0329441201000834,0.0,0.1651376146788991,0.0,Замятин,Бич Божий
0.09456656988801328,0.06055578598092078,0.07756117793446703,0.013272501036914143,0.035255080879303194,0.03732890916632103,0.001244296972210701,0.14475321443384487,0.012028204064703443,0.052675238490253004,0.07963500622148487,0.011198672749896308,0.2575694732476151,0.016175860638739114,0.00041476565740356696,0.10576524263790958,0.0,Замятин,Мы
0.08610478359908884,0.06970387243735764,0.05740318906605923,0.010478359908883827,0.0337129840546697,0.025968109339407745,0.004100227790432802,0.1498861047835991,0.012300683371298405,0.0510250569476082,0.08246013667425968,0.01640091116173121,0.2769931662870159,0.015489749430523917,0.0,0.10797266514806378,0.0,Замятин,Мы
0.0839041095890411,0.06720890410958905,0.07748287671232877,0.007705479452054794,0.04366438356164384,0.020976027397260275,0.0008561643835616438,0.14511986301369864,0.016267123287671232,0.041523972602739725,0.08690068493150685,0.006421232876712328,0.2714041095890411,0.016695205479452056,0.0,0.11386986301369863,0.0,Замятин,Мы
0.05949367088607595,0.08565400843881857,0.06118143459915612,0.010970464135021098,0.02911392405063291,0.02109704641350211,0.0004219409282700422,0.1780590717299578,0.004641350210970464,0.029535864978902954,0.08649789029535865,0.031223628691983123,0.21223628691983124,0.019409282700421943,0.0004219409282700422,0.170042194092827,0.0,Замятин,Бич Божий
0.05263157894736842,0.05663615560640732,0.06693363844393593,0.012585812356979404,0.043478260869565216,0.02517162471395881,0.002860411899313501,0.13558352402745996,0.005148741418764302,0.04805491990846682,0.06464530892448513,0.041189931350114416,0.2997711670480549,0.006864988558352402,0.0,0.13844393592677345,0.0,Замятин,На куличках
0.06004618937644342,0.07575057736720554,0.08036951501154735,0.005080831408775982,0.040646651270207855,0.02956120092378753,0.0023094688221709007,0.14503464203233257,0.007390300230946882,0.040184757505773674,0.09653579676674365,0.007390300230946882,0.2734411085450346,0.014780600461893764,0.0,0.12009237875288684,0.0013856812933025404,Замятин,Мы
0.06387225548902195,0.09301397205588822,0.06467065868263473,0.010379241516966068,0.03273453093812375,0.02315369261477046,0.0023952095808383233,0.19760479041916168,0.005988023952095809,0.0343313373253493,0.05229540918163673,0.029940119760479042,0.24471057884231537,0.02554890219560878,0.0,0.11896207584830339,0.0003992015968063872,Замятин,Икс
0.07044830741079597,0.07639524245196706,0.0585544373284538,0.019670631290027447,0.032479414455626715,0.025617566331198535,0.0,0.18023787740164685,0.004574565416285453,0.028819762122598354,0.07822506861848125,0.03476669716376944,0.21546203110704484,0.020128087831655993,0.0,0.1546203110704483,0.0,Замятин,Бич Божий
0.07006885378695828,0.07371405427298501,0.07168894289185905,0.007290400972053463,0.03442689347914135,0.023086269744835967,0.0004050222762251924,0.1535034426893479,0.013365735115431349,0.04050222762251924,0.08748481166464156,0.0044552450384771165,0.26812474686107735,0.018226002430133656,0.0004050222762251924,0.1332523288780883,0.0,Замятин,Мы
0.07909215955983494,0.07015130674002751,0.06671251719394773,0.007909215955983494,0.04092159559834938,0.03163686382393398,0.001375515818431912,0.15646492434662998,0.012035763411279229,0.039202200825309494,0.0969738651994498,0.006189821182943604,0.2610041265474553,0.023383768913342505,0.0,0.10694635488308116,0.0,Замятин,Мы
0.10434782608695652,0.06173913043478261,0.07217391304347825,0.012608695652173913,0.035652173913043476,0.036521739130434785,0.0017391304347826088,0.15565217391304348,0.012608695652173913,0.050869565217391305,0.07434782608695652,0.013478260869565217,0.2482608695652174,0.018260869565217393,0.0004347826086956522,0.10086956521739131,0.0004347826086956522,Замятин,Мы
0.05337243401759531,0.06451612903225806,0.05337243401759531,0.007038123167155425,0.03988269794721408,0.02346041055718475,0.004105571847507331,0.15953079178885632,0.005865102639296188,0.0686217008797654,0.05161290322580645,0.03460410557184751,0.2838709677419355,0.01466275659824047,0.0,0.13548387096774195,0.0,Замятин,На куличках
0.0882032667876588,0.07150635208711434,0.06606170598911071,0.007985480943738656,0.03484573502722323,0.031941923774954625,0.0007259528130671506,0.15862068965517243,0.010889292196007259,0.039201451905626135,0.09292196007259527,0.005807622504537205,0.25480943738656986,0.022141560798548093,0.0,0.11433756805807622,0.0,Замятин,Мы
0.05162876459741856,0.054087277197295634,0.06515058389674247,0.011677934849416103,0.03318992009834051,0.024585125998770743,0.0006146281499692685,0.12968653964351567,0.0043023970497848806,0.07068223724646588,0.059618930547019056,0.05900430239704978,0.2784265519360787,0.019053472649047325,0.0,0.13767670559311618,0.0006146281499692685,Замятин,На куличках
0.07498660953401179,0.080878414568827,0.06695232994108195,0.006963042313872523,0.033743974290305304,0.014997321906802356,0.002678093197643278,0.19657204070701662,0.00856989823245849,0.025709694697375468,0.04231387252276379,0.047670058918050345,0.2570969469737547,0.008034279592929834,0.0,0.13229780396357793,0.0005356186395286556,Замятин,Ловец человеков
0.09572215163066497,0.06268530283778061,0.07581533248623465,0.013553578991952562,0.03515459551037696,0.03811944091486658,0.0012706480304955528,0.14824227022448117,0.012706480304955527,0.0529436679373147,0.0770859805167302,0.01228293096145701,0.2524354087251165,0.0169419737399407,0.00042354934349851756,0.10419313850063533,0.00042354934349851756,Замятин,Мы
0.05734966592427617,0.09409799554565701,0.07906458797327394,0.012806236080178173,0.0400890868596882,0.018374164810690423,0.0005567928730512249,0.18485523385300667,0.004454342984409799,0.03229398663697105,0.06291759465478843,0.025612472160356347,0.22494432071269488,0.02839643652561247,0.0,0.13418708240534521,0.0,Замятин,Лев
0.04963235294117647,0.056372549019607844,0.06678921568627451,0.00980392156862745,0.0392156862745098,0.02267156862745098,0.001838235294117647,0.1409313725490196,0.0055147058823529415,0.07107843137254902,0.056372549019607844,0.051470588235294115,0.27450980392156865,0.016544117647058824,0.0,0.13541666666666666,0.001838235294117647,Замятин,На куличках
0.05114638447971781,0.06466784244562022,0.05291005291005291,0.007642563198118754,0.0393885949441505,0.024103468547912992,0.00411522633744856,0.1628453850676073,0.005291005291005291,0.06701940035273368,0.04997060552616108,0.03409758965314521,0.28336272780717225,0.015285126396237508,0.0,0.13815402704291593,0.0,Замятин,На куличках
0.05513784461152882,0.07067669172932331,0.061654135338345864,0.007017543859649123,0.05012531328320802,0.026566416040100252,0.0015037593984962407,0.1568922305764411,0.009022556390977444,0.058646616541353384,0.04862155388471178,0.039097744360902256,0.27769423558897244,0.014035087719298246,0.0,0.12330827067669173,0.0,Замятин,На куличках
0.0769927536231884,0.0769927536231884,0.08605072463768115,0.009057971014492754,0.033967391304347824,0.030797101449275364,0.0009057971014492754,0.1585144927536232,0.009510869565217392,0.03985507246376811,0.09148550724637682,0.008152173913043478,0.26403985507246375,0.008152173913043478,0.0,0.10552536231884058,0.0,Замятин,Мы
0.07883082373782108,0.06731620903454384,0.07927369353410098,0.01550044286979628,0.03675819309123118,0.03188662533215235,0.0022143489813994687,0.14924712134632417,0.0141718334809566,0.045172719220549155,0.09698848538529672,0.0044286979627989375,0.24844995571302037,0.016386182462356066,0.0,0.1133746678476528,0.0,Замятин,Мы
0.08672480620155039,0.059593023255813955,0.08187984496124032,0.014050387596899225,0.036337209302325583,0.031007751937984496,0.0009689922480620155,0.14050387596899225,0.015503875968992248,0.04748062015503876,0.08914728682170543,0.01065891472868217,0.2611434108527132,0.015019379844961241,0.0009689922480620155,0.10852713178294573,0.00048449612403100775,Замятин,Мы
0.07102148180622533,0.0661990355107409,0.06663743971942131,0.008768084173608066,0.028496273564226217,0.02498903989478299,0.0017536168347216134,0.15212626041209995,0.006137658921525646,0.0530469092503288,0.09601052170100834,0.00920648838228847,0.27093380096448927,0.0263042525208242,0.00043840420868040335,0.11749232792634809,0.00043840420868040335,Замятин,Мы
0.06052514463729417,0.0796617712505563,0.08099688473520249,0.0053404539385847796,0.04138851802403204,0.03204272363150868,0.0026702269692923898,0.14552736982643524,0.006675567423230975,0.037383177570093455,0.09657320872274143,0.00801068090787717,0.27102803738317754,0.014686248331108143,0.0,0.11615487316421896,0.0013351134846461949,Замятин,Мы
0.048602150537634406,0.07268817204301076,0.06623655913978495,0.016344086021505378,0.03225806451612903,0.016774193548387096,0.0,0.17161290322580644,0.0034408602150537634,0.03139784946236559,0.09290322580645162,0.03397849462365592,0.21935483870967742,0.030107526881720432,0.0,0.1643010752688172,0.0,Замятин,Бич Божий
0.06687085247575293,0.06687085247575293,0.06278713629402756,0.01174068402246044,0.039816232771822356,0.02450229709035222,0.00408371618172537,0.16590096988259315,0.007656967840735069,0.05666156202143951,0.05768249106687085,0.030117406840224605,0.26339969372128635,0.016845329249617153,0.0,0.12506380806533945,0.0,Замятин,На куличках
0.04817275747508306,0.07599667774086379,0.053156146179401995,0.02117940199335548,0.029069767441860465,0.02616279069767442,0.0008305647840531562,0.1403654485049834,0.003737541528239203,0.029900332225913623,0.10921926910299003,0.046926910299003324,0.21179401993355482,0.03529900332225914,0.0008305647840531562,0.16735880398671096,0.0,Замятин,Бич Божий
0.05515759312320917,0.08130372492836677,0.05981375358166189,0.01181948424068768,0.054441260744985676,0.021131805157593123,0.00035816618911174784,0.15974212034383956,0.0060888252148997134,0.039040114613180514,0.07700573065902579,0.0419054441260745,0.21024355300859598,0.025071633237822348,0.0,0.15257879656160458,0.004297994269340974,Толстой,Анна Каренина
0.04221732745961821,0.07525697503671072,0.04955947136563876,0.013215859030837005,0.048091042584434654,0.03010279001468429,0.0007342143906020558,0.131791483113069,0.008076358296622614,0.044419970631424374,0.10682819383259912,0.04221732745961821,0.2250367107195301,0.030469897209985317,0.0,0.15198237885462554,0.0,Толстой,Анна Каренина
0.06331340133661625,0.08054871614491733,0.03974674639465353,0.01723531480830109,0.03904326415758002,0.043264157580021105,0.0,0.14984171649665845,0.006683081252198382,0.037284558564896236,0.11818501582835034,0.04607808652831516,0.1927541329581428,0.027084066127330286,0.0,0.1364755539922617,0.0024621878297572987,Толстой,Анна Каренина
0.06778500513522766,0.08216364258815474,0.0530640191715166,0.009928106812735364,0.05237932214994865,0.04758644299897295,0.0,0.1749400890106128,0.005477576172543649,0.03457719958918179,0.09448818897637795,0.025676138308798356,0.18829168093118795,0.017117425539198903,0.0,0.14652516261554263,0.0,Толстой,Анна Каренина
0.05290831416365429,0.06868222149194873,0.06309562931317779,0.01643115346697338,0.04403549129148866,0.032205060795267824,0.0,0.12619125862635558,0.006243838317449885,0.047650345054222804,0.10680249753532697,0.027275714755175814,0.21952021031876437,0.031219191587249426,0.0,0.15708182714426552,0.0006572461386789353,Толстой,Анна Каренина
0.0842433697347894,0.07769110764430577,0.051794071762870514,0.018408736349453978,0.05429017160686427,0.029641185647425898,0.00031201248049921997,0.181591263650546,0.009048361934477379,0.027457098283931357,0.06053042121684867,0.03494539781591264,0.19781591263650547,0.027769110764430577,0.0,0.14383775351014041,0.0006240249609984399,Толстой,Анна Каренина
0.05548743102391171,0.07480073574494175,0.05702023298589822,0.012262415695892091,0.05947271612507664,0.03740036787247088,0.00030656039239730225,0.15358675659104842,0.004598405885959534,0.03678724708767627,0.12078479460453709,0.014101778050275904,0.18608215818516247,0.030656039239730228,0.00030656039239730225,0.15603923973022685,0.00030656039239730225,Толстой,Анна Каренина
0.07266582171525138,0.07477820025348543,0.05449936628643853,0.01436417405999155,0.04604985213350232,0.02788339670468948,0.0,0.17743979721166034,0.010561892691170258,0.03506548373468526,0.06886354034643008,0.030418250950570342,0.21588508660752007,0.021123785382340516,0.0,0.14871144909167722,0.0016899028305872412,Толстой,Анна Каренина
0.05347985347985348,0.07362637362637363,0.05457875457875458,0.01098901098901099,0.04945054945054945,0.03296703296703297,0.0003663003663003663,0.12564102564102564,0.0032967032967032967,0.04212454212454213,0.126007326007326,0.017582417582417582,0.22637362637362637,0.02564102564102564,0.0,0.15567765567765568,0.002197802197802198,Толстой,Анна Каренина
0.04756242568370987,0.06896551724137931,0.060245739199365836,0.011890606420927468,0.039239001189060645,0.02893380895759017,0.0,0.1086008719778042,0.006738010305192232,0.04597701149425287,0.14110186286167262,0.02893380895759017,0.22552516845025763,0.025762980578676178,0.0,0.15933412604042807,0.0011890606420927466,Толстой,Анна Каренина
0.05300222386953299,0.07227575982209043,0.0681986656782802,0.01111934766493699,0.048554484803558194,0.021497405485544848,0.0,0.14232765011119347,0.01000741289844329,0.0374351371386212,0.10044477390659748,0.0374351371386212,0.2212750185322461,0.027057079318013343,0.0,0.14936990363232025,0.0,Толстой,Анна Каренина
0.055711282410651715,0.06552207428170988,0.05746320953048353,0.018220042046250877,0.0444989488437281,0.02943237561317449,0.0,0.13314646110721795,0.009110021023125438,0.04555010511562719,0.11387526278906797,0.04029432375613175,0.20953048353188508,0.028731604765241767,0.0,0.14576033637000702,0.003153468815697267,Толстой,Анна Каренина
0.059922680412371136,0.06701030927835051,0.05605670103092784,0.009664948453608248,0.05380154639175258,0.03865979381443299,0.001288659793814433,0.14400773195876287,0.0035438144329896907,0.03479381443298969,0.12048969072164949,0.024484536082474227,0.20779639175257733,0.026739690721649483,0.0,0.15141752577319587,0.00032216494845360824,Толстой,Анна Каренина
0.06177606177606178,0.05945945945945946,0.05752895752895753,0.012741312741312742,0.04942084942084942,0.03474903474903475,0.0011583011583011582,0.13861003861003862,0.012741312741312742,0.05637065637065637,0.0891891891891892,0.032046332046332046,0.22393822393822393,0.029343629343629343,0.0,0.13590733590733592,0.005019305019305019,Толстой,Анна Каренина
0.06148282097649186,0.06256781193490055,0.05895117540687161,0.014104882459312839,0.047739602169981916,0.035443037974683546,0.0007233273056057866,0.14864376130198914,0.011573236889692586,0.055334538878842675,0.08716094032549729,0.029294755877034357,0.2104882459312839,0.03182640144665461,0.0,0.1399638336347197,0.004701627486437613,Толстой,Анна Каренина
0.04864433811802233,0.05901116427432217,0.05661881977671451,0.013556618819776715,0.04585326953748006,0.03229665071770335,0.00039872408293460925,0.12679425837320574,0.003987240829346092,0.03827751196172249,0.14752791068580542,0.01076555023923445,0.224481658692185,0.033094098883572565,0.0,0.155103668261563,0.0035885167464114833,Толстой,Анна Каренина
0.0636140135218193,0.07129686539643516,0.05531653349723417,0.01843884449907806,0.04978488014751076,0.04363859864781807,0.0006146281499692685,0.14904732636754764,0.007068223724646589,0.03810694529809465,0.10295021511985249,0.03626306084818685,0.1917639827904118,0.03534111862323294,0.0,0.13675476336816225,0.0,Толстой,Анна Каренина
0.06357927786499215,0.07496075353218211,0.057692307692307696,0.019230769230769232,0.05926216640502355,0.02943485086342229,0.0,0.1314756671899529,0.008634222919937205,0.036891679748822605,0.1032182103610675,0.038461538461538464,0.20054945054945056,0.02629513343799058,0.0,0.14913657770800628,0.0011773940345368916,Толстой,Анна Каренина
0.05877342419080068,0.075809199318569,0.052526973310618966,0.016751845542305507,0.04514480408858603,0.03094832481544577,0.0,0.15275411697898922,0.009369676320272573,0.040601930721181144,0.11186825667234526,0.019875070982396367,0.1947756956274844,0.03435547984099943,0.0,0.1564452015900057,0.0,Толстой,Анна Каренина
0.06497849976110846,0.07907310081223125,0.06330625895843286,0.01839464882943144,0.06043956043956044,0.040611562350692784,0.0,0.15671285236502627,0.006688963210702341,0.04610606784519828,0.0903010033444816,0.017200191113234592,0.18442427138079312,0.032250358337314856,0.00023889154323936931,0.13927376970855232,0.0,Толстой,Анна Каренина
0.050949367088607596,0.07531645569620253,0.056329113924050635,0.014556962025316455,0.05379746835443038,0.040822784810126585,0.00031645569620253165,0.1569620253164557,0.00569620253164557,0.03354430379746835,0.10949367088607595,0.01708860759493671,0.21139240506329113,0.025949367088607594,0.0,0.1477848101265823,0.0,Толстой,Анна Каренина
0.05365642578970143,0.07312851579402856,0.05106014712245781,0.00865426222414539,0.04283859800951969,0.021635655560363478,0.0012981393336218088,0.14019904803115535,0.004759844223279966,0.045434876676763304,0.10774556469061013,0.03678061445261791,0.23236694071830377,0.027260926006057985,0.0,0.149286023366508,0.0038944180008654264,Толстой,Анна Каренина
0.055793991416309016,0.07989435457246616,0.044239022779795314,0.01188511059755695,0.050511720039617035,0.035985473753714095,0.0,0.16936282601518654,0.003961703532518983,0.03796632551997359,0.10795642126114229,0.02641135688345989,0.19247276328821394,0.02641135688345989,0.0,0.15681743149554309,0.0003301419610432486,Толстой,Анна Каренина
0.0504774897680764,0.07435197817189632,0.047748976807639835,0.01330150068212824,0.04229195088676671,0.02660300136425648,0.0023874488403819918,0.1330150068212824,0.004433833560709414,0.03819918144611187,0.10368349249658936,0.05798090040927694,0.21930422919508868,0.024215552523874487,0.0,0.15075034106412005,0.011255115961800819,Толстой,Анна Каренина
0.05672926447574335,0.06924882629107981,0.04381846635367762,0.01134585289514867,0.04381846635367762,0.03755868544600939,0.0003912363067292645,0.12832550860719874,0.007433489827856025,0.0406885758998435,0.12793427230046947,0.03129890453834116,0.2214397496087637,0.029342723004694836,0.0,0.14945226917057902,0.0011737089201877935,Толстой,Анна Каренина
0.05281941470378301,0.06209850107066381,0.05067808708065667,0.01891506067094932,0.043897216274089934,0.03461812990720914,0.00035688793718772306,0.12776588151320487,0.00820842255531763,0.046395431834404,0.1256245538900785,0.031049250535331904,0.21627408993576017,0.03033547466095646,0.0,0.14775160599571735,0.0032119914346895075,Толстой,Анна Каренина
0.05263157894736842,0.07135287884139879,0.049099258212645706,0.01095019427764041,0.057223595902507945,0.037089367714588484,0.0,0.1490639350052985,0.0042387848816672555,0.055810667608618865,0.12115860120098905,0.013422818791946308,0.20134228187919462,0.026845637583892617,0.00035323207347227127,0.14941716707877076,0.0,Толстой,Анна Каренина
0.06001846722068329,0.0817174515235457,0.046168051708217916,0.014773776546629732,0.041089566020313946,0.02677746999076639,0.002770083102493075,0.13434903047091412,0.009233610341643583,0.043859649122807015,0.11034164358264081,0.039242843951985226,0.2169898430286242,0.020313942751615882,0.0,0.14866112650046168,0.003693444136657433,Толстой,Анна Каренина
0.05929487179487179,0.06850961538461539,0.07171474358974358,0.016426282051282052,0.041666666666666664,0.02564102564102564,0.001201923076923077,0.12099358974358974,0.005208333333333333,0.036057692307692304,0.10657051282051282,0.05008012820512821,0.21674679487179488,0.02403846153846154,0.0,0.1282051282051282,0.027644230769230768,Толстой,Анна Каренина
0.06085376930063579,0.08083560399636694,0.04405086285195277,0.014532243415077202,0.04223433242506812,0.026793823796548592,0.0027247956403269754,0.1362397820163488,0.009536784741144414,0.041326067211625794,0.11353315168029064,0.035876475930971846,0.2184377838328792,0.022252497729336965,0.0,0.14713896457765668,0.0036330608537693005,Толстой,Анна Каренина
0.06080147397512667,0.07047443574389682,0.05711653615845232,0.015200368493781667,0.041455550437586364,0.02026715799170889,0.00046061722708429296,0.136803316444035,0.006448641179180101,0.04329801934592354,0.07784431137724551,0.0327038231229848,0.2630124366651313,0.019345923537540305,0.0,0.15246430216490098,0.0023030861354214646,Толстой,Анна Каренина
0.08199121522693997,0.08140556368960468,0.057686676427525625,0.019326500732064423,0.055636896046852125,0.03396778916544656,0.00029282576866764275,0.16251830161054173,0.007320644216691069,0.034553440702781844,0.07935578330893119,0.02986822840409956,0.19004392386530014,0.025475841874084918,0.0,0.13997071742313325,0.0005856515373352855,Толстой,Анна Каренина
0.044072948328267476,0.0673758865248227,0.061296859169199594,0.014690982776089158,0.040526849037487336,0.03090172239108409,0.0005065856129685917,0.11398176291793313,0.005065856129685917,0.04356636271529889,0.1398176291793313,0.024822695035460994,0.23404255319148937,0.025329280648429583,0.0,0.14893617021276595,0.005065856129685917,Толстой,Анна Каренина
0.06495615459564794,0.07632348164988632,0.05423838908736603,0.00974342318934719,0.05716141604417019,0.04124715816823644,0.0003247807729782397,0.1848002598246184,0.008769080870412472,0.034101981162715164,0.08314387788242936,0.028580708022085094,0.2003897369275739,0.023708996427411498,0.0,0.13218577460214356,0.0003247807729782397,Толстой,Анна Каренина
0.05848214285714286,0.06651785714285714,0.054910714285714285,0.01607142857142857,0.04375,0.033035714285714286,0.0004464285714285714,0.1263392857142857,0.007589285714285714,0.040625,0.10848214285714286,0.044196428571428574,0.2357142857142857,0.020535714285714286,0.0,0.134375,0.008928571428571428,Толстой,Анна Каренина
0.04350758853288364,0.06812816188870152,0.06441821247892074,0.014165261382799325,0.04856661045531197,0.032715008431703205,0.0,0.13861720067453626,0.0060708263069139965,0.043170320404721754,0.10657672849915684,0.021922428330522766,0.2266441821247892,0.03237774030354131,0.0,0.1524451939291737,0.0006745362563237774,Толстой,Анна Каренина
0.06878698224852071,0.0669378698224852,0.0602810650887574,0.01257396449704142,0.052884615384615384,0.021449704142011833,0.0007396449704142012,0.16789940828402367,0.007766272189349112,0.035133136094674555,0.06878698224852071,0.04326923076923077,0.23520710059171598,0.020710059171597635,0.0,0.13757396449704143,0.0,Толстой,Анна Каренина
0.05863539445628998,0.08049040511727079,0.06103411513859275,0.019722814498933903,0.059968017057569295,0.03731343283582089,0.0,0.15431769722814498,0.006396588486140725,0.04877398720682303,0.09728144989339019,0.014925373134328358,0.1841684434968017,0.031982942430703626,0.00026652452025586353,0.1447228144989339,0.0,Толстой,Анна Каренина
0.05838926174496644,0.06812080536912751,0.04832214765100671,0.015436241610738255,0.04530201342281879,0.03355704697986577,0.0006711409395973154,0.14429530201342283,0.011073825503355705,0.03724832214765101,0.09630872483221477,0.053355704697986575,0.22046979865771812,0.027181208053691275,0.0,0.13993288590604028,0.0003355704697986577,Толстой,Анна Каренина
0.05661792275965504,0.07499062617172854,0.0772403449568804,0.013498312710911136,0.04911886014248219,0.02099737532808399,0.0,0.15860517435320584,0.010498687664041995,0.03562054743157105,0.08811398575178103,0.0307461567304087,0.2073490813648294,0.02699662542182227,0.0,0.14960629921259844,0.0,Толстой,Анна Каренина
0.06901782328403488,0.07470610542282898,0.044747819491846794,0.011755783086841108,0.04361016306408798,0.041714069017823284,0.0003792188092529389,0.14675767918088736,0.008722032612817596,0.03830109973454683,0.10997345468335229,0.023511566173682216,0.21539628365566932,0.027682973075464544,0.0,0.14182783466059917,0.0018960940462646946,Толстой,Анна Каренина
0.0593607305936073,0.0730593607305936,0.06041447137337548,0.011591148577449948,0.0547945205479452,0.0273972602739726,0.0007024938531787847,0.1654373024236038,0.005619950825430277,0.032314717246224096,0.0783280646294345,0.03126097646645592,0.22795925535651562,0.02247980330172111,0.0,0.14927994380049175,0.0,Толстой,Анна Каренина
0.04857030943987466,0.07873090481786134,0.06345475910693302,0.011750881316098707,0.05052878965922444,0.0282021151586369,0.0,0.13435174304739522,0.00626713670191931,0.046220133176654916,0.11124167645906777,0.029768899334116725,0.21151586368977673,0.021934978456717588,0.0,0.1562867215041128,0.0011750881316098707,Толстой,Анна Каренина
0.05593451568894952,0.06639381537062301,0.05547976352887676,0.01637107776261937,0.045020463847203276,0.03365165984538426,0.00045475216007276033,0.12551159618008187,0.007276034561164165,0.040927694406548434,0.10914051841746249,0.04411095952705776,0.2351068667576171,0.020463847203274217,0.0,0.13551614370168258,0.008640291041382447,Толстой,Анна Каренина
0.06272401433691756,0.0739247311827957,0.0721326164874552,0.01971326164874552,0.044802867383512544,0.025537634408602152,0.0008960573476702509,0.13127240143369176,0.007168458781362007,0.04121863799283154,0.0913978494623656,0.029121863799283155,0.24283154121863798,0.021953405017921146,0.0,0.13530465949820789,0.0,Толстой,Анна Каренина
0.06286102616377846,0.07169554875976894,0.05844376486578321,0.010193679918450561,0.050628610261637785,0.039755351681957186,0.0003397893306150187,0.1671763506625892,0.007135575942915392,0.037376826367652057,0.08834522595990486,0.03295956506965681,0.21678559293238192,0.02310567448182127,0.0,0.13285762827047232,0.0003397893306150187,Толстой,Анна Каренина
0.0649746192893401,0.07614213197969544,0.048730964467005075,0.011844331641285956,0.05516074450084602,0.0338409475465313,0.00033840947546531303,0.14653130287648053,0.005752961082910322,0.0338409475465313,0.1143824027072758,0.03857868020304569,0.19627749576988154,0.028426395939086295,0.0,0.1431472081218274,0.0020304568527918783,Толстой,Анна Каренина
0.06408483171968649,0.07376671277086215,0.07238358690640849,0.0198248040571692,0.04426002766251729,0.02351313969571231,0.0009220839096357768,0.13093591516828032,0.007376671277086215,0.04103273397879207,0.08990318118948824,0.02950668510834486,0.24619640387275243,0.021668971876440755,0.0,0.13462425080682341,0.0,Толстой,Анна Каренина
0.045023696682464455,0.06587677725118483,0.06492890995260664,0.010900473933649289,0.04881516587677725,0.022748815165876776,0.0014218009478672985,0.14265402843601896,0.007582938388625593,0.05260663507109005,0.0867298578199052,0.04123222748815166,0.24597156398104264,0.016587677725118485,0.0,0.14691943127962084,0.0,Толстой,Анна Каренина
0.05994550408719346,0.07629427792915532,0.05799922148695991,0.01518100428182172,0.047100038925652,0.03191903464383029,0.00038925652004671076,0.13195796029583495,0.0058388478007006615,0.04087193460490463,0.1261191124951343,0.028415725963409886,0.2160373686259245,0.02958349552355002,0.0,0.1307901907356948,0.001557026080186843,Толстой,Анна Каренина
0.06395539521154477,0.08560183666775992,0.05313217448343719,0.013119055428009183,0.0465726467694326,0.0344375204985241,0.0006559527714004591,0.15578878320760906,0.006231551328304362,0.04493276484093145,0.08035421449655625,0.042636930141029844,0.20137750081994096,0.032797638570022956,0.0,0.13676615283699572,0.0016398819285011479,Толстой,Анна Каренина
0.038257575757575754,0.06098484848484848,0.05757575757575758,0.016666666666666666,0.04659090909090909,0.028409090909090908,0.0015151515151515152,0.10265151515151515,0.004545454545454545,0.04696969696969697,0.12613636363636363,0.048106060606060604,0.2390151515151515,0.033712121212121214,0.0,0.14886363636363636,0.0,Толстой,Анна Каренина
0.06960556844547564,0.07347254447022429,0.048337200309358085,0.01160092807424594,0.042536736272235115,0.042536736272235115,0.0003866976024748647,0.14810518174787315,0.008894044856921888,0.03750966744006187,0.10518174787316319,0.02242846094354215,0.21693735498839908,0.025908739365815933,0.0,0.14462490332559938,0.0019334880123743233,Толстой,Анна Каренина
0.051741293532338306,0.051741293532338306,0.04875621890547264,0.016417910447761194,0.04079601990049751,0.031840796019900496,0.0014925373134328358,0.0845771144278607,0.004477611940298508,0.05970149253731343,0.1398009950248756,0.03233830845771144,0.25323383084577117,0.03233830845771144,0.0,0.14228855721393036,0.00845771144278607,Толстой,Анна Каренина
0.057459328487365874,0.08341986846659744,0.059882312218760815,0.016614745586708203,0.04776739356178609,0.029768085842852197,0.0006922810661128419,0.15022499134648667,0.009345794392523364,0.030114226375908618,0.10626514364832122,0.04395984769816545,0.2035306334371755,0.024922118380062305,0.0,0.13395638629283488,0.0020768431983385254,Толстой,Анна Каренина
0.058823529411764705,0.06606990622335891,0.05285592497868713,0.014919011082693947,0.046462063086104004,0.032821824381926684,0.0008525149190110827,0.11082693947144075,0.005967604433077579,0.04092071611253197,0.09803921568627451,0.04859335038363171,0.23785166240409208,0.02855924978687127,0.0,0.13938618925831203,0.017050298380221655,Толстой,Анна Каренина
0.04536082474226804,0.070446735395189,0.057388316151202746,0.015120274914089347,0.048109965635738834,0.030240549828178694,0.0003436426116838488,0.12714776632302405,0.00584192439862543,0.03608247422680412,0.13573883161512026,0.024742268041237112,0.21374570446735394,0.027147766323024056,0.0,0.1625429553264605,0.0,Толстой,Анна Каренина
0.05040823571175009,0.0706425275115371,0.06212282570110046,0.01455449059282925,0.06070287539936102,0.029818956336528223,0.0010649627263045794,0.14341498047568335,0.0056798012069577564,0.04046858359957402,0.1111111111111111,0.027689030883919063,0.20092296769613063,0.024849130280440185,0.0,0.15654952076677317,0.0,Толстой,Анна Каренина
0.0862533692722372,0.079177897574124,0.049528301886792456,0.018194070080862535,0.054245283018867926,0.027964959568733155,0.00033692722371967657,0.18733153638814015,0.011118598382749326,0.024595687331536387,0.05660377358490566,0.0373989218328841,0.19878706199460916,0.02526954177897574,0.0,0.14252021563342318,0.0006738544474393531,Толстой,Анна Каренина
0.03959012575687005,0.0656730321378668,0.058220773171867725,0.01304145319049837,0.04191895668374476,0.02841173730787145,0.0004657661853749418,0.1159757801583605,0.0055891942244993015,0.050768514205868656,0.10759198882161156,0.05449464368886819,0.24452724732184444,0.02701443875174662,0.0,0.14671634839310665,0.0,Толстой,Анна Каренина
0.06474820143884892,0.0618705035971223,0.050359712230215826,0.010431654676258994,0.04928057553956835,0.02410071942446043,0.0,0.1550359712230216,0.0035971223021582736,0.052158273381294966,0.08992805755395683,0.03273381294964029,0.21654676258992805,0.0341726618705036,0.0,0.1550359712230216,0.0,Толстой,Анна Каренина
0.04051495645588792,0.07572889057175312,0.0617190458159788,0.01741764483150322,0.046194623248769405,0.028019689511548655,0.0003786444528587656,0.14199166982203712,0.004543733434305188,0.040893600908746684,0.11321469140477092,0.04051495645588792,0.20976902688375615,0.030670200681560015,0.0,0.14842862552063613,0.0,Толстой,Анна Каренина
0.04727793696275072,0.0659025787965616,0.06160458452722063,0.011461318051575931,0.034383954154727794,0.020534861509073542,0.0014326647564469914,0.13705826170009552,0.0057306590257879654,0.04680038204393505,0.10840496657115568,0.03247373447946514,0.25262655205348616,0.02913085004775549,0.0,0.14326647564469913,0.0019102196752626551,Толстой,Анна Каренина
0.04808510638297872,0.07021276595744681,0.0548936170212766,0.011063829787234043,0.04978723404255319,0.033191489361702124,0.0,0.13957446808510637,0.0029787234042553193,0.03659574468085106,0.11106382978723404,0.0451063829787234,0.2297872340425532,0.025106382978723404,0.0,0.1425531914893617,0.0,Толстой,Анна Каренина
0.05020242914979757,0.06882591093117409,0.051821862348178135,0.01417004048582996,0.048582995951417005,0.026720647773279354,0.0008097165991902834,0.15303643724696356,0.007692307692307693,0.04291497975708502,0.08299595141700405,0.031174089068825912,0.24412955465587044,0.027125506072874495,0.0,0.1437246963562753,0.006072874493927126,Толстой,Анна Каренина
0.04636015325670498,0.07241379310344828,0.05363984674329502,0.00996168582375479,0.04367816091954023,0.0367816091954023,0.0003831417624521073,0.11685823754789272,0.0034482758620689655,0.045210727969348656,0.1409961685823755,0.011494252873563218,0.23371647509578544,0.024521072796934867,0.0,0.15977011494252874,0.0007662835249042146,Толстой,Анна Каренина
0.04326530612244898,0.0746938775510204,0.08244897959183674,0.018367346938775512,0.04122448979591837,0.025306122448979593,0.00040816326530612246,0.10040816326530612,0.0069387755102040816,0.05591836734693877,0.13795918367346938,0.022040816326530613,0.21510204081632653,0.037551020408163265,0.0,0.1383673469387755,0.0,Толстой,Анна Каренина
0.05661040787623066,0.0770042194092827,0.05942334739803094,0.012658227848101266,0.04992967651195499,0.030942334739803096,0.0007032348804500703,0.13853727144866385,0.005274261603375527,0.03938115330520394,0.12130801687763713,0.03410689170182841,0.19760900140646975,0.027426160337552744,0.0,0.14767932489451477,0.0014064697609001407,Толстой,Анна Каренина
0.08393586922351462,0.07701980509273813,0.05187048098082364,0.017918893429739076,0.05469977994341402,0.030493555485696322,0.00031436655139893113,0.17887456774599184,0.009116629990569003,0.026406790317510215,0.0625589437283873,0.03520905375668029,0.19805092738132662,0.027664256523105942,0.0,0.1452373467463062,0.0006287331027978623,Толстой,Анна Каренина
0.044939429464634625,0.0605705353653771,0.057053536537710045,0.009378663540445486,0.05001953888237593,0.02618210238374365,0.0,0.129347401328644,0.005080109417741305,0.04845642829230168,0.1242672919109027,0.0359515435717077,0.2164908167252833,0.02813599062133646,0.0,0.1621727237202032,0.0019538882375928096,Толстой,Анна Каренина
0.06666666666666667,0.07699530516431925,0.058841940532081374,0.014397496087636933,0.05101721439749609,0.03380281690140845,0.00031298904538341156,0.1352112676056338,0.007511737089201878,0.038184663536776214,0.12237871674491393,0.024413145539906103,0.19405320813771518,0.03442879499217527,0.0,0.1405320813771518,0.0012519561815336462,Толстой,Анна Каренина
0.05602358887952822,0.07413647851727043,0.06402695871946082,0.006739679865206402,0.04380791912384162,0.02990732940185341,0.0016849199663016006,0.13900589721988205,0.0029486099410278013,0.039174389216512215,0.08887952822240944,0.02737994945240101,0.2540016849199663,0.018534119629317607,0.0,0.14406065711878685,0.009688289806234204,Толстой,Анна Каренина
0.044009779951100246,0.061532192339038304,0.044009779951100246,0.017114914425427872,0.04360228198859006,0.03504482477587612,0.0,0.12387938060309699,0.004889975550122249,0.04971475142624287,0.13162184189079054,0.040342298288508556,0.2176039119804401,0.03382233088834556,0.0,0.1528117359413203,0.0,Толстой,Анна Каренина
0.056,0.05828571428571429,0.04914285714285714,0.017523809523809525,0.04380952380952381,0.03619047619047619,0.001142857142857143,0.1180952380952381,0.007619047619047619,0.045714285714285714,0.13485714285714287,0.02666666666666667,0.2300952380952381,0.027428571428571427,0.0,0.144,0.0034285714285714284,Толстой,Анна Каренина
0.07584269662921349,0.07985553772070626,0.05337078651685393,0.011637239165329053,0.04654895666131621,0.024478330658105937,0.0008025682182985554,0.15850722311396467,0.004815409309791332,0.037319422150882825,0.09069020866773676,0.03932584269662921,0.2174959871589085,0.019261637239165328,0.0,0.14004815409309793,0.0,Толстой,Анна Каренина
0.04158004158004158,0.05696465696465697,0.058212058212058215,0.014553014553014554,0.04365904365904366,0.03700623700623701,0.0012474012474012475,0.10561330561330562,0.004573804573804574,0.048232848232848236,0.13222453222453223,0.029521829521829523,0.2503118503118503,0.02993762993762994,0.0,0.14594594594594595,0.0004158004158004158,Толстой,Анна Каренина
0.044956140350877194,0.07090643274853801,0.05299707602339181,0.012792397660818713,0.047149122807017545,0.03435672514619883,0.0,0.13998538011695907,0.008771929824561403,0.035818713450292396,0.12097953216374269,0.025950292397660817,0.21271929824561403,0.02850877192982456,0.0,0.16410818713450293,0.0,Толстой,Анна Каренина
0.06891089108910892,0.07287128712871287,0.05821782178217822,0.013465346534653465,0.044356435643564354,0.03287128712871287,0.001188118811881188,0.1497029702970297,0.007128712871287129,0.0403960396039604,0.09702970297029703,0.03287128712871287,0.21821782178217822,0.021386138613861388,0.0,0.1401980198019802,0.001188118811881188,Толстой,Анна Каренина
0.06484923585295332,0.0714580751755473,0.04791408508880628,0.010326311441553077,0.0429574555968608,0.028913672036348616,0.0020652622883106154,0.14002478314745972,0.006195786864931847,0.03676166873192895,0.09293680297397769,0.04460966542750929,0.23667905824039653,0.021891780256092525,0.0,0.14580751755472945,0.00660883932259397,Толстой,Анна Каренина
0.05398981324278438,0.06757215619694397,0.05398981324278438,0.007470288624787776,0.05127334465195246,0.03463497453310696,0.0006791171477079797,0.1368421052631579,0.004753820033955857,0.038030560271646856,0.133446519524618,0.024787775891341256,0.2129032258064516,0.029202037351443125,0.0,0.1500848896434635,0.00033955857385398983,Толстой,Анна Каренина
0.08131655372700872,0.08131655372700872,0.050984188447886415,0.0196837689577283,0.05195224265892223,0.031945788964181994,0.00032268473701193933,0.17231364956437561,0.007421748951274605,0.030009680542110357,0.06937721845756696,0.03452726686027751,0.19586963536624719,0.027750887383026782,0.0,0.1445627621813488,0.0006453694740238787,Толстой,Анна Каренина
0.04271123491179202,0.06499535747446611,0.059424326833797586,0.011142061281337047,0.05478180129990715,0.022284122562674095,0.001392757660167131,0.13184772516248838,0.005571030640668524,0.052924791086350974,0.10631383472609099,0.0403899721448468,0.24651810584958217,0.018570102135561744,0.0,0.14113277623026926,0.0,Толстой,Анна Каренина
0.07695126419934042,0.09270795163063393,0.045071454745327956,0.008427995602784902,0.05166727739098571,0.04323928178820081,0.0,0.1978746793697325,0.009160864785635764,0.03261267863686332,0.07145474532795897,0.022718944668376696,0.18541590326126786,0.015390252839868083,0.0,0.1473067057530231,0.0,Толстой,Анна Каренина
0.04905808477237049,0.07339089481946624,0.05886970172684458,0.012951334379905808,0.05062794348508634,0.029042386185243328,0.0011773940345368916,0.1389324960753532,0.00510204081632653,0.0380690737833595,0.10478806907378337,0.02433281004709576,0.23037676609105182,0.027864992150706435,0.0,0.1554160125588697,0.0,Толстой,Анна Каренина
0.04177433247200689,0.05297157622739018,0.05297157622739018,0.014642549526270457,0.04608096468561585,0.03962101636520241,0.0008613264427217916,0.12747631352282515,0.002583979328165375,0.04177433247200689,0.1507321274763135,0.012489233419465978,0.22825150732127478,0.029285099052540915,0.0,0.1515934539190353,0.0068906115417743325,Толстой,Анна Каренина
0.05919661733615222,0.07852612503775294,0.053156146179401995,0.01630927212322561,0.060102688009664756,0.037148897614013895,0.0,0.15403201449713078,0.006644518272425249,0.05436424041075204,0.10329205678042887,0.014195107218363033,0.18816067653276955,0.028390214436726065,0.0003020235578375113,0.1461794019933555,0.0,Толстой,Анна Каренина
0.03535811423390753,0.04895738893925657,0.05031731640979148,0.0077062556663644605,0.04487760652765186,0.035811423390752495,0.0009066183136899365,0.1115140525838622,0.0058930190389845875,0.0471441523118767,0.14596554850407978,0.03173164097914778,0.257479601087942,0.022212148685403447,0.0,0.1527651858567543,0.0013599274705349048,Толстой,Анна Каренина
0.04964200477326969,0.051551312649164675,0.059665871121718374,0.014797136038186158,0.057279236276849645,0.031503579952267304,0.00047732696897374703,0.12219570405727924,0.006682577565632458,0.044391408114558474,0.11837708830548926,0.022911694510739856,0.22673031026252982,0.026252983293556086,0.0,0.16420047732696896,0.003341288782816229,Толстой,Анна Каренина
0.0514457378895982,0.06383777694329704,0.055576417574164476,0.012392039053698836,0.05294780322944048,0.022155463762673678,0.001877581674802854,0.11678558017273752,0.003379647014645137,0.04393541119038678,0.11002628614344724,0.03755163349605708,0.241457003379647,0.028914757791963952,0.0,0.15771686068343974,0.0,Толстой,Анна Каренина
0.049153242461792646,0.06608839322593969,0.05121850475010326,0.01321767864518794,0.048740190004130525,0.02560925237505163,0.0008261049153242462,0.14869888475836432,0.007434944237918215,0.04502271788517142,0.08550185873605948,0.03139198678232136,0.24783147459727387,0.02808756712102437,0.0,0.1449814126394052,0.006195786864931847,Толстой,Анна Каренина
0.05460624071322437,0.06315007429420505,0.060549777117384844,0.01448736998514116,0.0512630014858841,0.029346210995542348,0.002228826151560178,0.1151560178306092,0.006686478454680535,0.041604754829123326,0.12072808320950966,0.030832095096582468,0.22919762258543833,0.02823179791976226,0.0,0.15081723625557206,0.001114413075780089,Толстой,Анна Каренина
0.06123367852318776,0.07068887888338586,0.04997748761819001,0.00810445745159838,0.046375506528590724,0.01936064835659613,0.0013507429085997298,0.12922107158937415,0.008554705087798289,0.044574515983791085,0.09455200360198109,0.05718144979738857,0.23818099954975236,0.020261143628995948,0.0,0.15038271049076993,0.0,Толстой,Анна Каренина
0.0662786938247656,0.07371483996120272,0.055286129970902036,0.016812156482379565,0.04914322664080181,0.032331070158422244,0.00032331070158422246,0.15745231167151633,0.011639185257032008,0.03427093436792758,0.09052699644358228,0.04558680892337536,0.20530229550598125,0.024571613320400906,0.0,0.13643711606854186,0.00032331070158422246,Толстой,Анна Каренина
0.0473313192346425,0.07351460221550855,0.04984894259818731,0.015105740181268883,0.04481369587109768,0.025176233635448138,0.0015105740181268882,0.1268882175226586,0.008056394763343404,0.0553877139979859,0.09415911379657603,0.04078549848942598,0.24521651560926486,0.02366565961732125,0.0,0.14753272910372608,0.0010070493454179255,Толстой,Анна Каренина
0.07385103011093502,0.07290015847860538,0.05229793977812995,0.013629160063391443,0.05166402535657686,0.02694136291600634,0.0012678288431061807,0.13914421553090334,0.006022187004754358,0.03391442155309033,0.09508716323296355,0.03993660855784469,0.21521394611727418,0.02567353407290016,0.0,0.1502377179080824,0.0022187004754358162,Толстой,Анна Каренина
0.043536206130608615,0.06086183918258552,0.05952909817858729,0.012438916037316748,0.04575744113727232,0.02265659706796979,0.0026654820079964462,0.12838738338516215,0.003109729009329187,0.04886717014660151,0.11328298533984896,0.02087960906263883,0.24566859173700578,0.029764549089293647,0.0,0.16037316748111952,0.002221235006663705,Толстой,Анна Каренина
0.06538461538461539,0.07730769230769231,0.05923076923076923,0.010384615384615384,0.05076923076923077,0.02653846153846154,0.002692307692307692,0.135,0.0038461538461538464,0.04153846153846154,0.09923076923076923,0.027307692307692307,0.23076923076923078,0.026923076923076925,0.0,0.1376923076923077,0.005384615384615384,Толстой,Анна Каренина
0.05209071580439405,0.06768249468462084,0.05421686746987952,0.008504606661941885,0.04819277108433735,0.0336640680368533,0.00035435861091424523,0.12898653437278526,0.005315379163713678,0.0407512402551382,0.13430191353649892,0.02445074415308292,0.2186392629340893,0.03118355776045358,0.0,0.1513111268603827,0.00035435861091424523,Толстой,Анна Каренина
0.06519921983839509,0.08804680969629423,0.05739760378935636,0.01337419894120925,0.05377542490944553,0.030649205906937867,0.00027862914460852607,0.16550571189746446,0.007244357759821678,0.03845082195597659,0.08804680969629423,0.04625243800501532,0.18138757314015047,0.024240735580941766,0.0,0.1401504597380886,0.0,Толстой,Анна Каренина
0.044251284077439744,0.057289608850256815,0.0525483998419597,0.007111813512445673,0.04820229158435401,0.02884235480047412,0.002765705254839984,0.11615962070327934,0.0035559067562228367,0.04188067957329119,0.13472935598577637,0.02568154879494271,0.23943105491900435,0.025286448044251283,0.0,0.17147372580007902,0.0007902015013828526,Толстой,Анна Каренина
0.049597855227882036,0.07506702412868632,0.05361930294906166,0.015415549597855228,0.05227882037533512,0.03116621983914209,0.0,0.15315013404825736,0.005026809651474531,0.04691689008042895,0.11528150134048257,0.022788203753351208,0.2017426273458445,0.028150134048257374,0.0,0.149798927613941,0.0,Толстой,Анна Каренина
0.04636015325670498,0.07241379310344828,0.05363984674329502,0.00996168582375479,0.04367816091954023,0.0367816091954023,0.0003831417624521073,0.11685823754789272,0.0034482758620689655,0.045210727969348656,0.1409961685823755,0.011494252873563218,0.23371647509578544,0.024521072796934867,0.0,0.15977011494252874,0.0007662835249042146,Толстой,Анна Каренина
0.06554989075018208,0.07283321194464676,0.053896576839038604,0.009468317552804079,0.039694100509832485,0.037144938091769844,0.001820830298616169,0.15804806991988346,0.003641660597232338,0.035324107793153675,0.10487982520029134,0.035324107793153675,0.21740713765477057,0.02403495994173343,0.0,0.13947560087399855,0.0014566642388929353,Толстой,Анна Каренина
0.06053365193150139,0.07048984468339307,0.052170450019912384,0.015133412982875348,0.056152927120669056,0.019514137793707687,0.0007964954201513341,0.16646754281162884,0.012743926722421346,0.041417761847869376,0.06929510155316607,0.04340900039824771,0.22819593787335724,0.021107128634010354,0.0,0.1425726802070888,0.0,Толстой,Анна Каренина
0.060727127447063524,0.07351178585697163,0.05713144226927687,0.011186576108669596,0.049540551338393926,0.022373152217339192,0.0011985617259288853,0.12944466640031962,0.006392329204954055,0.04514582500998801,0.09948062325209749,0.053535757091490214,0.2317219336795845,0.01997602876548142,0.0,0.13703555733120257,0.0015980823012385138,Толстой,Анна Каренина
0.056130972268626796,0.08018710324089542,0.05646508519879719,0.012362178416304711,0.04443701971266288,0.0273972602739726,0.0003341129301703976,0.1650517875041764,0.009021049114600735,0.047778149014366854,0.0972268626795857,0.028733711994654194,0.20447711326428333,0.03040427664550618,0.0,0.1399933177413966,0.0,Толстой,Анна Каренина
0.0499603489294211,0.0816812053925456,0.05828707375099128,0.01070578905630452,0.054321966693100715,0.03647898493259318,0.0003965107057890563,0.14829500396510706,0.0035685963521015066,0.03647898493259318,0.12172878667724028,0.01586042823156225,0.204203013481364,0.028152260111022998,0.0,0.147898493259318,0.0019825535289452814,Толстой,Анна Каренина
0.0705521472392638,0.08473926380368098,0.0598159509202454,0.013420245398773007,0.04716257668711656,0.026840490797546013,0.0003834355828220859,0.15567484662576686,0.006134969325153374,0.037960122699386506,0.09010736196319018,0.03949386503067485,0.21012269938650308,0.021088957055214724,0.0,0.13650306748466257,0.0,Толстой,Анна Каренина
0.05490956072351421,0.08656330749354005,0.05878552971576227,0.015503875968992248,0.04683462532299742,0.03229974160206718,0.00032299741602067185,0.1695736434108527,0.007428940568475452,0.046511627906976744,0.09851421188630491,0.0229328165374677,0.19089147286821706,0.031007751937984496,0.0,0.13791989664082688,0.0,Толстой,Анна Каренина
0.0519434628975265,0.07243816254416961,0.05088339222614841,0.017314487632508833,0.05335689045936396,0.02756183745583039,0.0010600706713780918,0.12862190812720847,0.00530035335689046,0.038869257950530034,0.10318021201413427,0.04381625441696113,0.22226148409893992,0.03180212014134275,0.0,0.15123674911660778,0.00035335689045936394,Толстой,Анна Каренина
0.06874328678839957,0.07160759040458288,0.05692803437164339,0.011457214464733263,0.05513784461152882,0.03186537773003938,0.00035803795202291446,0.1586108127461511,0.007518796992481203,0.03544575725026853,0.09022556390977443,0.0347296813462227,0.20121732903687792,0.02828499820981024,0.0,0.14751163623344074,0.00035803795202291446,Толстой,Анна Каренина
0.061569416498993966,0.06961770623742455,0.07484909456740442,0.015291750503018108,0.04909456740442656,0.022535211267605635,0.00040241448692152917,0.14527162977867203,0.008853118712273641,0.04225352112676056,0.07404426559356136,0.044668008048289735,0.21448692152917506,0.021327967806841045,0.0,0.1501006036217304,0.005633802816901409,Толстой,Анна Каренина
0.0628158844765343,0.07184115523465703,0.058844765342960285,0.021299638989169676,0.054873646209386284,0.025631768953068592,0.0,0.13646209386281588,0.005776173285198556,0.047292418772563176,0.10613718411552346,0.025992779783393503,0.19711191335740072,0.029963898916967508,0.0,0.1548736462093863,0.0010830324909747292,Толстой,Анна Каренина
0.0492091388400703,0.0734622144112478,0.05272407732864675,0.021441124780316345,0.04991212653778559,0.03796133567662566,0.001054481546572935,0.12442882249560633,0.007029876977152899,0.05026362038664323,0.12794376098418278,0.027065026362038665,0.19929701230228472,0.028822495606326888,0.0,0.14938488576449913,0.0,Толстой,Анна Каренина
0.0625,0.07944915254237288,0.05084745762711865,0.011299435028248588,0.048375706214689264,0.028954802259887006,0.00035310734463276836,0.1327683615819209,0.00423728813559322,0.04060734463276836,0.11758474576271187,0.01942090395480226,0.22139830508474576,0.024717514124293787,0.0,0.1553672316384181,0.00211864406779661,Толстой,Анна Каренина
0.06914306730415594,0.06840750275836704,0.05921294593600589,0.01250459727841118,0.05332842956969474,0.020595807282089002,0.000735564545788893,0.16734093416697315,0.007723427730783376,0.03420375137918352,0.07024641412283927,0.042294961382861346,0.2357484369253402,0.02022802500919456,0.0,0.13828613460831188,0.0,Толстой,Анна Каренина
0.0583596214511041,0.06624605678233439,0.06427444794952682,0.02050473186119874,0.04298107255520505,0.027996845425867507,0.0015772870662460567,0.11750788643533124,0.005520504731861199,0.04652996845425868,0.11317034700315458,0.039037854889589906,0.22358044164037855,0.026813880126182965,0.0,0.14274447949526814,0.0031545741324921135,Толстой,Анна Каренина
0.05961960497439649,0.07242136064374542,0.055596196049743966,0.016093635698610095,0.05267008046817849,0.029992684711046085,0.000365764447695684,0.14374542794440381,0.005120702267739576,0.042794440380395024,0.10021945866861741,0.03108997805413314,0.2029992684711046,0.024506217995610827,0.0,0.162033650329188,0.000731528895391368,Толстой,Анна Каренина
0.06633663366336634,0.06864686468646865,0.050825082508250824,0.01353135313531353,0.04356435643564356,0.03564356435643564,0.00033003300330033004,0.17392739273927393,0.005940594059405941,0.03234323432343234,0.09306930693069307,0.033663366336633666,0.2141914191419142,0.023432343234323433,0.0,0.14455445544554454,0.0,Толстой,Анна Каренина
0.06121762529431551,0.08274470232088799,0.04843592330978809,0.015136226034308779,0.04574503868146653,0.028254288597376387,0.0,0.16885301042717793,0.003363605785401951,0.04574503868146653,0.09115371678439287,0.03901782711066263,0.19677093844601412,0.03094517322569795,0.0,0.14261688530104272,0.0,Толстой,Анна Каренина
0.06417112299465241,0.07653743315508021,0.0625,0.011697860962566845,0.05748663101604278,0.03342245989304813,0.00033422459893048126,0.17379679144385027,0.00768716577540107,0.03342245989304813,0.06985294117647059,0.02874331550802139,0.21724598930481284,0.021056149732620322,0.0,0.14204545454545456,0.0,Толстой,Анна Каренина
0.042483660130718956,0.0676937441643324,0.05742296918767507,0.011671335200746966,0.04201680672268908,0.03361344537815126,0.0018674136321195146,0.09663865546218488,0.002334267040149393,0.05088702147525677,0.1311858076563959,0.03081232492997199,0.2623716153127918,0.024743230625583566,0.0,0.14285714285714285,0.0014005602240896359,Толстой,Анна Каренина
0.05008561643835616,0.07191780821917808,0.05607876712328767,0.007277397260273972,0.04666095890410959,0.027825342465753425,0.0004280821917808219,0.14126712328767124,0.005136986301369863,0.04580479452054795,0.08818493150684932,0.03210616438356165,0.2555650684931507,0.019263698630136987,0.0,0.1485445205479452,0.003852739726027397,Толстой,Анна Каренина
0.04793814432989691,0.07577319587628865,0.05721649484536082,0.007731958762886598,0.04536082474226804,0.01752577319587629,0.0,0.13144329896907217,0.006185567010309278,0.03917525773195876,0.12989690721649486,0.01443298969072165,0.23350515463917526,0.020103092783505156,0.0,0.1731958762886598,0.0005154639175257732,Толстой,Анна Каренина
0.054375225063017646,0.0806625855239467,0.060136838314728124,0.011883327331652862,0.053294922578321934,0.02124594886568239,0.00036010082823190496,0.1588044652502701,0.006121714079942384,0.03925099027727764,0.07778177889809147,0.04213179690313288,0.2117392870003601,0.02556715880446525,0.0,0.1523226503420958,0.004321209938782859,Толстой,Анна Каренина
0.0691523263224984,0.09050350541746335,0.0538559592096877,0.012109623964308477,0.05130656469088592,0.028680688336520075,0.0,0.16666666666666666,0.010516252390057362,0.02676864244741874,0.07807520713830465,0.029636711281070746,0.2058636073932441,0.022944550669216062,0.0,0.15200764818355642,0.0019120458891013384,Толстой,Анна Каренина
0.08001448225923244,0.08073859522085446,0.048515568428674875,0.01991310644460536,0.05286024619840695,0.027878349022447502,0.0003620564808110065,0.18428674873280232,0.012309920347574221,0.027516292541636494,0.05829109341057205,0.036929761042722664,0.1998551774076756,0.02498189717595945,0.0,0.14482259232440262,0.000724112961622013,Толстой,Анна Каренина
0.0651862464183381,0.0748567335243553,0.055873925501432664,0.021131805157593123,0.05479942693409742,0.0247134670487106,0.0,0.1407593123209169,0.0053724928366762174,0.04512893982808023,0.10207736389684814,0.027936962750716332,0.1977077363896848,0.02829512893982808,0.0,0.15508595988538681,0.0010744985673352436,Толстой,Анна Каренина
0.04947129909365559,0.0736404833836858,0.06231117824773414,0.010574018126888218,0.054003021148036255,0.0290785498489426,0.0007552870090634441,0.13066465256797583,0.004531722054380665,0.045317220543806644,0.1216012084592145,0.03814199395770393,0.19977341389728095,0.026057401812688823,0.0,0.1510574018126888,0.0030211480362537764,Толстой,Анна Каренина
0.0453257790368272,0.06515580736543909,0.05288007554296506,0.007554296506137866,0.042020774315391876,0.03446647780925401,0.0018885741265344666,0.1369216241737488,0.006137865911237016,0.040132200188857416,0.09915014164305949,0.033050047214353166,0.2582625118035883,0.018413597733711047,0.0,0.15675165250236073,0.0018885741265344666,Толстой,Анна Каренина
0.06192582511058183,0.0779176590677101,0.054780537597822386,0.013950323239197007,0.04559373936713168,0.03912895542701599,0.0013610071452875127,0.1449472609731201,0.006464783940115686,0.03810820006805036,0.10785981626403539,0.03572643756379721,0.2058523307247363,0.025859135760462743,0.0,0.1354202109561075,0.005103776794828173,Толстой,Анна Каренина
0.06197718631178707,0.08212927756653993,0.05057034220532319,0.024714828897338403,0.04904942965779468,0.035361216730038024,0.0,0.14182509505703422,0.006463878326996198,0.039923954372623575,0.12243346007604562,0.019391634980988594,0.19505703422053233,0.02623574144486692,0.0,0.14486692015209127,0.0,Толстой,Анна Каренина
0.04540379605508001,0.0770375883885374,0.05805731298846297,0.008187569780424266,0.04391514700409378,0.026051358392259024,0.000744324525493115,0.13025679196129514,0.004093784890212133,0.03572757722366952,0.11723111276516561,0.025679196129512468,0.23930033494603647,0.020096762188314105,0.0,0.16672869371045776,0.00148864905098623,Толстой,Анна Каренина
0.042960442364951085,0.061675882603147596,0.05061675882603148,0.010633772862611655,0.045087196937473414,0.020416843896214378,0.0017014036580178648,0.10931518502764781,0.0029774564015312634,0.05061675882603148,0.13951509995746492,0.025946405784772437,0.24202467035304126,0.031901318587834966,0.0,0.16290940025521056,0.0017014036580178648,Толстой,Анна Каренина
0.06235349273323957,0.073370839193624,0.06305672761368963,0.02226910454758556,0.055086732301922174,0.04242850445382091,0.0,0.15564932020628222,0.007501172058134084,0.0426629160806376,0.09306141584622597,0.02062822315986873,0.18541959681200187,0.039615564932020626,0.0,0.13689639006094703,0.0,Толстой,Анна Каренина
0.05701912666907254,0.07037170696499459,0.06062793215445687,0.01623962468422952,0.041862143630458315,0.03464453265968964,0.0010826416456153013,0.12991699747383617,0.00577408877661494,0.03789245759653555,0.10826416456153014,0.038614218693612416,0.2230241789967521,0.024539877300613498,0.0,0.14507398051245038,0.005052327679538073,Толстой,Анна Каренина
0.05141758769822201,0.07448342143200384,0.0490148966842864,0.014416146083613647,0.0422873618452667,0.026429601153291685,0.0014416146083613647,0.13310908217203268,0.008169149447381067,0.04613166746756367,0.08649687650168188,0.04661220567035079,0.24171071600192215,0.02162421912542047,0.0,0.15569437770302738,0.0009610764055742432,Толстой,Анна Каренина
0.06954570947840717,0.08076275939427931,0.05860908581043186,0.019349411104879418,0.04879416713404375,0.03168816601233875,0.0,0.1601233875490746,0.00981491867638811,0.04234436343241727,0.09702748177229388,0.024677509814918678,0.1856421761076837,0.029725182277061134,0.0,0.14189568143578238,0.0,Толстой,Анна Каренина
0.06164142303628038,0.07467418104966538,0.05600563578724903,0.017259598450158505,0.04684748150757309,0.03804156393096161,0.0003522367030644593,0.1479394152870729,0.011976047904191617,0.05142655864741106,0.09756956674885522,0.020429728777738642,0.19971821063754844,0.03346248679112364,0.0,0.14230362803804156,0.0003522367030644593,Толстой,Анна Каренина
0.04376199616122841,0.06410748560460652,0.04491362763915547,0.011900191938579654,0.04836852207293666,0.02380038387715931,0.0011516314779270633,0.12207293666026871,0.006142034548944338,0.04644913627639156,0.11132437619961612,0.04990403071017274,0.2383877159309021,0.029174664107485603,0.0,0.15585412667946258,0.002687140115163148,Толстой,Анна Каренина
0.06373784659704718,0.07093986316168527,0.05617572920417717,0.013683831472812387,0.046092906013683835,0.03204897371263954,0.0,0.13467770975873244,0.003961109110550955,0.03925099027727764,0.08210298883687432,0.05401512423478574,0.22434281598847677,0.02988836874324811,0.0,0.13431760893050054,0.014764133957508103,Толстой,Анна Каренина
0.04659222179437813,0.07547169811320754,0.05775895263765884,0.013092029264536002,0.041971505583365425,0.03311513284559107,0.0,0.1320754716981132,0.007701193685021178,0.03850596842510589,0.13053523296110897,0.025413939160569887,0.20600693107431653,0.030804774740084712,0.0,0.1601848286484405,0.0007701193685021178,Толстой,Анна Каренина
0.05592322964923892,0.08537392455327597,0.05592322964923892,0.010919920582395765,0.045665122435473195,0.034083388484447384,0.0006618133686300463,0.1558570483123759,0.00628722700198544,0.048312375909993384,0.0814030443414957,0.04169424222369292,0.20251489080079418,0.0314361350099272,0.0,0.1412971542025149,0.0026472534745201853,Толстой,Анна Каренина
0.07035175879396985,0.0747068676716918,0.048911222780569516,0.01474036850921273,0.04723618090452261,0.03249581239530988,0.00033500837520938025,0.17721943048576214,0.006700167504187605,0.02981574539363484,0.07839195979899498,0.04388609715242881,0.2100502512562814,0.022445561139028476,0.0,0.14271356783919598,0.0,Толстой,Анна Каренина
0.05670567056705671,0.07200720072007201,0.07515751575157516,0.018001800180018002,0.04590459045904591,0.018901890189018902,0.00045004500450045,0.13861386138613863,0.00765076507650765,0.0423042304230423,0.07515751575157516,0.041404140414041404,0.22547254725472549,0.023852385238523854,0.0,0.15346534653465346,0.0049504950495049506,Толстой,Анна Каренина
0.04148783977110158,0.05674773485932284,0.05770147830233667,0.011444921316165951,0.04101096804959466,0.03481163567000477,0.001430615164520744,0.12541726275631854,0.003814973772055317,0.05722460658082976,0.11015736766809728,0.030519790176442536,0.26180257510729615,0.02241297091082499,0.0,0.14401525989508823,0.0,Толстой,Анна Каренина
0.04666423623769595,0.06598614655486694,0.04885162231133795,0.00984323733138899,0.04629967189208895,0.025154939846882975,0.0003645643456069996,0.16186656944950784,0.007291286912139993,0.05978855267954794,0.08640174990885892,0.04046664236237696,0.23441487422530077,0.022967553773240976,0.0,0.14363835216915785,0.0,Толстой,Анна Каренина
0.04815133276010318,0.07265692175408427,0.05331040412725709,0.01117798796216681,0.04471195184866724,0.03009458297506449,0.0004299226139294927,0.14316423043852106,0.004299226139294927,0.04858125537403268,0.09071367153912296,0.0352536543422184,0.2510748065348237,0.02235597592433362,0.0,0.14015477214101463,0.003869303525365434,Толстой,Анна Каренина
0.047330556607345704,0.07610753502461189,0.0594471790988262,0.007572889057175312,0.04581597879591064,0.029912911775842484,0.0003786444528587656,0.13934115865202576,0.003029155622870125,0.03975766755017039,0.10223400227186671,0.025369178341537298,0.24081787201817492,0.02158273381294964,0.0,0.15789473684210525,0.0034078000757288905,Толстой,Анна Каренина
0.045990566037735846,0.06918238993710692,0.060534591194968554,0.01139937106918239,0.0404874213836478,0.02908805031446541,0.0,0.10849056603773585,0.006289308176100629,0.046383647798742135,0.14111635220125787,0.02908805031446541,0.22562893081761007,0.025550314465408806,0.0,0.15959119496855345,0.0011792452830188679,Толстой,Анна Каренина
0.05346820809248555,0.07333815028901734,0.055274566473988436,0.010115606936416185,0.04588150289017341,0.027095375722543353,0.000361271676300578,0.16907514450867053,0.009031791907514452,0.05455202312138728,0.08670520231213873,0.03468208092485549,0.21640173410404626,0.024566473988439308,0.0,0.13945086705202311,0.0,Толстой,Анна Каренина
0.03807106598984772,0.05795262267343486,0.051607445008460234,0.018612521150592216,0.04483925549915398,0.038917089678511,0.0012690355329949238,0.12055837563451777,0.0025380710659898475,0.04145516074450085,0.1527072758037225,0.010998307952622674,0.2305414551607445,0.03299492385786802,0.0,0.15186125211505921,0.005076142131979695,Толстой,Анна Каренина
0.04914860681114551,0.07275541795665634,0.05495356037151703,0.007739938080495356,0.041408668730650154,0.019736842105263157,0.0030959752321981426,0.13003095975232198,0.0030959752321981426,0.03715170278637771,0.09287925696594428,0.07778637770897832,0.2356811145510836,0.018575851393188854,0.0,0.15054179566563466,0.005417956656346749,Толстой,Анна Каренина
0.04767184035476718,0.06374722838137473,0.06263858093126386,0.012749445676274944,0.038802660753880266,0.02328159645232816,0.0011086474501108647,0.08813747228381374,0.004988913525498891,0.04656319290465632,0.1419068736141907,0.040465631929046564,0.25277161862527714,0.021618625277161862,0.0,0.15354767184035475,0.0,Толстой,Анна Каренина
0.04295942720763723,0.0639618138424821,0.06014319809069212,0.00954653937947494,0.03675417661097852,0.021479713603818614,0.0009546539379474941,0.13269689737470167,0.005250596658711217,0.04677804295942721,0.11455847255369929,0.031026252983293555,0.2568019093078759,0.029594272076372316,0.0,0.14558472553699284,0.0019093078758949881,Толстой,Анна Каренина
0.054461181923522596,0.07222865971417536,0.06141367323290846,0.010428736964078795,0.04557744302819621,0.027037466203167246,0.0011587485515643105,0.12784859018926226,0.003089996137504828,0.042101197373503284,0.10892236384704519,0.04673619157976053,0.22595596755504055,0.02433371958285052,0.0,0.13750482811896486,0.011201235998455001,Толстой,Анна Каренина
0.04039983340274885,0.06205747605164515,0.059558517284464804,0.01665972511453561,0.044564764681382756,0.02790503956684715,0.0008329862557267805,0.09870887130362349,0.006663890045814244,0.05164514785506039,0.14285714285714285,0.028321532694710536,0.2303206997084548,0.03456892961266139,0.0,0.15285297792586422,0.0020824656393169513,Толстой,Анна Каренина
0.043153526970954356,0.06887966804979254,0.056016597510373446,0.012448132780082987,0.03983402489626556,0.024896265560165973,0.0,0.12489626556016598,0.0053941908713692945,0.04107883817427386,0.11535269709543569,0.04107883817427386,0.23817427385892115,0.023651452282157676,0.0004149377593360996,0.15352697095435686,0.011203319502074689,Толстой,Анна Каренина
0.05571847507331378,0.06661080854629242,0.0724759111855886,0.01508169250104734,0.0427314620863008,0.024717218265605363,0.0012568077084206116,0.11353162966066192,0.003770423125261835,0.03393380812735652,0.11353162966066192,0.050272308336824466,0.22287390029325513,0.0213657310431504,0.0,0.1336405529953917,0.028487641390867197,Толстой,Анна Каренина
0.06502423263327949,0.08198707592891762,0.049273021001615507,0.022617124394184167,0.048061389337641355,0.033521809369951534,0.0,0.1421647819063005,0.006462035541195477,0.04159935379644588,0.11833602584814217,0.02221324717285945,0.19991922455573505,0.023021001615508886,0.0,0.14579967689822293,0.0,Толстой,Анна Каренина
0.04268032437046521,0.06828851899274435,0.062313273580879215,0.012804097311139564,0.05121638924455826,0.030729833546734954,0.0012804097311139564,0.1340162185232608,0.005548442168160478,0.04524114383269313,0.10499359795134443,0.022620571916346564,0.23175416133162613,0.030729833546734954,0.0,0.15578318395219803,0.0,Толстой,Анна Каренина
0.04688232536333802,0.06469760900140648,0.06469760900140648,0.013595874355368026,0.03375527426160337,0.02203469292076887,0.001875293014533521,0.10782934833567745,0.003750586029067042,0.04125644631973746,0.10548523206751055,0.048288795124238164,0.2714486638537271,0.02297233942803563,0.0,0.14814814814814814,0.0032817627754336614,Толстой,Анна Каренина
0.059074912016088485,0.08270487682252388,0.05052790346907994,0.019105077928607342,0.0444947209653092,0.042483660130718956,0.00025138260432378077,0.1782302664655606,0.007290095525389643,0.03745600804424334,0.10256410256410256,0.02840623428858723,0.1726998491704374,0.032931121166415285,0.00025138260432378077,0.14052287581699346,0.001005530417295123,Толстой,Анна Каренина
0.04944649446494465,0.07564575645756458,0.055350553505535055,0.01107011070110701,0.044649446494464944,0.03173431734317343,0.0007380073800738007,0.13616236162361622,0.007011070110701107,0.03911439114391144,0.1022140221402214,0.05461254612546126,0.22361623616236162,0.02915129151291513,0.00036900369003690036,0.13837638376383765,0.0007380073800738007,Толстой,Анна Каренина
0.05448843590748726,0.07879263034104272,0.05213641709133673,0.011760094080752646,0.047432379459035674,0.028616228929831438,0.0,0.12073696589572716,0.006664053312426499,0.04586436691493532,0.12779302234417875,0.03410427283418267,0.22108976871814975,0.029400235201881616,0.0,0.14033712269698156,0.0007840062720501764,Толстой,Анна Каренина
0.06982466933251308,0.07167025530605968,0.06274992310058443,0.015687480775146107,0.04767763764995386,0.03783451245770532,0.00030759766225776686,0.14334051061211936,0.005536757920639803,0.03752691479544756,0.11288834204860043,0.030759766225776683,0.19593971085819747,0.030759766225776683,0.0,0.137188557366964,0.00030759766225776686,Толстой,Анна Каренина
0.049836601307189546,0.07924836601307189,0.058823529411764705,0.017565359477124183,0.0363562091503268,0.025326797385620915,0.0008169934640522876,0.12663398692810457,0.004084967320261438,0.024509803921568627,0.10620915032679738,0.051879084967320264,0.23651960784313725,0.025735294117647058,0.0,0.14705882352941177,0.009395424836601307,Толстой,Анна Каренина
0.05504055619930475,0.07358053302433372,0.05330243337195829,0.016801853997682505,0.045480880648899186,0.032155272305909616,0.0,0.14281575898030127,0.006662804171494786,0.04200463499420626,0.12195828505214369,0.020278099652375436,0.19495944380069524,0.03592120509849363,0.0,0.15903823870220163,0.0,Толстой,Анна Каренина
0.0375,0.06291666666666666,0.04416666666666667,0.014166666666666666,0.04666666666666667,0.025,0.00125,0.11583333333333333,0.0033333333333333335,0.050833333333333335,0.11666666666666667,0.04708333333333333,0.24333333333333335,0.02875,0.0,0.15875,0.00375,Толстой,Анна Каренина
0.05604719764011799,0.07079646017699115,0.058669288757784335,0.013110455588331694,0.04359226483120288,0.030809570632579483,0.00032776138970829236,0.14913143231727302,0.007210750573582432,0.036709275647328746,0.08652900688298919,0.05014749262536873,0.22844968862667978,0.025893149786955096,0.0,0.1415929203539823,0.0009832841691248771,Толстой,Анна Каренина
0.055201698513800426,0.06475583864118896,0.06210191082802548,0.010084925690021231,0.050955414012738856,0.02176220806794055,0.002653927813163482,0.14331210191082802,0.007961783439490446,0.05307855626326964,0.07961783439490445,0.03184713375796178,0.23832271762208068,0.022292993630573247,0.0,0.15552016985138004,0.0005307855626326964,Толстой,Анна Каренина
0.043606075453209214,0.05242528172464478,0.048015678588927,0.007839294463498285,0.04262616364527193,0.030867221950024497,0.002939735423811857,0.11758941695247428,0.007349338559529643,0.041156295933366,0.12346888780009799,0.03674669279764821,0.26506614404703577,0.019598236158745713,0.0,0.15874571288584027,0.0019598236158745713,Толстой,Анна Каренина
0.053169734151329244,0.07245106631609699,0.05346187554776512,0.015775635407537247,0.044697633654688866,0.03359626059012562,0.0,0.13935144609991235,0.006134969325153374,0.04265264387963774,0.1273736488460415,0.0198656149576395,0.19427402862985685,0.03680981595092025,0.0,0.16038562664329536,0.0,Толстой,Анна Каренина
0.050724637681159424,0.08168642951251646,0.058300395256917,0.019433465085639,0.04940711462450593,0.03491436100131752,0.0,0.16436100131752307,0.008563899868247694,0.038866930171278,0.0958498023715415,0.016139657444005272,0.2147562582345191,0.026021080368906456,0.0,0.14097496706192358,0.0,Толстой,Анна Каренина
0.06583163413923682,0.08563938246431692,0.05884066414214972,0.011942907078357122,0.043402272065249055,0.030585493737256043,0.0005825808330905913,0.14331488494028546,0.011069035828721235,0.04281969123215846,0.08360034954849986,0.04456743373143024,0.2207981357413341,0.02825517040489368,0.0,0.1281677832799301,0.0005825808330905913,Толстой,Анна Каренина
0.050790067720090294,0.07035364936042136,0.04702784048156509,0.0109104589917231,0.0436418359668924,0.031226486079759218,0.0007524454477050414,0.1493604213694507,0.0071482317531978935,0.051166290443942816,0.09781790820165538,0.028969149736644093,0.2287434161023326,0.028969149736644093,0.0003762227238525207,0.1523702031602709,0.0003762227238525207,Толстой,Анна Каренина
0.05372405372405373,0.06756206756206756,0.05046805046805047,0.013024013024013023,0.045584045584045586,0.03133903133903134,0.0,0.13105413105413105,0.001628001628001628,0.042328042328042326,0.10419210419210419,0.04884004884004884,0.23158323158323157,0.026048026048026047,0.0,0.13186813186813187,0.020757020757020756,Толстой,Анна Каренина
0.04696132596685083,0.07216850828729282,0.06284530386740332,0.014157458563535912,0.060082872928176795,0.02935082872928177,0.0010359116022099447,0.1408839779005525,0.005870165745856353,0.04005524861878453,0.1136049723756906,0.026933701657458564,0.2013121546961326,0.02520718232044199,0.0,0.1595303867403315,0.0,Толстой,Анна Каренина
0.0600451467268623,0.08216704288939052,0.04695259593679458,0.014898419864559819,0.042437923250564336,0.027539503386004513,0.002257336343115124,0.13860045146726863,0.009029345372460496,0.042437923250564336,0.109255079006772,0.03882618510158013,0.21399548532731377,0.020316027088036117,0.0,0.14762979683972913,0.0036117381489841984,Толстой,Анна Каренина
0.05818463925523662,0.08533747090768037,0.05973622963537626,0.015128006206361521,0.04072924747866563,0.03180760279286268,0.0003878975950349108,0.14546159813809154,0.008533747090768037,0.0395655546935609,0.09309542280837858,0.03646237393328161,0.21683475562451512,0.031031807602792862,0.0,0.13770364623739334,0.0,Толстой,Анна Каренина
0.05104867431737238,0.07954095765730115,0.05856747130985358,0.0110803324099723,0.05698456667985754,0.036802532647407994,0.0,0.14918876137712703,0.004748713889988128,0.037989711119905026,0.11753066877720618,0.01780767708745548,0.20419469726948952,0.02809655718242976,0.0,0.1440443213296399,0.002374356944994064,Толстой,Анна Каренина
0.038580778504994834,0.06476059249052704,0.05339304168101963,0.013089906992766104,0.05373751291767138,0.03169135377196004,0.0003444712366517396,0.13537719600413364,0.005167068549776094,0.03720289355838787,0.14054426455390975,0.015156734412676542,0.21873923527385464,0.02549087151222873,0.0,0.16672407853944196,0.0,Толстой,Анна Каренина
0.06561679790026247,0.06374203224596925,0.06449193850768654,0.010873640794900637,0.0536182977127859,0.02249718785151856,0.0,0.15710536182977128,0.007874015748031496,0.03824521934758155,0.07274090738657668,0.046494188226471694,0.23809523809523808,0.02062242219722535,0.0,0.1379827521559805,0.0,Толстой,Анна Каренина
0.05252442996742671,0.0749185667752443,0.052931596091205214,0.011807817589576547,0.04519543973941368,0.026465798045602607,0.00040716612377850165,0.11359934853420195,0.0061074918566775245,0.046416938110749185,0.13355048859934854,0.030944625407166124,0.23127035830618892,0.030537459283387622,0.0,0.14250814332247558,0.0008143322475570033,Толстой,Анна Каренина
0.04236939531057178,0.0748663101604278,0.060468942821883996,0.013574660633484163,0.04154668860551213,0.030440148087206912,0.00041135335252982314,0.12340600575894693,0.00781571369806664,0.04483751542575072,0.09707939119703826,0.0658165364047717,0.2258329905388729,0.027149321266968326,0.0,0.14356232003290828,0.0008227067050596463,Толстой,Анна Каренина
0.05939753924480271,0.06703436571913449,0.07339838778107764,0.015273652948663556,0.048366567670767927,0.021637675010606705,0.00042426813746287653,0.14340263046245227,0.0067882901994060245,0.04412388629613916,0.07467119219346627,0.04539669070852779,0.22189223589308443,0.021213406873143825,0.0,0.15103945693678406,0.005939753924480272,Толстой,Анна Каренина
0.04114713216957606,0.05901911886949293,0.05320033250207814,0.005403158769742311,0.04114713216957606,0.02743142144638404,0.0033250207813798837,0.12177888611803823,0.0016625103906899418,0.06691604322527016,0.10806317539484622,0.024106400665004156,0.2726517040731505,0.017456359102244388,0.0008312551953449709,0.15586034912718205,0.0,Тургенев,Записки охотника
0.060291060291060294,0.07726957726957727,0.0647955647955648,0.00589050589050589,0.041926541926541924,0.028413028413028413,0.000693000693000693,0.1437976437976438,0.007276507276507277,0.033264033264033266,0.0945945945945946,0.04261954261954262,0.23354123354123354,0.018018018018018018,0.0,0.14483714483714483,0.002772002772002772,Тургенев,Дворянское гнездо
0.07975460122699386,0.06879929886064855,0.05915863277826468,0.010517090271691499,0.03812445223488168,0.026292725679228746,0.0017528483786152498,0.15907099035933392,0.008764241893076249,0.044697633654688866,0.07581069237510955,0.024539877300613498,0.24057843996494302,0.014899211218229623,0.00043821209465381246,0.14636283961437335,0.00043821209465381246,Тургенев,Записки охотника
0.07492507492507493,0.07742257742257742,0.058941058941058944,0.006493506493506494,0.039460539460539464,0.016983016983016984,0.0004995004995004995,0.16883116883116883,0.012487512487512488,0.04895104895104895,0.07692307692307693,0.017982017982017984,0.26223776223776224,0.012487512487512488,0.0,0.12487512487512488,0.0004995004995004995,Тургенев,Записки охотника
0.058768656716417914,0.07555970149253731,0.055659203980099506,0.00404228855721393,0.03980099502487562,0.03669154228855721,0.0009328358208955224,0.15391791044776118,0.009017412935323384,0.041355721393034825,0.09546019900497513,0.04508706467661692,0.2269900497512438,0.012126865671641791,0.0,0.1424129353233831,0.0021766169154228856,Тургенев,Дворянское гнездо
0.045876570180229385,0.06444565811032223,0.04696886947023485,0.007646095030038231,0.03604587657018023,0.018569087930092845,0.002730748225013654,0.13052976515565265,0.0038230475150191155,0.05406881485527035,0.09448388858547242,0.0409612233752048,0.29000546149645,0.01474604041507373,0.0010922992900054614,0.1474604041507373,0.0005461496450027307,Тургенев,Записки охотника
0.055155010814708,0.07245854361932227,0.06560922855082912,0.010454217736121124,0.04506128334534967,0.030641672674837778,0.0007209805335255948,0.13446286950252342,0.011896178803172314,0.03460706560922855,0.09012256669069935,0.05659697188175919,0.21845710165825521,0.01910598413842826,0.0,0.14671953857245854,0.007930785868781542,Тургенев,Накануне
0.051585423568386184,0.05253194510175106,0.06862281116895409,0.00709891150023663,0.053005205868433505,0.03880738286796025,0.001419782300047326,0.12683388547089447,0.00709891150023663,0.05395172740179839,0.1329862754377662,0.011358258400378608,0.23615712257453858,0.018457169900615238,0.0,0.14008518693800284,0.0,Тургенев,Записки охотника
0.06014215418261345,0.09404045926735921,0.057955166757791145,0.008747949699289229,0.03936577364680153,0.03116457080371788,0.0,0.1558228540185894,0.01038819026790596,0.03225806451612903,0.09185347184253691,0.045926735921268454,0.20885729907053036,0.01202843083652269,0.0,0.14762165117550574,0.0038272279934390375,Тургенев,Накануне
0.08107167710508002,0.08211551844119694,0.05671537926235212,0.0041753653444676405,0.04314544189283229,0.028531663187195546,0.0020876826722338203,0.1871955462769659,0.014961725817675714,0.03653444676409186,0.06471816283924843,0.018093249826026444,0.24043145441892833,0.012178148921363952,0.0003479471120389701,0.127696590118302,0.0,Тургенев,Записки охотника
0.04487760652765186,0.058476881233000905,0.06210335448776065,0.004986400725294651,0.038077969174977334,0.030371713508612876,0.0022665457842248413,0.12330009066183137,0.004079782411604714,0.06119673617407072,0.0843155031731641,0.02901178603807797,0.28649138712601996,0.010879419764279238,0.0,0.15911151405258386,0.00045330915684496827,Тургенев,Записки охотника
0.07163695299837926,0.0820097244732577,0.06126418152350081,0.0012965964343598054,0.04473257698541329,0.024311183144246355,0.0006482982171799027,0.18508914100486223,0.011021069692058346,0.04246353322528363,0.06807131280388978,0.025283630470016208,0.23760129659643436,0.01393841166936791,0.0,0.12998379254457051,0.0006482982171799027,Тургенев,Записки охотника
0.044805194805194806,0.06915584415584415,0.05551948051948052,0.003896103896103896,0.037337662337662336,0.02922077922077922,0.0006493506493506494,0.14675324675324675,0.009415584415584415,0.032467532467532464,0.08149350649350649,0.06753246753246753,0.25032467532467534,0.015909090909090907,0.0,0.14285714285714285,0.012662337662337663,Тургенев,Дворянское гнездо
0.048395867319195214,0.06688417618270799,0.06144643828167482,0.010875475802066341,0.040783034257748776,0.022838499184339316,0.0016313213703099511,0.11908646003262642,0.009787928221859706,0.048395867319195214,0.11691136487221315,0.03371397498640565,0.24687330070690594,0.01794453507340946,0.0,0.15388798259923872,0.000543773790103317,Тургенев,Накануне
0.07365684575389948,0.0805892547660312,0.05849220103986135,0.004332755632582322,0.03856152512998267,0.025996533795493933,0.0012998266897746968,0.16897746967071056,0.008232235701906412,0.04679376083188908,0.07582322357019064,0.026429809358752165,0.2391681109185442,0.01169844020797227,0.0,0.13994800693240902,0.0,Тургенев,Записки охотника
0.07074652777777778,0.08072916666666667,0.059027777777777776,0.00390625,0.04210069444444445,0.025607638888888888,0.0013020833333333333,0.16319444444444445,0.0078125,0.05078125,0.07682291666666667,0.025607638888888888,0.23697916666666666,0.012152777777777778,0.0,0.14322916666666666,0.0,Тургенев,Записки охотника
0.05889014722536806,0.079841449603624,0.057474518686296716,0.009626274065685165,0.04360135900339751,0.028878822197055492,0.0,0.14354473386183467,0.008776896942242356,0.045016987542468856,0.09767836919592299,0.040486976217440546,0.2146092865232163,0.01812004530011325,0.0,0.14949037372593432,0.003963759909399773,Тургенев,Дворянское гнездо
0.047910295616717634,0.06693849813115868,0.05402650356778797,0.0067957866123003734,0.0326197757390418,0.027183146449201494,0.0013591573224600749,0.12674142031940197,0.0054366292898402994,0.05402650356778797,0.12232415902140673,0.016649677200135916,0.2582398912674142,0.021066938498131158,0.0006795786612300374,0.15766224940536866,0.0003397893306150187,Тургенев,Записки охотника
0.051331532226939404,0.06059436510999614,0.07024314936318024,0.007719027402547279,0.04862987263604786,0.023928984947896564,0.002701659590891548,0.12234658433037437,0.007333076032419915,0.04361250482439213,0.11308375144731764,0.03975299112311849,0.2377460439984562,0.01736781165573138,0.0,0.14627556927827093,0.007333076032419915,Тургенев,Накануне
0.05854322668481961,0.07215793056501021,0.05241660993873383,0.004424778761061947,0.044928522804629,0.03505786249149081,0.0010211027910142954,0.1504424778761062,0.010211027910142955,0.060925799863852964,0.1102791014295439,0.010891763104152484,0.23281143635125937,0.015656909462219197,0.0,0.12968005445881553,0.01055139550714772,Тургенев,Записки охотника
0.0394990366088632,0.06984585741811175,0.0640655105973025,0.0072254335260115606,0.0394990366088632,0.023603082851637765,0.0004816955684007707,0.10452793834296724,0.009152215799614644,0.04720616570327553,0.1252408477842004,0.038535645472061654,0.25096339113680155,0.024566473988439308,0.0,0.15558766859344894,0.0,Тургенев,Накануне
0.0380894800483676,0.07920193470374849,0.044135429262394194,0.007859733978234583,0.0471584038694075,0.022370012091898428,0.0012091898428053204,0.14268440145102781,0.006045949214026602,0.05441354292623942,0.08524788391777509,0.041112454655380895,0.2877871825876663,0.014510278113663845,0.0,0.12575574365175332,0.0024183796856106408,Тургенев,Записки охотника
0.0531082750102923,0.07410456978180321,0.054343351173322355,0.007410456978180321,0.04775627830382874,0.02181967888019761,0.0004116920543433512,0.15644298065047343,0.006175380815150268,0.027171675586661177,0.10745162618361466,0.036228900782214905,0.22560724578015645,0.018937834499794155,0.0,0.16138328530259366,0.0016467682173734047,Тургенев,Накануне
0.053929121725731895,0.05290190035952748,0.07704160246533127,0.00667693888032871,0.05187467899332306,0.021058038007190548,0.0030816640986132513,0.12326656394453005,0.005136106831022085,0.06266050333846944,0.08525937339496661,0.02362609142270159,0.2937853107344633,0.01386748844375963,0.0,0.1258346173600411,0.0,Тургенев,Записки охотника
0.06133101348412353,0.07003044802087864,0.06220095693779904,0.006524575902566333,0.03697259678120922,0.028708133971291867,0.0013049151805132667,0.1448455850369726,0.007394519356241845,0.034797738147020446,0.07307525010874293,0.05785123966942149,0.2701174423662462,0.0117442366246194,0.0,0.12614180078294912,0.006959547629404089,Тургенев,Дворянское гнездо
0.07024586051179127,0.07576517812343202,0.05669844455594581,0.004515805318615153,0.035122930255895635,0.015554440541896638,0.0,0.1851480180632213,0.006021073758153537,0.039136979427997994,0.06271951831409935,0.03462117410938284,0.2558956347215253,0.012042147516307075,0.0,0.14651279478173607,0.0,Тургенев,Записки охотника
0.09002072845721054,0.08409831211134143,0.08942848682262364,0.00829138288421676,0.04560260586319218,0.02901984009475866,0.0002961208172934557,0.1679005034053894,0.007403020432336393,0.03701510216168197,0.06485045898726681,0.013029315960912053,0.20521172638436483,0.011844832691738229,0.0,0.1450992004737933,0.0008883624518803672,Тургенев,Записки охотника
0.041648590021691974,0.06290672451193059,0.052928416485900215,0.005206073752711497,0.04685466377440347,0.030802603036876357,0.0,0.14316702819956617,0.0039045553145336228,0.0685466377440347,0.07809110629067245,0.03427331887201735,0.25813449023861174,0.02386117136659436,0.0,0.14967462039045554,0.0,Тургенев,Записки охотника
0.06159420289855073,0.07556935817805382,0.06366459627329192,0.009834368530020704,0.03260869565217391,0.024844720496894408,0.0,0.13819875776397517,0.006211180124223602,0.03674948240165631,0.09627329192546584,0.04503105590062112,0.24792960662525879,0.013975155279503106,0.0005175983436853002,0.13923395445134576,0.007763975155279503,Тургенев,Накануне
0.0421912215039129,0.0639673358285131,0.06532834297380061,0.007145287512759442,0.033684926845865944,0.027900646478394013,0.0003402517863218782,0.13133718952024498,0.006464783940115686,0.05035726437563797,0.09867301803334468,0.053079278666212995,0.25212657366451174,0.016332085743450152,0.0,0.1449472609731201,0.006124532153793808,Тургенев,Дворянское гнездо
0.057698648203099244,0.06594131223211341,0.05242334322453017,0.008242664029014177,0.03923508077810749,0.03231124299373558,0.0006594131223211342,0.14276294098252557,0.006594131223211342,0.0491262776129245,0.1031981536432575,0.03395977579953841,0.2423343224530168,0.017474447741510055,0.0,0.14803824596109463,0.0,Тургенев,Дворянское гнездо
0.06296691568836713,0.07470651013874066,0.059231590181430094,0.004268943436499467,0.03575240128068303,0.013874066168623266,0.0021344717182497333,0.18569903948772679,0.010138740661686232,0.02934898612593383,0.05176093916755603,0.025080042689434364,0.2870864461045891,0.0080042689434365,0.0,0.14994663820704376,0.0,Тургенев,Записки охотника
0.06059390048154093,0.07223113964686999,0.05537720706260032,0.004414125200642055,0.034911717495987156,0.020465489566613163,0.0004012841091492777,0.18017656500802567,0.006019261637239166,0.03691813804173355,0.07865168539325842,0.03451043338683788,0.24719101123595505,0.012841091492776886,0.0008025682182985554,0.14526484751203853,0.009229534510433388,Тургенев,Записки охотника
0.03927911275415896,0.06608133086876156,0.04990757855822551,0.006007393715341959,0.04436229205175601,0.03373382624768946,0.0004621072088724584,0.14695009242144177,0.0046210720887245845,0.07162661737523106,0.07393715341959335,0.033271719038817,0.25231053604436227,0.02310536044362292,0.0,0.15434380776340112,0.0,Тургенев,Записки охотника
0.06337687469762941,0.07595549104983067,0.055152394775036286,0.004837929366231253,0.029511369134010642,0.024189646831156264,0.0,0.17271407837445574,0.006289308176100629,0.0382196419932269,0.08659893565553943,0.023222060957910014,0.26463473633284956,0.00822447992259313,0.0,0.14658925979680695,0.0004837929366231253,Тургенев,Записки охотника
0.04843304843304843,0.05242165242165242,0.07806267806267807,0.013105413105413105,0.046723646723646726,0.035897435897435895,0.002849002849002849,0.08831908831908832,0.004558404558404558,0.049002849002849,0.17777777777777778,0.018233618233618232,0.22564102564102564,0.02621082621082621,0.0,0.13276353276353275,0.0,Тургенев,Накануне
0.0826237779880164,0.07442447177546516,0.05045726900031536,0.006622516556291391,0.04856512141280353,0.035635446231472724,0.000630715862503942,0.17628508356985179,0.005991800693787449,0.03342794071270892,0.07253232418795333,0.042888678650268054,0.21570482497634816,0.007253232418795333,0.0,0.141280353200883,0.005676442762535478,Тургенев,Накануне
0.044731182795698925,0.07913978494623657,0.04989247311827957,0.004301075268817204,0.048602150537634406,0.025806451612903226,0.0012903225806451613,0.15612903225806452,0.00989247311827957,0.04946236559139785,0.07655913978494623,0.03096774193548387,0.2524731182795699,0.02021505376344086,0.0,0.15053763440860216,0.0,Тургенев,Записки охотника
0.059880239520958084,0.08502994011976048,0.053592814371257486,0.006586826347305389,0.045508982035928146,0.02844311377245509,0.0005988023952095808,0.15389221556886226,0.0074850299401197605,0.03682634730538922,0.08742514970059881,0.038622754491017965,0.22005988023952097,0.01347305389221557,0.0,0.15898203592814372,0.003592814371257485,Тургенев,Дворянское гнездо
0.08162568306010928,0.08435792349726776,0.0546448087431694,0.0034153005464480873,0.04337431693989071,0.029030054644808744,0.0017076502732240437,0.1885245901639344,0.015710382513661202,0.036543715846994534,0.06489071038251366,0.020150273224043717,0.2342896174863388,0.011612021857923498,0.00034153005464480874,0.12978142076502733,0.0,Тургенев,Записки охотника
0.03923205342237062,0.06969949916527546,0.06803005008347246,0.006260434056761269,0.038814691151919864,0.026293823038397328,0.0,0.12228714524207011,0.007929883138564273,0.04716193656093489,0.12395659432387313,0.038397328881469114,0.22287145242070117,0.01961602671118531,0.0,0.169449081803005,0.0,Тургенев,Накануне
0.06610969851071559,0.06828913912095895,0.06683617871413004,0.00944424264438794,0.046131492916818014,0.03269160915365056,0.0010897203051216855,0.1362150381402107,0.006175081729022884,0.0573919360697421,0.07809662186705413,0.020341445695604796,0.24772974936432982,0.013076643661460226,0.0,0.1492916818016709,0.0010897203051216855,Тургенев,Записки охотника
0.0593607305936073,0.06494165398274987,0.07559614408929477,0.005580923389142567,0.049213597158802636,0.0182648401826484,0.0010147133434804667,0.16235413495687467,0.008625063419583967,0.0578386605783866,0.07864028411973617,0.0106544901065449,0.25164890918315574,0.013191273465246067,0.0,0.1430745814307458,0.0,Тургенев,Записки охотника
0.03979739507959479,0.07018813314037627,0.05824891461649783,0.005065123010130246,0.03798842257597684,0.03328509406657019,0.000723589001447178,0.13241678726483358,0.003979739507959479,0.04522431259044862,0.12011577424023155,0.04377713458755427,0.23697539797395079,0.013024602026049204,0.0,0.15557163531114326,0.00361794500723589,Тургенев,Дворянское гнездо
0.049491825011047284,0.068935041979673,0.05081749889527176,0.0057445868316394165,0.03844454264250994,0.03623508616880247,0.0008837825894829872,0.11842686699072029,0.0061864781263809105,0.03844454264250994,0.12814847547503314,0.0410958904109589,0.24392399469730447,0.01855943437914273,0.0,0.15466195315952275,0.0,Тургенев,Накануне
0.03967855349070819,0.06479156202913108,0.050226017076845805,0.00803616273229533,0.03666499246609744,0.023606228026117528,0.0015067805123053742,0.11903566047212456,0.0030135610246107484,0.07031642390758412,0.09693621295831241,0.03465595178302361,0.27624309392265195,0.017076845806127575,0.0010045203415369162,0.1567051732797589,0.0005022601707684581,Тургенев,Записки охотника
0.06831395348837209,0.09053156146179402,0.049003322259136214,0.008305647840531562,0.04422757475083056,0.03343023255813953,0.0006229235880398671,0.17919435215946844,0.011004983388704318,0.04028239202657807,0.08367940199335548,0.057308970099667775,0.1818936877076412,0.013704318936877076,0.0,0.13434385382059802,0.004152823920265781,Тургенев,Дворянское гнездо
0.0625,0.07670454545454546,0.06013257575757576,0.008049242424242424,0.032670454545454544,0.02462121212121212,0.0,0.140625,0.006628787878787879,0.038825757575757576,0.09138257575757576,0.047821969696969696,0.24857954545454544,0.015625,0.0004734848484848485,0.13825757575757575,0.007102272727272727,Тургенев,Накануне
0.07959922070693014,0.06846646256610076,0.07486779849707766,0.007792930698580574,0.050654049540773724,0.03228499860840523,0.0005566379070414695,0.1569718897856944,0.003896465349290287,0.04341775674923462,0.0720846089618703,0.018369050932368493,0.21764542165321457,0.01753409407180629,0.0,0.1544670192040078,0.0013915947676036739,Тургенев,Записки охотника
0.06272473032361167,0.06951658010387535,0.07351178585697163,0.001997602876548142,0.044746304434678384,0.027566919696364364,0.00039952057530962844,0.1769876148621654,0.0059928086296444265,0.05233719536556133,0.06512185377546943,0.018377946464242907,0.23531761885737115,0.015980823012385136,0.00039952057530962844,0.14822213343987214,0.0007990411506192569,Тургенев,Записки охотника
0.07460459564309162,0.08475082065055208,0.061175768427335124,0.006266786034019696,0.04327066547299314,0.03133393017009848,0.0002984183825723665,0.1566696508504924,0.005371530886302597,0.03879438973440764,0.10026857654431513,0.02954341987466428,0.21098179647866308,0.014920919128618322,0.0,0.14174873172187408,0.0,Тургенев,Накануне
0.06190476190476191,0.0838095238095238,0.055714285714285716,0.005238095238095238,0.032857142857142856,0.02619047619047619,0.0009523809523809524,0.17333333333333334,0.006666666666666667,0.04428571428571428,0.09428571428571429,0.02761904761904762,0.24285714285714285,0.008571428571428572,0.0,0.1357142857142857,0.0,Тургенев,Записки охотника
0.059734513274336286,0.06991150442477877,0.060619469026548675,0.007079646017699115,0.03893805309734513,0.02920353982300885,0.001327433628318584,0.1433628318584071,0.008407079646017699,0.036283185840707964,0.0747787610619469,0.05796460176991151,0.2672566371681416,0.012831858407079646,0.0,0.12654867256637167,0.005752212389380531,Тургенев,Дворянское гнездо
0.051877470355731224,0.07114624505928854,0.04298418972332016,0.004940711462450593,0.041501976284584984,0.017292490118577076,0.0024703557312252965,0.1373517786561265,0.0029644268774703555,0.06225296442687747,0.08547430830039526,0.029644268774703556,0.28705533596837945,0.012845849802371542,0.0,0.14575098814229248,0.004446640316205534,Тургенев,Записки охотника
0.0548604427333975,0.05774783445620789,0.06881616939364774,0.007699711260827719,0.05052935514918191,0.021174205967276226,0.00048123195380173246,0.11742059672762271,0.004812319538017324,0.07555341674687199,0.1053897978825794,0.014918190567853706,0.25601539942252166,0.01395572666025024,0.0,0.15062560153994226,0.0,Тургенев,Записки охотника
0.06488725264611137,0.06442705936493327,0.06718821905200184,0.006442705936493327,0.04832029452369995,0.025310630464795213,0.0009203865623561896,0.13023469857340084,0.005522319374137137,0.06856879889553613,0.09479981592268753,0.015186378278877128,0.24988495167970548,0.012885411872986655,0.0,0.14542107685227795,0.0,Тургенев,Записки охотника
0.043478260869565216,0.07184966838614591,0.0552689756816507,0.003316138540899042,0.03316138540899042,0.03131908621960206,0.0007369196757553427,0.14112011790714812,0.00847457627118644,0.030950626381724394,0.08806190125276345,0.06448047162859248,0.2649226234340457,0.015106853352984525,0.0,0.13706705969049374,0.010685335298452468,Тургенев,Дворянское гнездо
0.04009661835748792,0.0642512077294686,0.05507246376811594,0.006280193236714976,0.03768115942028986,0.026570048309178744,0.0,0.11497584541062802,0.004830917874396135,0.03768115942028986,0.12995169082125604,0.0463768115942029,0.2545893719806763,0.01932367149758454,0.0,0.16231884057971013,0.0,Тургенев,Накануне
0.06283549100094726,0.07072939690558888,0.05967792863909062,0.007893905904641616,0.039469529523208084,0.030628354910009474,0.000947268708556994,0.14808967477107673,0.008209662140827282,0.03631196716135144,0.10041048310704137,0.03252289232712346,0.2314493211240922,0.015787811809283233,0.0,0.14272181875592044,0.012314493211240922,Тургенев,Дворянское гнездо
0.054950260540028426,0.07579346281383231,0.05731880625296068,0.007579346281383231,0.037423022264329704,0.03505447655139744,0.0004737091425864519,0.147797252486973,0.010421601136901942,0.05210800568450971,0.09805779251539555,0.038844149692089054,0.24206537186167693,0.010421601136901942,0.0,0.12932259592610137,0.0023685457129322598,Тургенев,Накануне
0.06561264822134387,0.07430830039525692,0.05810276679841897,0.0047430830039525695,0.042687747035573126,0.028853754940711462,0.0003952569169960474,0.14387351778656127,0.004347826086956522,0.040711462450592886,0.10948616600790514,0.031225296442687747,0.23478260869565218,0.014229249011857707,0.0,0.1466403162055336,0.0,Тургенев,Накануне
0.04173913043478261,0.06260869565217392,0.05217391304347826,0.004782608695652174,0.04695652173913043,0.030869565217391304,0.0,0.14347826086956522,0.00391304347826087,0.06869565217391305,0.07782608695652174,0.03391304347826087,0.25869565217391305,0.02391304347826087,0.0,0.15043478260869564,0.0,Тургенев,Записки охотника
0.03468516542155817,0.06830309498399147,0.056029882604055496,0.011205976520811099,0.03415154749199573,0.030949839914621132,0.0016008537886872999,0.09658484525080042,0.005869797225186766,0.06456776947705443,0.13393810032017076,0.03415154749199573,0.25667022411953044,0.016542155816435433,0.0,0.15474919957310565,0.0,Тургенев,Дворянское гнездо
0.04486785494775661,0.0626920712968654,0.054087277197295634,0.003073140749846343,0.037492317148125384,0.012292562999385371,0.0006146281499692685,0.1272280270436386,0.015980331899200985,0.054701905347264906,0.06822372464658881,0.040565457897971724,0.3189920098340504,0.014751075599262446,0.0,0.14443761524277812,0.0,Тургенев,Записки охотника
0.04139650872817955,0.061845386533665836,0.050374064837905234,0.006982543640897756,0.035910224438902745,0.023940149625935162,0.00199501246882793,0.12119700748129676,0.003491271820448878,0.06683291770573566,0.0942643391521197,0.03640897755610972,0.28079800498753116,0.016957605985037406,0.000997506234413965,0.15610972568578554,0.0004987531172069825,Тургенев,Записки охотника
0.06580406654343808,0.07763401109057301,0.05508317929759704,0.005545286506469501,0.043622920517560074,0.028465804066543438,0.0003696857670979667,0.15194085027726434,0.0044362292051756,0.03844731977818854,0.10942698706099815,0.029944547134935304,0.22698706099815158,0.014787430683918669,0.0,0.14750462107208873,0.0,Тургенев,Накануне
0.03931006819093462,0.06337745687926194,0.052948255114320095,0.005615724027276374,0.041716807059767345,0.025671881267549136,0.003208985158443642,0.11913357400722022,0.002807862013638187,0.06859205776173286,0.10750100280786201,0.024468511833132773,0.26795026073004413,0.017248295226634576,0.0012033694344163659,0.15924588848776575,0.0,Тургенев,Записки охотника
0.06287545054064878,0.06928313976772127,0.07288746495794954,0.0024028834601521826,0.04525430516619944,0.0276331597917501,0.00040048057669203043,0.17460953143772526,0.006007208650380457,0.05326391670004005,0.06647977573087706,0.01762114537444934,0.23748498197837406,0.015618742490989187,0.00040048057669203043,0.14697637164597516,0.0008009611533840609,Тургенев,Записки охотника
0.03709949409780776,0.0657672849915683,0.05564924114671164,0.006323777403035413,0.03920741989881956,0.023608768971332208,0.0037942664418212477,0.11720067453625632,0.0021079258010118043,0.06871838111298482,0.10244519392917369,0.026981450252951095,0.2715008431703204,0.01854974704890388,0.0012647554806070826,0.15978077571669477,0.0,Тургенев,Записки охотника
0.05046545810877021,0.06957373836354729,0.04262616364527193,0.004409603135717786,0.04262616364527193,0.0171484566389025,0.004409603135717786,0.1386575208231259,0.004409603135717786,0.061734443900048994,0.07986281234688879,0.03184713375796178,0.2929936305732484,0.01224889759921607,0.0,0.14012738853503184,0.006859382655560999,Тургенев,Записки охотника
0.029197080291970802,0.06465067778936393,0.04640250260688217,0.0072992700729927005,0.026068821689259645,0.032846715328467155,0.0015641293013555788,0.09697601668404589,0.005213764337851929,0.04744525547445255,0.16475495307612095,0.03232533889468196,0.2799791449426486,0.018769551616266946,0.0,0.14181438998957246,0.0046923879040667365,Тургенев,Накануне
0.045368620037807186,0.0666351606805293,0.06001890359168242,0.005671077504725898,0.04111531190926276,0.019376181474480152,0.0004725897920604915,0.14744801512287334,0.005671077504725898,0.055765595463137994,0.08695652173913043,0.0165406427221172,0.2882797731568998,0.008979206049149339,0.0004725897920604915,0.15122873345935728,0.0,Тургенев,Записки охотника
0.05002174858634189,0.05698129621574598,0.07133536320139192,0.006524575902566333,0.04001739886907351,0.030882992605480643,0.0026098303610265334,0.12788168769030014,0.0034797738147020443,0.04915180513266638,0.07307525010874293,0.0313179643323184,0.28708133971291866,0.01783384080034798,0.0,0.15180513266637669,0.0,Тургенев,Записки охотника
0.08314606741573034,0.07351524879614767,0.05521669341894061,0.0077046548956661316,0.045585874799357946,0.033386837881219905,0.0009630818619582664,0.1723916532905297,0.006420545746388443,0.03691813804173355,0.07993579454253612,0.03691813804173355,0.21508828250401285,0.012841091492776886,0.00032102728731942215,0.1332263242375602,0.006420545746388443,Тургенев,Накануне
0.08053691275167785,0.07106198183971575,0.06908803789972365,0.0015791551519936833,0.049743387287801026,0.03158310303987367,0.0007895775759968417,0.14725621792341098,0.0019739439399921043,0.044611133043821555,0.0852743782076589,0.016581129095933674,0.24397947098302408,0.015396762731938412,0.0,0.139755230951441,0.0007895775759968417,Тургенев,Записки охотника
0.04144851657940663,0.06413612565445026,0.05759162303664921,0.004363001745200698,0.03664921465968586,0.02574171029668412,0.0030541012216404886,0.1518324607329843,0.006980802792321117,0.05235602094240838,0.07853403141361257,0.04886561954624782,0.2683246073298429,0.010471204188481676,0.0,0.14092495636998253,0.008726003490401396,Тургенев,Записки охотника
0.06448126801152737,0.07853025936599424,0.059077809798270896,0.010806916426512969,0.04106628242074928,0.028097982708933718,0.0007204610951008645,0.15273775216138327,0.008645533141210375,0.0345821325648415,0.0914985590778098,0.05655619596541787,0.2219020172910663,0.01260806916426513,0.0,0.1372478386167147,0.001440922190201729,Тургенев,Накануне
0.047775947281713346,0.08127402526084569,0.049972542559033495,0.0032948929159802307,0.036243822075782535,0.017023613399231193,0.0,0.19220208676551345,0.004393190554640308,0.030203185063152116,0.08841295991213619,0.008237232289950576,0.2586490939044481,0.0060406370126304225,0.0,0.1757276221856123,0.0005491488193300384,Тургенев,Записки охотника
0.04769475357710652,0.06730259671436142,0.07207207207207207,0.008479067302596715,0.04239533651298357,0.025967143614202437,0.001589825119236884,0.1595124536301007,0.00688924218335983,0.0598834128245893,0.08320084790673025,0.01377848436671966,0.2543720190779014,0.01377848436671966,0.0,0.14308426073131955,0.0,Тургенев,Записки охотника
0.04473161033797217,0.0659377070907886,0.05864811133200795,0.004638833664678595,0.03711066931742876,0.02485089463220676,0.0003313452617627568,0.14015904572564614,0.009609012591119947,0.03412856196156395,0.08184227965540093,0.0705765407554672,0.25579854208084823,0.014247846255798542,0.0,0.14148442677269715,0.015904572564612324,Тургенев,Дворянское гнездо
0.044072948328267476,0.08206686930091185,0.05268490374873354,0.007598784194528876,0.037487335359675786,0.02330293819655522,0.0010131712259371835,0.1762917933130699,0.007598784194528876,0.037993920972644375,0.07801418439716312,0.031914893617021274,0.26494427558257344,0.014690982776089158,0.0,0.1403242147922999,0.0,Тургенев,Записки охотника
0.08542372881355932,0.09220338983050848,0.059661016949152545,0.001694915254237288,0.04440677966101695,0.02,0.002033898305084746,0.1942372881355932,0.014915254237288136,0.031186440677966103,0.05423728813559322,0.015593220338983051,0.23728813559322035,0.008813559322033898,0.00033898305084745765,0.13796610169491524,0.0,Тургенев,Записки охотника
0.07628344179320318,0.06796818510484454,0.06326825741142444,0.008315256688358641,0.04229934924078091,0.03434562545191613,0.0010845986984815619,0.16341287057122197,0.006146059291395517,0.040853217642805494,0.08134490238611713,0.03796095444685466,0.22559652928416485,0.013015184381778741,0.00036153289949385393,0.1294287780187997,0.008315256688358641,Тургенев,Накануне
0.06494096276112625,0.0667574931880109,0.0703905540417802,0.0036330608537693005,0.045413260672116255,0.01725703905540418,0.0018165304268846503,0.14986376021798364,0.011807447774750226,0.048138056312443236,0.08628519527702089,0.018619436875567667,0.259763851044505,0.01589464123524069,0.0,0.13941871026339692,0.0,Тургенев,Записки охотника
0.05064456721915286,0.061694290976058934,0.08333333333333333,0.009668508287292817,0.04696132596685083,0.020718232044198894,0.001841620626151013,0.10359116022099447,0.0055248618784530384,0.05202578268876611,0.14318600368324125,0.03683241252302026,0.22007366482504603,0.018876611418047883,0.0,0.143646408839779,0.0013812154696132596,Тургенев,Накануне
0.056185080264400375,0.06657223796033994,0.06232294617563739,0.009442870632672332,0.03871576959395656,0.031161473087818695,0.0,0.1251180358829084,0.00424929178470255,0.03918791312559018,0.09915014164305949,0.049575070821529746,0.25920679886685555,0.014636449480642116,0.0,0.14353163361661944,0.0009442870632672333,Тургенев,Накануне
0.05356439543127216,0.07916502560063017,0.05120126033871603,0.007483261126427727,0.03623473808586058,0.03150846790074833,0.0007877116975187081,0.13194170933438362,0.008270972823946435,0.04096100827097282,0.11697518708152817,0.04253643166601024,0.23434423001181567,0.015754233950374164,0.0,0.14257581725088617,0.00669554942890902,Тургенев,Накануне
0.04909680407596109,0.06206577119036591,0.06391848077813803,0.008337193144974525,0.05604446503010653,0.037054191755442334,0.0009263547938860583,0.12968967114404817,0.010189902732746642,0.04955998147290412,0.12644742936544698,0.013432144511347846,0.23390458545622975,0.021306160259379342,0.0,0.1380268642890227,0.0,Тургенев,Записки охотника
0.07922753156721961,0.08195097796484278,0.05545927209705372,0.006932409012131715,0.04382272839811835,0.0319385986630354,0.0,0.18445159692993315,0.006684822975984155,0.041842040108937856,0.06635305768754642,0.03664273334983907,0.2064867541470661,0.014855162168853677,0.0,0.14335231492943798,0.0,Тургенев,Дворянское гнездо
0.048327137546468404,0.06133828996282528,0.06319702602230483,0.007899628252788104,0.056691449814126396,0.03717472118959108,0.0009293680297397769,0.13057620817843865,0.010223048327137546,0.04879182156133829,0.12546468401486988,0.01254646840148699,0.23559479553903345,0.020910780669144983,0.0,0.14033457249070633,0.0,Тургенев,Записки охотника
0.08759124087591241,0.07457949857188194,0.05172960964773088,0.006664550936210727,0.04665185655347509,0.037131069501745474,0.000952078705172961,0.17518248175182483,0.005712472231037766,0.03459219295461758,0.07616629641383688,0.03840050777530943,0.2145350682323072,0.009203427483338623,0.00031735956839098697,0.1342430974293875,0.006347191367819739,Тургенев,Накануне
0.09486537257357545,0.08422041327489042,0.08703819661865998,0.008453350031308704,0.041327489041953665,0.030682529743268627,0.0006261740763932373,0.17658108954289292,0.0068879148403256105,0.0335003130870382,0.06293049467752035,0.010644959298685034,0.20569818409517845,0.00939261114589856,0.0,0.14715090795241076,0.0,Тургенев,Записки охотника
0.06320907617504051,0.06888168557536467,0.0692868719611021,0.004051863857374392,0.04254457050243112,0.027552674230145867,0.0004051863857374392,0.14748784440842788,0.007293354943273906,0.05186385737439222,0.08792544570502431,0.02633711507293355,0.24027552674230146,0.007698541329011345,0.0004051863857374392,0.1547811993517018,0.0,Тургенев,Записки охотника
0.049695121951219515,0.07865853658536585,0.07073170731707316,0.00853658536585366,0.046341463414634146,0.03353658536585366,0.001829268292682927,0.1573170731707317,0.008231707317073171,0.05030487804878049,0.08201219512195122,0.034451219512195125,0.22378048780487805,0.020121951219512196,0.0,0.13445121951219513,0.0,Тургенев,Записки охотника
0.04875717017208413,0.06978967495219886,0.05927342256214149,0.010994263862332695,0.043021032504780114,0.023422562141491396,0.0019120458891013384,0.13575525812619502,0.009082217973231358,0.036328871892925434,0.11089866156787763,0.03441682600382409,0.24091778202676864,0.01959847036328872,0.0,0.15535372848948376,0.0004780114722753346,Тургенев,Накануне
0.06989057536180728,0.08506883162725026,0.053653370984821744,0.003882809742322626,0.043063889869396396,0.027885633603953405,0.0010589481115425344,0.1814331097776209,0.0063536886692552065,0.03565125308859866,0.08083303918108013,0.01729615248852806,0.22379103423932228,0.015531238969290505,0.00035298270384751147,0.1542534415813625,0.0,Тургенев,Записки охотника
0.08466498458088029,0.09055228483319316,0.054948135688253436,0.008130081300813009,0.044014578076815254,0.028875805999439303,0.0008410428931875525,0.18474908887019906,0.007008690776562938,0.038968320717689936,0.0784973366975049,0.008410428931875526,0.208017942248388,0.017661900756938603,0.0002803476310625175,0.1443790299971965,0.0,Тургенев,Записки охотника
0.06601580660158066,0.08275220827522083,0.05113900511390051,0.003719200371920037,0.03393770339377034,0.02417480241748024,0.0009298000929800093,0.17712691771269176,0.008368200836820083,0.04370060437006044,0.08693630869363086,0.027429102742910275,0.25058112505811253,0.007438400743840074,0.0,0.13575081357508137,0.0,Тургенев,Записки охотника
0.051675977653631286,0.0712290502793296,0.05772811918063315,0.010707635009310988,0.04702048417132216,0.0223463687150838,0.00186219739292365,0.14059590316573556,0.008379888268156424,0.032588454376163874,0.10614525139664804,0.034916201117318434,0.23370577281191807,0.019553072625698324,0.0,0.1610800744878957,0.0004655493482309125,Тургенев,Накануне
0.072265625,0.07568359375,0.05810546875,0.0068359375,0.0380859375,0.0166015625,0.00048828125,0.171875,0.01025390625,0.0517578125,0.0791015625,0.01953125,0.26171875,0.0126953125,0.0,0.12451171875,0.00048828125,Тургенев,Записки охотника
0.05753739930955121,0.06866129650939777,0.04526275412351362,0.008438818565400843,0.038358266206367474,0.0333716915995397,0.0007671653241273494,0.12543153049482164,0.00652090525508247,0.04756425009589567,0.11852704257767549,0.04679708477176832,0.24050632911392406,0.019179133103183737,0.0,0.13578826237054084,0.00728807057920982,Тургенев,Накануне
0.07463694697737251,0.08611955420466058,0.05538669368456602,0.007767646065518406,0.04525498142519419,0.021952043228638973,0.0006754474839581223,0.20229652144545762,0.0070921985815602835,0.03850050658561297,0.06855791962174941,0.018912529550827423,0.22458628841607564,0.0121580547112462,0.00033772374197906115,0.13576494427558258,0.0,Тургенев,Записки охотника
0.0576271186440678,0.06991525423728813,0.07457627118644068,0.006779661016949152,0.03983050847457627,0.02754237288135593,0.001694915254237288,0.15466101694915255,0.00847457627118644,0.04194915254237288,0.07203389830508475,0.016101694915254237,0.251271186440678,0.017372881355932204,0.0,0.16016949152542373,0.0,Тургенев,Записки охотника
0.06781975421028676,0.06690942193900774,0.07328174783796086,0.004096495220755576,0.04642694583522986,0.018206645425580335,0.0018206645425580337,0.14929449248975876,0.012289485662266727,0.04688211197086937,0.08602639963586708,0.018206645425580335,0.2585343650432408,0.015930814747382796,0.0,0.134274010013655,0.0,Тургенев,Записки охотника
0.05631244323342416,0.057674841053587646,0.06857402361489555,0.005903723887375113,0.039509536784741145,0.021798365122615803,0.0009082652134423251,0.11943687556766576,0.0027247956403269754,0.05858310626702997,0.10535876475930972,0.02633969118982743,0.2729336966394187,0.008174386920980926,0.0,0.15576748410535876,0.0,Тургенев,Записки охотника
0.08402203856749312,0.0912534435261708,0.057506887052341596,0.0030991735537190084,0.04579889807162534,0.02134986225895317,0.001721763085399449,0.19077134986225897,0.014807162534435262,0.03133608815426997,0.058884297520661155,0.01584022038567493,0.23760330578512398,0.009641873278236915,0.0003443526170798898,0.13601928374655647,0.0,Тургенев,Записки охотника
0.06450882752376641,0.09031235853327298,0.0473064735174287,0.008601177003168854,0.0441376188320507,0.033046627433227706,0.000679040289723857,0.17111815301041194,0.011090991398822997,0.04210049796287913,0.08759619737437754,0.057039384336803986,0.18673607967406067,0.014938886373924853,0.0,0.13671344499773652,0.004074241738343142,Тургенев,Дворянское гнездо
0.0683453237410072,0.08992805755395683,0.05467625899280575,0.006115107913669065,0.044964028776978415,0.02158273381294964,0.002517985611510791,0.1866906474820144,0.01079136690647482,0.04568345323741007,0.05971223021582734,0.02194244604316547,0.23381294964028776,0.011870503597122302,0.0,0.14136690647482014,0.0,Тургенев,Записки охотника
0.08053911900065747,0.0811965811965812,0.08481262327416174,0.008547008547008548,0.044707429322813935,0.03057199211045365,0.0003287310979618672,0.15581854043392504,0.006574621959237344,0.041091387245233396,0.07462195923734385,0.012491781722550954,0.21630506245890863,0.010190664036817882,0.0,0.15121630506245892,0.0009861932938856016,Тургенев,Записки охотника
0.07702888583218707,0.07840440165061899,0.05089408528198074,0.005502063273727648,0.04401650618982118,0.026478679504814306,0.000343878954607978,0.15577716643741404,0.007221458046767538,0.0436726272352132,0.07943603851444292,0.04883081155433287,0.23211829436038514,0.011691884456671253,0.0,0.1375515818431912,0.0010316368638239339,Тургенев,Дворянское гнездо
0.04812586765386395,0.06293382693197594,0.044423877834335955,0.0041647385469689956,0.04812586765386395,0.02036094400740398,0.0009254974548819991,0.13604812586765386,0.0037019898195279964,0.07542804257288292,0.08699676075890792,0.024062933826931976,0.27579824155483573,0.016196205460434984,0.0,0.15270708005552985,0.0,Тургенев,Записки охотника
0.030423940149625937,0.06932668329177058,0.04588528678304239,0.006483790523690773,0.022443890274314215,0.03291770573566085,0.000997506234413965,0.11521197007481297,0.0059850374064837905,0.04738154613466334,0.1281795511221945,0.04139650872817955,0.28379052369077307,0.020448877805486283,0.0,0.14114713216957606,0.00798004987531172,Тургенев,Накануне
0.06663168940188877,0.07240293809024134,0.055613850996852045,0.005771248688352571,0.039349422875131164,0.012067156348373556,0.001049317943336831,0.1589716684155299,0.009968520461699895,0.05299055613850997,0.0708289611752361,0.028856243441762856,0.2796432318992655,0.011542497376705142,0.0,0.13378803777544596,0.0005246589716684155,Тургенев,Записки охотника
0.05751316322397732,0.0749291211016606,0.056703118671526935,0.002025111381125962,0.041312272174969626,0.031186715269339815,0.001215066828675577,0.16403402187120292,0.00688537869582827,0.03645200486026731,0.08586472255974079,0.03442689347914135,0.24260834345889024,0.01660591332523289,0.0004050222762251924,0.1478331308221952,0.0,Тургенев,Записки охотника
0.0662739322533137,0.08836524300441827,0.054860088365243004,0.0062592047128129605,0.04344624447717231,0.021723122238586155,0.002577319587628866,0.18409425625920472,0.010309278350515464,0.047496318114874814,0.06148748159057437,0.022459499263622975,0.23711340206185566,0.012150220913107511,0.0,0.14138438880706922,0.0,Тургенев,Записки охотника
0.06713634479900539,0.06837961044343141,0.0741815167840862,0.003315375051802735,0.040198922503108164,0.026937422295897222,0.0004144218814753419,0.1512639867384998,0.0074595938665561546,0.050973891421467056,0.08122668876916701,0.02859510982179859,0.23580605055946954,0.007874015748031496,0.0004144218814753419,0.15582262743472855,0.0,Тургенев,Записки охотника
0.0728424386381631,0.05938242280285035,0.07482185273159145,0.00791765637371338,0.04077593032462391,0.028503562945368172,0.000791765637371338,0.13182897862232779,0.0059382422802850355,0.0498812351543943,0.0946159936658749,0.02098178939034046,0.24861441013460014,0.009105304829770388,0.0,0.15399841646872525,0.0,Тургенев,Записки охотника
0.07496339677891654,0.0746705710102489,0.05680819912152269,0.007906295754026354,0.04568081991215227,0.03191800878477306,0.0005856515373352855,0.1499267935578331,0.010541727672035138,0.03953147877013177,0.09311859443631039,0.04187408491947291,0.22108345534407028,0.012298682284040996,0.0,0.13528550512445095,0.003806734992679356,Тургенев,Дворянское гнездо
0.039956212370005476,0.05637657361795293,0.06403940886699508,0.009304871373836891,0.03503010399562124,0.03065134099616858,0.0016420361247947454,0.11877394636015326,0.0049261083743842365,0.058018609742747675,0.11822660098522167,0.031198686371100164,0.25396825396825395,0.0120415982484948,0.0,0.16584564860426929,0.0,Тургенев,Накануне
0.03468516542155817,0.06830309498399147,0.056029882604055496,0.011205976520811099,0.03415154749199573,0.030949839914621132,0.0016008537886872999,0.09658484525080042,0.005869797225186766,0.06456776947705443,0.13393810032017076,0.03415154749199573,0.25667022411953044,0.016542155816435433,0.0,0.15474919957310565,0.0,Тургенев,Дворянское гнездо
0.05733130390664637,0.06291222729578894,0.0624048706240487,0.009639776763064434,0.03906646372399797,0.030948756976154235,0.0,0.1232876712328767,0.0035514967021816335,0.0380517503805175,0.1035007610350076,0.04667681380010147,0.26382546930492135,0.015220700152207,0.0,0.14358193810248604,0.0,Тургенев,Накануне
0.08335984727966911,0.07381482659879096,0.050588609608654155,0.006999681832643971,0.047725103404390706,0.035634743875278395,0.0006363347120585428,0.17562838052815782,0.005727012408526885,0.03372573973910277,0.07349665924276169,0.04263442570792237,0.21635380209990454,0.007636016544702514,0.0,0.1403118040089087,0.005727012408526885,Тургенев,Накануне
0.04514582500998801,0.07790651218537754,0.05513383939272873,0.008389932081502197,0.04314822213343987,0.026767878545745107,0.0011985617259288853,0.16620055932880543,0.006392329204954055,0.04115061925689173,0.08509788254095085,0.03835397522972433,0.2461046743907311,0.019176987614862164,0.0,0.13983220135836996,0.0,Тургенев,Записки охотника
0.06369426751592357,0.0732484076433121,0.05573248407643312,0.004246284501061571,0.03184713375796178,0.014861995753715499,0.0005307855626326964,0.18046709129511676,0.00583864118895966,0.03556263269639066,0.06634819532908705,0.03503184713375796,0.27229299363057324,0.01326963906581741,0.0,0.1470276008492569,0.0,Тургенев,Записки охотника
0.04198627371820751,0.06863140896245458,0.055308841340331046,0.012111425111021397,0.03471941865159467,0.02866370609608397,0.0004037141703673799,0.1102139685102947,0.008074283407347598,0.05369398465886153,0.12999596285829632,0.041178845377472746,0.24303593056116268,0.019378280177634235,0.0,0.1505853855470327,0.0020185708518368995,Тургенев,Дворянское гнездо
0.07507739938080496,0.08552631578947369,0.05959752321981424,0.005417956656346749,0.03637770897832817,0.029024767801857584,0.0007739938080495357,0.1969814241486068,0.007352941176470588,0.026702786377708978,0.06308049535603716,0.039860681114551086,0.23142414860681115,0.00696594427244582,0.0,0.13544891640866874,0.0003869969040247678,Тургенев,Записки охотника
0.04274764150943396,0.06692216981132075,0.05837264150943396,0.006191037735849057,0.03537735849056604,0.02564858490566038,0.0005896226415094339,0.14150943396226415,0.008254716981132075,0.03920990566037736,0.0866745283018868,0.06397405660377359,0.24734669811320756,0.016214622641509434,0.0,0.14858490566037735,0.012382075471698114,Тургенев,Дворянское гнездо
0.04582338902147971,0.06634844868735083,0.051551312649164675,0.007159904534606206,0.037231503579952266,0.03532219570405728,0.002386634844868735,0.09689737470167065,0.005727923627684964,0.044391408114558474,0.15083532219570406,0.032458233890214794,0.25823389021479715,0.021479713603818614,0.0,0.1441527446300716,0.0,Тургенев,Накануне
0.052083333333333336,0.07131410256410256,0.05929487179487179,0.00641025641025641,0.044070512820512824,0.032852564102564104,0.0008012820512820513,0.13942307692307693,0.007211538461538462,0.05608974358974359,0.10496794871794872,0.03365384615384615,0.23517628205128205,0.01282051282051282,0.0,0.140625,0.003205128205128205,Тургенев,Накануне
0.057564575645756455,0.07749077490774908,0.04981549815498155,0.008118081180811807,0.03616236162361624,0.03357933579335794,0.0007380073800738007,0.13284132841328414,0.008856088560885609,0.041328413284132844,0.10922509225092251,0.05276752767527675,0.23099630996309964,0.01808118081180812,0.0,0.13357933579335793,0.008856088560885609,Тургенев,Накануне
0.07409925220938138,0.08633582596872875,0.05030591434398368,0.008837525492861998,0.04860639021074099,0.02821210061182869,0.0010197144799456153,0.20190346702923181,0.009177430319510536,0.04146838885112169,0.07070020394289599,0.022773623385452073,0.2114208021753909,0.01291638341264446,0.0003399048266485384,0.1318830727396329,0.0,Тургенев,Записки охотника
0.03483941208492107,0.06641262928688078,0.053347849755035384,0.0027218290691344584,0.03320631464344039,0.013609145345672292,0.0010887316276537834,0.11540555253130104,0.004354926510615134,0.0587915078933043,0.11649428415895481,0.04246053347849755,0.2896026129559064,0.0065323897659227,0.0,0.16113228089275994,0.0,Тургенев,Записки охотника
0.035837015218458515,0.062346588119784,0.06971035837015219,0.005891016200294551,0.038782523318605794,0.026018654884634267,0.0014727540500736377,0.13205694648993618,0.009327442317133039,0.055964653902798235,0.10898379970544919,0.031418753068237604,0.23907707412862053,0.010800196367206676,0.0,0.1723122238586156,0.0,Тургенев,Накануне
0.057358490566037736,0.06867924528301887,0.046037735849056606,0.00830188679245283,0.03962264150943396,0.034339622641509436,0.0007547169811320754,0.12603773584905661,0.006792452830188679,0.04830188679245283,0.12,0.045283018867924525,0.2369811320754717,0.019622641509433963,0.0,0.13471698113207548,0.007169811320754717,Тургенев,Накануне
0.05525550477773162,0.06190278354798504,0.07228915662650602,0.005816368923971749,0.03863730785209805,0.030328209389281262,0.0024927295388450354,0.1354383049439136,0.004154549231408392,0.044453676776069796,0.07228915662650602,0.028666389696717906,0.27669297881179894,0.019526381387619442,0.0,0.15205650186954717,0.0,Тургенев,Записки охотника
0.08082314345362362,0.07366537429167909,0.0656128839844915,0.00864897107068297,0.04771846107963018,0.031613480465254994,0.00029824038174768865,0.16373396957948105,0.006263048016701462,0.04085893229943334,0.07008648971070683,0.01968386519534745,0.22487324783775722,0.016104980614375188,0.0,0.14852371011034893,0.0014912019087384432,Тургенев,Записки охотника
0.0724191063174114,0.07318952234206472,0.0635593220338983,0.00539291217257319,0.0423728813559322,0.02580893682588598,0.0011556240369799693,0.16409861325115563,0.00423728813559322,0.052773497688751926,0.07049306625577811,0.021956856702619414,0.23073959938366717,0.013482280431432974,0.0,0.15832049306625579,0.0,Тургенев,Записки охотника
0.07,0.08928571428571429,0.05928571428571429,0.006071428571428571,0.03892857142857143,0.030357142857142857,0.0,0.17642857142857143,0.009285714285714286,0.052142857142857144,0.07857142857142857,0.019285714285714285,0.22392857142857142,0.011428571428571429,0.0,0.13464285714285715,0.00035714285714285714,Тургенев,Записки охотника
0.06139677666922486,0.0748273215656178,0.06101304681504221,0.0049884881043745204,0.04336147352264006,0.03875671527244819,0.0011511895625479663,0.13967766692248657,0.011128165771297006,0.04067536454336147,0.09132770529547199,0.056024558710667687,0.21488871834228704,0.01343054489639294,0.0,0.14735226400613968,0.0,Тургенев,Накануне
0.07835531419705198,0.0899922420480993,0.05663304887509697,0.0062063615205585725,0.04460822342901474,0.02017067494181536,0.0,0.20674941815360745,0.009309542280837859,0.032583397982932506,0.06322730799069046,0.01900698215671063,0.22148952676493405,0.009697439875872769,0.0,0.14197051978277736,0.0,Тургенев,Записки охотника
0.03600973236009732,0.06423357664233577,0.05693430656934306,0.006812652068126521,0.036982968369829686,0.024330900243309004,0.0,0.11435523114355231,0.00535279805352798,0.03309002433090024,0.13090024330900243,0.049148418491484186,0.25498783454987833,0.01897810218978102,0.0,0.1678832116788321,0.0,Тургенев,Накануне
0.044064748201438846,0.06294964028776978,0.05170863309352518,0.0044964028776978415,0.046762589928057555,0.022931654676258992,0.0004496402877697842,0.14028776978417265,0.0040467625899280575,0.06969424460431654,0.08498201438848921,0.02697841726618705,0.2720323741007194,0.01843525179856115,0.0,0.15017985611510792,0.0,Тургенев,Записки охотника
0.03901734104046243,0.06647398843930635,0.04672447013487476,0.005780346820809248,0.028901734104046242,0.04046242774566474,0.0024084778420038534,0.0905587668593449,0.003371868978805395,0.04335260115606936,0.16666666666666666,0.028901734104046242,0.27167630057803466,0.02167630057803468,0.0,0.14113680154142583,0.002890173410404624,Тургенев,Накануне
0.04665314401622718,0.06206896551724138,0.055983772819472616,0.010547667342799188,0.040973630831643,0.037322515212981744,0.0012170385395537525,0.12008113590263692,0.005679513184584178,0.04462474645030426,0.12454361054766734,0.041379310344827586,0.2389452332657201,0.021906693711967545,0.0,0.14726166328600407,0.0008113590263691683,Тургенев,Накануне
0.04965920155793573,0.07643622200584226,0.04965920155793573,0.0038948393378773127,0.04138266796494645,0.015092502434274586,0.0014605647517039922,0.1611489776046738,0.009250243427458617,0.04235637779941578,0.06767283349561831,0.03943524829600779,0.28432327166504384,0.008276533592989289,0.0,0.14946445959104188,0.0004868549172346641,Тургенев,Записки охотника
0.04072620215897939,0.0662414131501472,0.042688910696761534,0.0034347399411187437,0.03483807654563297,0.03729146221786065,0.0004906771344455348,0.13542688910696762,0.005888125613346418,0.03189401373895977,0.09764474975466143,0.058881256133464184,0.2772325809617272,0.01619234543670265,0.0,0.14131501472031405,0.009813542688910697,Тургенев,Накануне
0.04286489419424851,0.061313076505697235,0.048833423765599564,0.007596310363537711,0.03472599023331525,0.020075963103635377,0.0032555615843733042,0.12859468258274553,0.0037981551817688553,0.061313076505697235,0.09441128594682582,0.037438958220293,0.29028757460661964,0.013022246337493217,0.0010851871947911015,0.15084102007596312,0.0005425935973955507,Тургенев,Записки охотника
0.03514613392526822,0.06252312245652979,0.05808361080281169,0.009618941916389198,0.03440621531631521,0.023677395486496486,0.0007399186089530152,0.09433962264150944,0.0022197558268590455,0.050314465408805034,0.14058453570107288,0.05290418054014059,0.25083240843507215,0.0196078431372549,0.0,0.1616722160562338,0.003329633740288568,Тургенев,Дворянское гнездо
0.02706027060270603,0.05781057810578106,0.05904059040590406,0.004920049200492005,0.03198031980319803,0.024600246002460024,0.0024600246002460025,0.1002460024600246,0.0024600246002460025,0.05719557195571956,0.11992619926199262,0.04858548585485855,0.2958179581795818,0.00984009840098401,0.0,0.15805658056580565,0.0,Тургенев,Дворянское гнездо
0.04194174757281553,0.07067961165048543,0.05592233009708738,0.012038834951456311,0.0345631067961165,0.030291262135922332,0.0003883495145631068,0.11495145631067961,0.007766990291262136,0.05436893203883495,0.12932038834951456,0.03922330097087379,0.23728155339805826,0.019805825242718445,0.0,0.14951456310679612,0.001941747572815534,Тургенев,Дворянское гнездо
0.07243057543658746,0.084740910392213,0.056112224448897796,0.00830231892356141,0.04609218436873747,0.03406813627254509,0.000572573718866304,0.169481820784426,0.01002004008016032,0.05439450329229888,0.08731749212711136,0.013741769252791297,0.21500143143429717,0.0143143429716576,0.0,0.1276839393071858,0.005725737188663041,Тургенев,Записки охотника
0.04196891191709844,0.05544041450777202,0.06528497409326425,0.009844559585492229,0.032642487046632127,0.032642487046632127,0.0015544041450777201,0.12176165803108809,0.00466321243523316,0.05699481865284974,0.11917098445595854,0.02849740932642487,0.25699481865284973,0.013989637305699482,0.0,0.15854922279792746,0.0,Тургенев,Накануне
0.03885291396854764,0.06753006475485661,0.06706753006475485,0.005087881591119334,0.04024051803885292,0.02497687326549491,0.0013876040703052729,0.1364477335800185,0.008788159111933395,0.05319148936170213,0.10962072155411656,0.033765032377428304,0.23172987974098058,0.01156336725254394,0.0,0.16975023126734506,0.0,Тургенев,Накануне
0.060673162090345435,0.07440212577502214,0.06510186005314438,0.0070859167404783,0.04118689105403012,0.029229406554472984,0.0,0.14526129317980513,0.005757307351638618,0.04738706820194863,0.09477413640389726,0.013286093888396812,0.2612931798051373,0.012400354295837024,0.0,0.14127546501328608,0.0008857395925597874,Тургенев,Записки охотника
0.08528852251109702,0.07450856055802156,0.05136334812935954,0.006658211794546607,0.046924540266328474,0.03709575142675967,0.0009511731135066582,0.17564996829422955,0.00538998097653773,0.03551046290424857,0.0767279644895371,0.03804692454026633,0.21464806594800254,0.010145846544071021,0.0003170577045022194,0.13443246670894102,0.0063411540900443885,Тургенев,Накануне
0.07494646680942184,0.07647598654022637,0.055674518201284794,0.007035790761700826,0.04557968797797492,0.03242581829305598,0.000611807892321811,0.15723462832670543,0.010706638115631691,0.03548485775466503,0.08748852860201897,0.04405016824717039,0.22269807280513917,0.010400734169470786,0.0,0.1339859284184766,0.005200367084735393,Тургенев,Дворянское гнездо
0.08371824480369515,0.08054272517321016,0.05254041570438799,0.007505773672055427,0.04330254041570439,0.027136258660508082,0.0,0.17003464203233257,0.00779445727482679,0.0424364896073903,0.07245958429561201,0.042725173210161664,0.21160508083140878,0.013856812933025405,0.0,0.14434180138568128,0.0,Тургенев,Дворянское гнездо
0.047838858581619806,0.07133864876206462,0.06042803189257239,0.00629458665547629,0.04112463281577843,0.02349979018044482,0.000419639110365086,0.1112043642467478,0.006714225765841376,0.04532102391942929,0.12463281577843055,0.03776751993285774,0.24758707511540076,0.022660511959714646,0.0,0.1531682752832564,0.0,Тургенев,Накануне
0.046404895461499236,0.06425293217746048,0.0504844467108618,0.006629270780214177,0.03518612952575217,0.03467618561958185,0.0025497195308516064,0.09535951045385008,0.0056093829678735335,0.04487506374298827,0.15757266700662928,0.02855685874553799,0.268230494645589,0.01988781234064253,0.0,0.13972463029066803,0.0,Тургенев,Накануне
0.044976423648893725,0.07000362713093942,0.05368153790351832,0.003989844033369605,0.03554588320638375,0.034095030830612987,0.0007254261878853826,0.1338411316648531,0.007254261878853826,0.03554588320638375,0.09611896989481321,0.06565107000362713,0.2546245919477693,0.016684802321363802,0.0,0.1385564018861081,0.008705114254624592,Тургенев,Дворянское гнездо
0.07072316024211532,0.08187320802803441,0.06052883083784645,0.0012742911755336094,0.04460019114367633,0.02580439630455559,0.0012742911755336094,0.18477222045237338,0.01083147499203568,0.04173303599872571,0.06721885950939789,0.02580439630455559,0.23829244982478495,0.014017202930869704,0.0,0.13061484549219496,0.0006371455877668047,Тургенев,Записки охотника
0.07769929364278506,0.08173562058526741,0.05011772620248907,0.005045408678102927,0.04406323578876556,0.022872519340733265,0.0026908846283215607,0.1849983181971073,0.008745375042045072,0.03666330306088127,0.054490413723511606,0.035317860746720484,0.2391523713420787,0.010427177934746047,0.0,0.14160780356542213,0.004372687521022536,Тургенев,Записки охотника
0.06337687469762941,0.07595549104983067,0.055152394775036286,0.004837929366231253,0.029511369134010642,0.024189646831156264,0.0,0.17271407837445574,0.006289308176100629,0.0382196419932269,0.08659893565553943,0.023222060957910014,0.26463473633284956,0.00822447992259313,0.0,0.14658925979680695,0.0004837929366231253,Тургенев,Записки охотника
0.06491499227202473,0.08222565687789798,0.05842349304482226,0.006491499227202473,0.04358578052550232,0.03462132921174652,0.0006182380216383308,0.15579598145285936,0.010200927357032458,0.03894899536321484,0.0893353941267388,0.03987635239567233,0.21731066460587325,0.011746522411128285,0.0,0.1428129829984544,0.0030911901081916537,Тургенев,Дворянское гнездо
0.06604572396274344,0.0846740050804403,0.0550381033022862,0.008749647191645497,0.03923228902060401,0.0366920688681908,0.0005644933672029354,0.15946937623482924,0.009878633926051369,0.03725656223539373,0.08749647191645499,0.050522156364662715,0.2026531188258538,0.016088060965283656,0.0,0.13434942139429862,0.011289867344058707,Тургенев,Дворянское гнездо
0.06699346405228758,0.08946078431372549,0.04881535947712418,0.007965686274509803,0.0428921568627451,0.03451797385620915,0.0004084967320261438,0.184640522875817,0.011233660130718954,0.0377859477124183,0.07904411764705882,0.056372549019607844,0.18525326797385622,0.013684640522875817,0.0,0.13623366013071894,0.004697712418300653,Тургенев,Дворянское гнездо
0.07114797031863815,0.07682234831951112,0.05456132693147097,0.0030554343081623746,0.03972064600611087,0.01964207769532955,0.0,0.18332605848974248,0.006983849847228284,0.03535573985159319,0.06940200785683108,0.03535573985159319,0.25141859450021825,0.010912265386294195,0.0,0.1422959406372763,0.0,Тургенев,Записки охотника
0.05851297844258689,0.07347118345798505,0.05103387593488781,0.013198416190057193,0.04179498460184778,0.032996040475142985,0.0017597888253409592,0.14958205015398152,0.006599208095028597,0.049714034315882095,0.10030796304443466,0.03783545974483062,0.24153101627804663,0.014518257809062912,0.0,0.12626484821821382,0.0008798944126704796,Тургенев,Накануне
0.0385312783318223,0.06935630099728014,0.05349048050770626,0.012239347234814143,0.0371713508612874,0.028105167724388033,0.00045330915684496827,0.10063463281958296,0.007252946509519492,0.05666364460562103,0.1300997280145059,0.04261106074342702,0.25249320036264733,0.017679057116953764,0.0,0.15321849501359927,0.0,Тургенев,Дворянское гнездо
0.07985847864543846,0.0813747788728835,0.05736669193833712,0.006823351023502654,0.043214556482183475,0.03133687136719737,0.0,0.1809451604751074,0.006823351023502654,0.04220368966388678,0.06444275966641395,0.03967652261814506,0.20823856456911802,0.015163002274450341,0.0,0.1425322213798332,0.0,Тургенев,Дворянское гнездо
0.058931860036832415,0.06767955801104972,0.0649171270718232,0.009668508287292817,0.03959484346224678,0.03130755064456722,0.0,0.1270718232044199,0.004143646408839779,0.03729281767955801,0.09530386740331492,0.05156537753222836,0.2559852670349908,0.01427255985267035,0.0,0.14134438305709024,0.0009208103130755065,Тургенев,Накануне
0.06424982053122756,0.06460875807609476,0.05814788226848528,0.008255563531945441,0.04271356783919598,0.032663316582914576,0.0014357501794687725,0.1349605168700646,0.0104091888011486,0.04020100502512563,0.10983488872936109,0.03840631730078966,0.23366834170854273,0.01256281407035176,0.0,0.1457286432160804,0.0021536252692031586,Тургенев,Дворянское гнездо
0.05639913232104121,0.08568329718004339,0.0596529284164859,0.007592190889370932,0.03579175704989154,0.02982646420824295,0.0,0.14099783080260303,0.004338394793926247,0.037418655097613884,0.09869848156182212,0.04067245119305857,0.2304772234273319,0.014099783080260303,0.0005422993492407809,0.15509761388286333,0.0027114967462039045,Тургенев,Накануне
0.06964285714285715,0.08892857142857143,0.05964285714285714,0.005714285714285714,0.03857142857142857,0.030714285714285715,0.0,0.17642857142857143,0.008928571428571428,0.05285714285714286,0.07821428571428571,0.019285714285714285,0.22428571428571428,0.011428571428571429,0.0,0.135,0.00035714285714285714,Тургенев,Записки охотника
0.043640234167110166,0.05534858967535923,0.06279936136242682,0.011176157530601383,0.03139968068121341,0.03512506652474721,0.0015965939329430547,0.11814795103778605,0.0037253858435337944,0.05534858967535923,0.12293773283661522,0.028738690792974985,0.2581160191591272,0.015433741351782864,0.0,0.15646620542841938,0.0,Тургенев,Накануне
0.07078607743449354,0.06570199452483379,0.06531091122409073,0.007039499413375049,0.040281579976535004,0.03402424716464607,0.0011732499022291747,0.15682440359796637,0.005866249511145874,0.04145482987876418,0.08642940946421587,0.038717246773562766,0.23230348064137663,0.015252248728979272,0.00039108330074305825,0.1302307391474384,0.008212749315604223,Тургенев,Накануне
0.05202558635394456,0.07164179104477612,0.056716417910447764,0.003411513859275053,0.03710021321961621,0.03070362473347548,0.001279317697228145,0.15863539445629,0.005970149253731343,0.04349680170575693,0.08955223880597014,0.03710021321961621,0.24690831556503198,0.01791044776119403,0.00042643923240938164,0.14712153518123666,0.0,Тургенев,Записки охотника
0.06590389016018307,0.09107551487414188,0.058581235697940506,0.007780320366132723,0.038443935926773455,0.029290617848970253,0.0,0.15469107551487415,0.008695652173913044,0.032494279176201374,0.09290617848970252,0.044393592677345536,0.21189931350114416,0.013729977116704805,0.0004576659038901602,0.14645308924485126,0.003203661327231121,Тургенев,Накануне
0.054276315789473686,0.06030701754385965,0.05646929824561404,0.007675438596491228,0.02905701754385965,0.029605263157894735,0.0,0.13432017543859648,0.005482456140350877,0.05263157894736842,0.10197368421052631,0.0268640350877193,0.28673245614035087,0.008223684210526315,0.0,0.14583333333333334,0.0005482456140350877,Тургенев,Записки охотника
0.04646974063400577,0.06988472622478387,0.052953890489913544,0.003962536023054755,0.03638328530259366,0.035302593659942365,0.0007204610951008645,0.1336455331412104,0.007204610951008645,0.037824207492795386,0.09870317002881844,0.06268011527377522,0.2521613832853026,0.01729106628242075,0.0,0.1361671469740634,0.008645533141210375,Тургенев,Дворянское гнездо
0.05033971587399629,0.07998764669549105,0.06794317479925881,0.00926497838171711,0.04756022235948116,0.03242742433600988,0.0006176652254478073,0.15843113032736256,0.0074119827053736875,0.04663372452130945,0.08400247066090179,0.034898085237801114,0.22513897467572574,0.020074119827053736,0.0,0.1352686843730698,0.0,Тургенев,Записки охотника
0.046200200870438565,0.07900903916973552,0.06293940408436559,0.009039169735520589,0.04787412119183127,0.03247405423501841,0.001004352192835621,0.15467023769668564,0.0063608972212922665,0.04519584867760294,0.08670907264814195,0.03548711081352528,0.23367927686642115,0.021426180113826583,0.0,0.13793103448275862,0.0,Тургенев,Записки охотника
0.08282097649186257,0.0647377938517179,0.07305605786618445,0.009403254972875226,0.04231464737793852,0.02748643761301989,0.0007233273056057866,0.1450271247739602,0.005786618444846293,0.04556962025316456,0.08824593128390597,0.0162748643761302,0.23544303797468355,0.013019891500904159,0.0,0.15009041591320071,0.0,Тургенев,Записки охотника
0.06904231625835189,0.06325167037861916,0.0645879732739421,0.008463251670378619,0.035634743875278395,0.029844097995545656,0.0013363028953229399,0.13942093541202671,0.005790645879732739,0.04498886414253898,0.09398663697104677,0.03964365256124722,0.2489977728285078,0.019599109131403118,0.0008908685968819599,0.1287305122494432,0.005790645879732739,Тургенев,Накануне
0.06873527101335428,0.07187745483110762,0.07030636292223096,0.0027494108405341712,0.044383346425765906,0.02631578947368421,0.00039277297721916735,0.16025137470542028,0.007462686567164179,0.054595443833464256,0.07148468185388845,0.023173605655930872,0.22820109976433622,0.010997643362136685,0.00039277297721916735,0.1586802827965436,0.0,Тургенев,Записки охотника
0.039580352885073916,0.08726752503576538,0.06628516928946114,0.00715307582260372,0.037672865999046255,0.030042918454935622,0.0019074868860276585,0.15593705293276108,0.003814973772055317,0.051979017644253694,0.06962327134000953,0.030042918454935622,0.25941821649976154,0.016690510252742013,0.0,0.14210777300906055,0.0004768717215069146,Тургенев,Записки охотника
0.05737403457153365,0.07576314821625597,0.04854726002206693,0.008091210003677823,0.03604266274365576,0.035307098197866864,0.000735564545788893,0.1338727473335785,0.008826774549466716,0.04303052592865024,0.10959911732254506,0.0522250827510114,0.23170283192350127,0.018389113644722323,0.0,0.13166605369621184,0.008826774549466716,Тургенев,Накануне
0.03137450199203187,0.061254980079681276,0.04930278884462151,0.0069721115537848604,0.027888446215139442,0.029382470119521914,0.00199203187250996,0.10109561752988047,0.005478087649402391,0.04731075697211155,0.1508964143426295,0.036852589641434265,0.2818725099601594,0.02041832669322709,0.0,0.1399402390438247,0.00796812749003984,Тургенев,Накануне
0.05150391429748661,0.07292954264524104,0.054388133498145856,0.007004532344458179,0.04738360115368768,0.02266172229089411,0.00041203131437989287,0.15409971157807995,0.006180469715698393,0.028018129377832716,0.10836423568191182,0.036258755665430575,0.22744128553770088,0.018541409147095178,0.0,0.1631644004944376,0.0016481252575195715,Тургенев,Накануне
0.10215827338129496,0.08393285371702638,0.08729016786570744,0.0009592326139088729,0.0407673860911271,0.011510791366906475,0.0009592326139088729,0.22877697841726619,0.0038369304556354917,0.026378896882494004,0.04028776978417266,0.0019184652278177458,0.21774580335731414,0.014388489208633094,0.0,0.13908872901678657,0.0,Тургенев,Записки охотника
0.07135056425191118,0.07353476519839826,0.056061157626501636,0.005096468875136513,0.03567528212595559,0.02693847834000728,0.00036403349108117945,0.1758281761922097,0.007644703312704768,0.038223516563523845,0.07571896614488532,0.03349108117946851,0.23261740080087367,0.014561339643247179,0.00036403349108117945,0.14415726246814706,0.008372770294867127,Тургенев,Записки охотника
0.0276657060518732,0.05763688760806916,0.05648414985590778,0.004610951008645533,0.02881844380403458,0.0207492795389049,0.002881844380403458,0.09106628242074928,0.0023054755043227667,0.051296829971181554,0.13429394812680115,0.054178674351585014,0.2922190201729107,0.01095100864553314,0.0,0.16484149855907781,0.0,Тургенев,Дворянское гнездо
0.03640500568828214,0.06257110352673492,0.06029579067121729,0.0022753128555176336,0.03640500568828214,0.019908987485779295,0.0005688282138794084,0.13594994311717862,0.007963594994311717,0.06313993174061433,0.09044368600682594,0.03299203640500569,0.29579067121729236,0.011376564277588168,0.0,0.13708759954493743,0.006825938566552901,Тургенев,Записки охотника
0.06217757263100733,0.08444203095302742,0.05674721694270975,0.010317675807765408,0.03882704317132772,0.03828400760249796,0.0005430355688297583,0.16345370621775726,0.00977464023893565,0.038012489818083084,0.08525658430627206,0.047244094488188976,0.20038012489818083,0.017377138202552267,0.0,0.13521585663860983,0.011946782514254684,Тургенев,Дворянское гнездо
0.05964214711729622,0.0731610337972167,0.068389662027833,0.007952286282306162,0.05049701789264414,0.02584493041749503,0.002783300198807157,0.1415506958250497,0.007952286282306162,0.048111332007952284,0.09105367793240557,0.026242544731610338,0.23658051689860835,0.014314115308151094,0.0,0.13439363817097416,0.011530815109343936,Тургенев,Записки охотника
0.061207944872314554,0.0867450344548034,0.05918119173084718,0.014187271990271585,0.040535062829347386,0.030401297122010538,0.0,0.15646534252128091,0.010944466963923795,0.04094041345764086,0.0729631130928253,0.02553708958248885,0.24077827320632347,0.019862180786380218,0.0,0.14025131738954194,0.0,Солженицын,В круге первом
0.06692742285962625,0.07518470230334637,0.061712299000434595,0.009126466753585397,0.03954802259887006,0.0217296827466319,0.000869187309865276,0.1638418079096045,0.017383746197305518,0.04650152107779226,0.0560625814863103,0.035202086049543675,0.2459800086918731,0.01694915254237288,0.0,0.1421121251629726,0.000869187309865276,Солженицын,В круге первом
0.05081157374735357,0.07551164431898377,0.06916019760056458,0.009880028228652082,0.030345800988002825,0.02399435426958363,0.0007057163020465773,0.11573747353563868,0.0077628793225123505,0.06704304869442484,0.08539167254763586,0.02399435426958363,0.29710656316160905,0.016231474947071278,0.0,0.12561750176429076,0.0007057163020465773,Солженицын,В круге первом
0.06688358640636298,0.07917570498915401,0.06073752711496746,0.01012292118582791,0.04483007953723789,0.028199566160520606,0.0,0.18582791033984092,0.010484454085321764,0.0502530730296457,0.05712219812002892,0.03470715835140998,0.2118582791033984,0.024222704266088215,0.0,0.13557483731019523,0.0,Солженицын,В круге первом
0.053763440860215055,0.07475678443420379,0.05632360471070148,0.013312852022529442,0.06656426011264721,0.025601638504864313,0.0005120327700972862,0.1781874039938556,0.013312852022529442,0.05837173579109063,0.05427547363031234,0.031746031746031744,0.21351766513056836,0.021505376344086023,0.0,0.13773681515617,0.0005120327700972862,Солженицын,Один день Ивана Денисовича
0.07353652636671505,0.05999032414126754,0.07014997581035316,0.012094823415578132,0.04837929366231253,0.028543783260764392,0.001451378809869376,0.14755684567005323,0.011127237542331882,0.05176584421867441,0.06434446057087566,0.0324141267537494,0.23609095307208514,0.028059990324141266,0.0,0.13449443638122882,0.0,Солженицын,В круге первом
0.08124459809853068,0.0773552290406223,0.058340535868625754,0.013828867761452032,0.05012964563526361,0.029818496110630942,0.0025929127052722557,0.16681071737251513,0.014261019878997408,0.04191875540190147,0.07433016421780467,0.03932584269662921,0.21694036300777875,0.014693171996542784,0.0,0.11840968020743302,0.0,Солженицын,В круге первом
0.08776402039329935,0.08994901675163874,0.04916241806263656,0.014202476329206118,0.0549890750182083,0.028040786598689003,0.0,0.18390386016023308,0.012745812090313183,0.041514930808448654,0.051711580480699196,0.033503277494537506,0.20211216314639477,0.019664967225054626,0.0,0.13073561544064094,0.0,Солженицын,В круге первом
0.06402737047898338,0.07673509286412512,0.06549364613880743,0.008797653958944282,0.041544477028347994,0.021505376344086023,0.0004887585532746823,0.16471163245356793,0.015151515151515152,0.044965786901270774,0.07380254154447703,0.036656891495601175,0.23118279569892472,0.018084066471163247,0.0,0.13685239491691104,0.0,Солженицын,В круге первом
0.055246053853296194,0.07242339832869081,0.06824512534818941,0.007892293407613741,0.04596100278551532,0.030176415970287838,0.00046425255338904364,0.1341689879294336,0.015784586815227482,0.0510677808727948,0.07985143918291551,0.025069637883008356,0.24605385329619314,0.02135561745589601,0.0,0.14623955431754876,0.0,Солженицын,В круге первом
0.06293706293706294,0.07381507381507381,0.057498057498057496,0.01320901320901321,0.027195027195027196,0.022533022533022532,0.002331002331002331,0.16627816627816627,0.018648018648018648,0.03418803418803419,0.06682206682206682,0.023310023310023312,0.3084693084693085,0.01320901320901321,0.0,0.10955710955710955,0.0,Солженицын,В круге первом
0.07889273356401384,0.09100346020761246,0.05328719723183391,0.01522491349480969,0.04913494809688582,0.03910034602076125,0.0,0.19792387543252596,0.014878892733564015,0.04359861591695502,0.06089965397923876,0.02698961937716263,0.19342560553633217,0.01972318339100346,0.0,0.11591695501730104,0.0,Солженицын,В круге первом
0.057572614107883814,0.06327800829875518,0.06742738589211618,0.009854771784232365,0.042012448132780086,0.028008298755186723,0.0,0.16338174273858921,0.012966804979253113,0.04979253112033195,0.08246887966804979,0.0254149377593361,0.245850622406639,0.021784232365145227,0.0,0.13018672199170125,0.0,Солженицын,В круге первом
0.059722222222222225,0.08703703703703704,0.08055555555555556,0.015277777777777777,0.05277777777777778,0.022685185185185187,0.000462962962962963,0.17685185185185184,0.01574074074074074,0.04490740740740741,0.05185185185185185,0.017592592592592594,0.22314814814814815,0.017592592592592594,0.0,0.1337962962962963,0.0,Солженицын,Один день Ивана Денисовича
0.05038265306122449,0.07334183673469388,0.06505102040816327,0.011479591836734694,0.0548469387755102,0.017857142857142856,0.0006377551020408163,0.16262755102040816,0.010841836734693877,0.04336734693877551,0.07653061224489796,0.01403061224489796,0.23915816326530612,0.02040816326530612,0.0,0.15943877551020408,0.0,Солженицын,Матренин двор
0.05860033726812816,0.0990725126475548,0.05986509274873524,0.00927487352445194,0.04258010118043845,0.01770657672849916,0.00042158516020236085,0.20657672849915684,0.015598650927487353,0.051011804384485666,0.04300168634064081,0.0193929173693086,0.2154300168634064,0.017284991568296795,0.0,0.14418212478920742,0.0,Солженицын,Один день Ивана Денисовича
0.060849056603773585,0.08584905660377358,0.06132075471698113,0.008490566037735849,0.04150943396226415,0.019339622641509433,0.0,0.1721698113207547,0.014622641509433962,0.04150943396226415,0.07216981132075471,0.04245283018867924,0.22028301886792453,0.016981132075471698,0.0,0.14245283018867924,0.0,Солженицын,В круге первом
0.07230693556320708,0.08165272995573045,0.05361534677816036,0.010329562223315297,0.043777668470241025,0.02459419576979833,0.0,0.17166748647319233,0.023610427939006393,0.04525332021642892,0.06246925725528775,0.02557796360059026,0.2238071815051648,0.016232169208066895,0.0,0.14510575504181014,0.0,Солженицын,В круге первом
0.07658450704225352,0.07966549295774648,0.05721830985915493,0.008802816901408451,0.040492957746478875,0.02596830985915493,0.0008802816901408451,0.17253521126760563,0.018926056338028168,0.04401408450704225,0.05721830985915493,0.02596830985915493,0.2319542253521127,0.016285211267605633,0.0,0.14348591549295775,0.0,Солженицын,В круге первом
0.06940222897669707,0.07092198581560284,0.05572441742654509,0.00911854103343465,0.036980749746707196,0.028875379939209727,0.0010131712259371835,0.1773049645390071,0.016210739614994935,0.04559270516717325,0.06889564336372847,0.016717325227963525,0.24417426545086118,0.0182370820668693,0.0,0.1408308004052685,0.0,Солженицын,В круге первом
0.05064655172413793,0.08512931034482758,0.07165948275862069,0.007004310344827586,0.04633620689655173,0.015086206896551725,0.0010775862068965517,0.17726293103448276,0.01993534482758621,0.052262931034482756,0.046875,0.021551724137931036,0.2494612068965517,0.013469827586206896,0.0,0.14224137931034483,0.0,Солженицын,Один день Ивана Денисовича
0.05078125,0.07477678571428571,0.07142857142857142,0.012834821428571428,0.04296875,0.025111607142857144,0.0011160714285714285,0.16183035714285715,0.012834821428571428,0.04296875,0.06752232142857142,0.03962053571428571,0.25948660714285715,0.013950892857142858,0.0,0.12276785714285714,0.0,Солженицын,В круге первом
0.06091370558375635,0.07614213197969544,0.047860768672951415,0.005076142131979695,0.024655547498187092,0.019579405366207395,0.0029006526468455403,0.15373459028281364,0.01595358955765047,0.043509789702683106,0.06961566352429296,0.026831036983321246,0.32849891225525746,0.011602610587382161,0.0,0.11312545322697606,0.0,Солженицын,В круге первом
0.06024646280237335,0.07759014148790506,0.057051574623459604,0.011866727521679598,0.04974897307165678,0.02875399361022364,0.00045641259698767686,0.16020082154267457,0.011410314924691922,0.0552259242355089,0.06663623916020082,0.032861706983112735,0.21862163395709722,0.019625741670470105,0.0,0.14924691921497032,0.00045641259698767686,Солженицын,Матренин двор
0.08776919951239334,0.07923608289313287,0.060138155221454694,0.01259650548557497,0.05770012190166599,0.02600568874441284,0.0008126777732629012,0.1828524989841528,0.016659894351889477,0.043478260869565216,0.05444941080861439,0.026818366517675742,0.2031694433157253,0.017066233238520925,0.0,0.13124746038195856,0.0,Солженицын,В круге первом
0.05537757437070938,0.08329519450800915,0.06178489702517163,0.012814645308924484,0.05263157894736842,0.032951945080091534,0.0004576659038901602,0.17254004576659038,0.014645308924485127,0.039359267734553775,0.07093821510297482,0.02745995423340961,0.20183066361556065,0.021967963386727688,0.0,0.15148741418764303,0.0004576659038901602,Солженицын,Матренин двор
0.10551687198714516,0.0886448848419925,0.042046063202999466,0.018478843063738617,0.04659882163899304,0.024906266738082484,0.0002678093197643278,0.21451526513122657,0.010176754151044456,0.036957686127477234,0.0433851098018211,0.04151044456347081,0.18639528655597215,0.021156936261381896,0.0002678093197643278,0.11810391001606856,0.0010712372790573112,Солженицын,В круге первом
0.061620572537603106,0.06986899563318777,0.055312954876273655,0.015041242115477924,0.04027171276079573,0.023289665211062592,0.0,0.16787967006307616,0.00727802037845706,0.053372149442018436,0.07520621057738962,0.03056768558951965,0.242600679281902,0.017467248908296942,0.0,0.14022319262493935,0.0,Солженицын,В круге первом
0.0983695652173913,0.08994565217391304,0.04565217391304348,0.017663043478260868,0.045108695652173916,0.02309782608695652,0.0002717391304347826,0.20326086956521738,0.010326086956521738,0.03885869565217391,0.04701086956521739,0.042391304347826085,0.1907608695652174,0.022554347826086958,0.0002717391304347826,0.1233695652173913,0.0010869565217391304,Солженицын,В круге первом
0.07584149978696209,0.07711972731146144,0.05453770771197273,0.009373668512995313,0.046868342564976566,0.024712398806987643,0.00042607584149978694,0.17895185342991052,0.016190881976991905,0.04090328078397955,0.052833404345973584,0.031955688112484025,0.24073285044737963,0.017895185342991053,0.0,0.13165743502343416,0.0,Солженицын,В круге первом
0.06316688006828852,0.08365343576611182,0.06444728979940248,0.01365770379854887,0.04780196329492104,0.03158344003414426,0.0,0.1579172001707213,0.009816474605207,0.051643192488262914,0.07469056764831412,0.034144259496372176,0.20486555697823303,0.023474178403755867,0.0,0.1391378574477166,0.0,Солженицын,Матренин двор
0.07489160425699645,0.06937327552227039,0.06424911312573907,0.0130074891604257,0.05005912495072921,0.03508080409932992,0.00039416633819471815,0.15057154119038235,0.013795821836815136,0.05597162002364998,0.06464327946393378,0.039416633819471816,0.22270398108001577,0.01694915254237288,0.0,0.12889239258967283,0.0,Солженицын,В круге первом
0.0547330641543293,0.09062359802602064,0.06505159264244055,0.008524001794526694,0.05069537909376402,0.023777478689995513,0.0008972633467922835,0.17496635262449528,0.02736653207716465,0.04172274562584118,0.05069537909376402,0.02781516375056079,0.22835352175863616,0.01794526693584567,0.0,0.13683266038582323,0.0,Солженицын,Один день Ивана Денисовича
0.04691075514874142,0.08295194508009153,0.05148741418764302,0.006864988558352402,0.04462242562929062,0.013729977116704805,0.0017162471395881006,0.1853546910755149,0.013157894736842105,0.05148741418764302,0.05606407322654462,0.017734553775743706,0.2625858123569794,0.013729977116704805,0.0,0.15045766590389015,0.0011441647597254005,Солженицын,Один день Ивана Денисовича
0.04861111111111111,0.07532051282051282,0.0811965811965812,0.007478632478632479,0.056623931623931624,0.019764957264957264,0.0016025641025641025,0.18322649572649571,0.018696581196581196,0.05128205128205128,0.04326923076923077,0.03365384615384615,0.22168803418803418,0.01655982905982906,0.0,0.140491452991453,0.0005341880341880342,Солженицын,Один день Ивана Денисовича
0.0417607223476298,0.08295711060948081,0.045146726862302484,0.0056433408577878106,0.04288939051918736,0.016930022573363433,0.000564334085778781,0.18397291196388263,0.017494356659142212,0.055304740406320545,0.060948081264108354,0.017494356659142212,0.268058690744921,0.015237020316027089,0.0,0.1455981941309255,0.0,Солженицын,Один день Ивана Денисовича
0.06578476939578119,0.08294601358598498,0.06435466571326422,0.009295673936360386,0.04147300679299249,0.018233821952091528,0.0007150518412584912,0.16553450125134073,0.01215588130139435,0.04254558455488023,0.05470146585627458,0.047908473364318915,0.23417947801215588,0.01894887379335002,0.0,0.14050768680729353,0.0007150518412584912,Солженицын,В круге первом
0.05222171323866239,0.09024278515803939,0.06000916170407696,0.004580852038479157,0.05313788364635822,0.029317453046266605,0.0004580852038479157,0.20751259734310581,0.022904260192395786,0.053595968850206135,0.04306000916170408,0.01694915254237288,0.2098030233623454,0.01832340815391663,0.0,0.13788364635822262,0.0,Солженицын,Один день Ивана Денисовича
0.06914212548015365,0.07341015791720017,0.06828851899274435,0.010243277848911651,0.04310712761416987,0.026034997865983782,0.0,0.17626973965002135,0.017072129748186088,0.04737516005121639,0.06530089628681178,0.03798548868971404,0.22407170294494239,0.019206145966709345,0.0,0.12163892445582586,0.0008536064874093043,Солженицын,В круге первом
0.07263751763046544,0.09132581100141043,0.06170662905500705,0.017277856135401976,0.047954866008462625,0.03314527503526093,0.0,0.19358251057827927,0.010578279266572637,0.04442877291960508,0.05606488011283498,0.02468265162200282,0.1879407616361072,0.021861777150916785,0.0003526093088857546,0.13645980253878703,0.0,Солженицын,В круге первом
0.07396149949341439,0.07193515704154002,0.0734549138804458,0.0121580547112462,0.04204660587639311,0.028875379939209727,0.0,0.1580547112462006,0.014184397163120567,0.0425531914893617,0.07193515704154002,0.03951367781155015,0.23708206686930092,0.015704154002026342,0.0,0.11854103343465046,0.0,Солженицын,В круге первом
0.10618181818181818,0.0989090909090909,0.05163636363636363,0.014909090909090908,0.03781818181818182,0.024363636363636365,0.0007272727272727272,0.20145454545454544,0.014909090909090908,0.032,0.04727272727272727,0.03854545454545454,0.1930909090909091,0.014545454545454545,0.0,0.12290909090909091,0.0007272727272727272,Солженицын,В круге первом
0.05518169582772544,0.09107222969941678,0.06191117092866756,0.01256168685509197,0.0408254822790489,0.0300583221175415,0.0,0.17048003589053387,0.01301031852848811,0.04262000897263347,0.08434275459847465,0.02063705697622252,0.2189322566173172,0.018393898609241812,0.0,0.13997308209959622,0.0,Солженицын,В круге первом
0.07576601671309192,0.08690807799442897,0.059331476323119775,0.0116991643454039,0.049303621169916434,0.03147632311977716,0.0,0.1935933147632312,0.017827298050139277,0.043454038997214485,0.05905292479108635,0.030083565459610027,0.18022284122562673,0.021727019498607242,0.0002785515320334262,0.1392757660167131,0.0,Солженицын,В круге первом
0.034782608695652174,0.06231884057971015,0.07246376811594203,0.008695652173913044,0.05144927536231884,0.011594202898550725,0.0014492753623188406,0.1644927536231884,0.014492753623188406,0.05217391304347826,0.04927536231884058,0.03260869565217391,0.2782608695652174,0.018115942028985508,0.0,0.1463768115942029,0.0014492753623188406,Солженицын,Один день Ивана Денисовича
0.06923837784371908,0.06726013847675569,0.05291790306627102,0.01730959446092977,0.04253214638971316,0.025717111770524232,0.0,0.17062314540059348,0.00791295746785361,0.05440158259149357,0.07566765578635015,0.02423343224530168,0.23392680514342234,0.018793273986152326,0.0,0.1394658753709199,0.0,Солженицын,В круге первом
0.0718232044198895,0.06975138121546962,0.07354972375690608,0.011395027624309393,0.0462707182320442,0.02589779005524862,0.0003453038674033149,0.14053867403314918,0.008287292817679558,0.052486187845303865,0.05939226519337017,0.058011049723756904,0.22824585635359115,0.020718232044198894,0.0,0.13328729281767956,0.0,Солженицын,В круге первом
0.04967602591792657,0.07613390928725702,0.08315334773218143,0.008099352051835854,0.05777537796976242,0.019438444924406047,0.0032397408207343412,0.17980561555075594,0.014578833693304536,0.052915766738660906,0.042116630669546434,0.026997840172786176,0.22462203023758098,0.017278617710583154,0.0,0.14308855291576675,0.0010799136069114472,Солженицын,Один день Ивана Денисовича
0.047076689445709946,0.06605922551252848,0.07061503416856492,0.004555808656036446,0.040242976461655276,0.018223234624145785,0.002277904328018223,0.14958238420653,0.015186028853454821,0.05922551252847381,0.0463173880030372,0.02809415337889142,0.29460895975702356,0.018223234624145785,0.0,0.13971146545178437,0.0,Солженицын,Один день Ивана Денисовича
0.0867908552074513,0.07917019475021168,0.07070279424216766,0.014817950889077053,0.04403048264182896,0.03598645215918713,0.0,0.1947502116850127,0.015664690939881456,0.04191363251481795,0.05334462320067739,0.02201524132091448,0.21083827265029637,0.016088060965283656,0.0,0.1138865368331922,0.0,Солженицын,В круге первом
0.07796610169491526,0.07570621468926554,0.0711864406779661,0.01694915254237288,0.061581920903954805,0.024293785310734464,0.0,0.17457627118644067,0.0096045197740113,0.04519774011299435,0.05028248587570622,0.013559322033898305,0.24689265536723165,0.007344632768361582,0.0,0.1248587570621469,0.0,Солженицын,В круге первом
0.06916153481762198,0.07816200852676457,0.0611084793936523,0.012790146849834202,0.04737091425864519,0.030791094268119375,0.0004737091425864519,0.1861676930364756,0.011842728564661297,0.049265750828991,0.06395073424917101,0.02700142112742776,0.22785409758408337,0.01468498342018001,0.0,0.11937470393178588,0.0,Солженицын,В круге первом
0.053887289181406825,0.0872069107363225,0.07239819004524888,0.0106951871657754,0.059646236116824354,0.02385849444672974,0.00041135335252982314,0.17359111476758535,0.015220074043603456,0.04401480872069107,0.055944055944055944,0.02221308103661045,0.22501028383381325,0.021801727684080625,0.0,0.13410119292472233,0.0,Солженицын,Один день Ивана Денисовича
0.044125192406362236,0.06310928681375064,0.07439712673165726,0.01026167265264238,0.032837352488455616,0.023088763468445357,0.001026167265264238,0.1344279117496152,0.01539250897896357,0.05079527963057978,0.07337095946639302,0.016418676244227808,0.29707542329399694,0.018984094407388404,0.0,0.1431503335043612,0.0015392508978963571,Солженицын,В круге первом
0.05724197745013009,0.09366869037294015,0.05724197745013009,0.007372072853425846,0.045099739809193407,0.026019080659150044,0.0008673026886383347,0.20381613183000868,0.01647875108412836,0.05203816131830009,0.04379878577623591,0.020381613183000868,0.2220294882914137,0.01821335646140503,0.0,0.13529921942758022,0.0004336513443191674,Солженицын,Один день Ивана Денисовича
0.05363237445148708,0.07654802535348611,0.06045831301803998,0.005850804485616773,0.04875670404680644,0.020965382740126767,0.0009751340809361287,0.17601170160897123,0.01901511457825451,0.051682106289614824,0.0492442710872745,0.025353486104339348,0.25109702584105315,0.019502681618722574,0.0,0.1409068746952706,0.0,Солженицын,Один день Ивана Денисовича
0.07050197405527354,0.077834179357022,0.05301748448956571,0.015792442188381276,0.03778905809362662,0.03158488437676255,0.0,0.1652566271855612,0.021996615905245348,0.04117315284827975,0.07332205301748448,0.03666102650874224,0.22447828539199097,0.018612521150592216,0.0,0.1319796954314721,0.0,Солженицын,В круге первом
0.06362545018007203,0.06182472989195678,0.05942376950780312,0.0078031212484993995,0.033013205282112844,0.022809123649459785,0.001800720288115246,0.16146458583433373,0.012605042016806723,0.047418967587034816,0.06602641056422569,0.01680672268907563,0.2893157262905162,0.01680672268907563,0.0,0.13925570228091236,0.0,Солженицын,В круге первом
0.05911680911680912,0.0633903133903134,0.0633903133903134,0.013532763532763533,0.03276353276353276,0.02207977207977208,0.002849002849002849,0.14957264957264957,0.01638176638176638,0.0405982905982906,0.07193732193732194,0.021367521367521368,0.3148148148148148,0.011396011396011397,0.0,0.1168091168091168,0.0,Солженицын,В круге первом
0.07250889679715303,0.08140569395017794,0.05382562277580071,0.015124555160142349,0.04314946619217082,0.030249110320284697,0.0,0.18505338078291814,0.018238434163701068,0.04314946619217082,0.0653914590747331,0.029359430604982206,0.20640569395017794,0.018683274021352312,0.0,0.13745551601423486,0.0,Солженицын,В круге первом
0.08284313725490196,0.09117647058823529,0.06323529411764706,0.0196078431372549,0.050490196078431374,0.027450980392156862,0.0,0.18284313725490195,0.012745098039215686,0.041176470588235294,0.054901960784313725,0.01764705882352941,0.2122549019607843,0.015196078431372549,0.0,0.1284313725490196,0.0,Солженицын,В круге первом
0.04370721432332807,0.08583464981569247,0.05950500263296472,0.00737230121116377,0.05634544497103739,0.022116903633491312,0.00105318588730911,0.18588730911005794,0.02422327540810953,0.05634544497103739,0.04739336492890995,0.017377567140600316,0.23959978936282253,0.017377567140600316,0.0,0.13533438651922064,0.000526592943654555,Солженицын,Один день Ивана Денисовича
0.0659111243662392,0.08768267223382047,0.05815687444079928,0.009841932597673724,0.04712198031613481,0.029824038174768863,0.0,0.19296152699075456,0.01729794214136594,0.045630778407396363,0.05726215329555622,0.03191172084700268,0.1914703250820161,0.022964509394572025,0.0,0.1419624217118998,0.0,Солженицын,В круге первом
0.0890625,0.090625,0.048046875,0.015234375,0.051171875,0.02734375,0.0,0.183203125,0.013671875,0.03828125,0.054296875,0.031640625,0.203125,0.01875,0.0,0.135546875,0.0,Солженицын,В круге первом
0.08085612366230678,0.08878319460959176,0.07570352754657154,0.009908838684106223,0.042409829567974636,0.027744748315497423,0.0,0.18192627824019025,0.015854141894569955,0.036860879904875146,0.048355132778438364,0.028141101862861673,0.20689655172413793,0.016250495441934205,0.0,0.1403091557669441,0.0,Солженицын,В круге первом
0.0818746470920384,0.08865047995482778,0.043478260869565216,0.010728402032749858,0.03274985883681536,0.019762845849802372,0.0016939582156973462,0.17052512704686618,0.01693958215697346,0.03896103896103896,0.06719367588932806,0.02710333145115754,0.2732919254658385,0.011857707509881422,0.0,0.11462450592885376,0.000564652738565782,Солженицын,В круге первом
0.0536231884057971,0.08985507246376812,0.06570048309178744,0.004830917874396135,0.04927536231884058,0.028019323671497585,0.0004830917874396135,0.20531400966183574,0.02077294685990338,0.048792270531400964,0.04154589371980676,0.01497584541062802,0.21690821256038648,0.014492753623188406,0.0,0.14541062801932367,0.0,Солженицын,Один день Ивана Денисовича
0.0553116769095698,0.07418788410886742,0.06804214223002635,0.008340649692712906,0.04784899034240562,0.033801580333625986,0.000877963125548727,0.14398595258999122,0.017120280948200176,0.04960491659350307,0.07067603160667252,0.030728709394205442,0.23485513608428446,0.021949078138718173,0.0,0.14266900790166814,0.0,Солженицын,В круге первом
0.05460526315789474,0.07171052631578947,0.05460526315789474,0.007894736842105263,0.04868421052631579,0.026973684210526316,0.001973684210526316,0.1730263157894737,0.017105263157894738,0.05197368421052632,0.038157894736842106,0.0125,0.26973684210526316,0.02368421052631579,0.0,0.14736842105263157,0.0,Солженицын,Один день Ивана Денисовича
0.04891304347826087,0.09057971014492754,0.058876811594202896,0.011322463768115942,0.04891304347826087,0.024456521739130436,0.0009057971014492754,0.1897644927536232,0.014492753623188406,0.052083333333333336,0.06385869565217392,0.016757246376811596,0.2210144927536232,0.018115942028985508,0.0,0.13949275362318841,0.0004528985507246377,Солженицын,Матренин двор
0.07851002865329514,0.07564469914040114,0.07048710601719198,0.017765042979942695,0.06131805157593123,0.02349570200573066,0.0,0.17478510028653296,0.009742120343839542,0.04297994269340974,0.05100286532951289,0.013753581661891117,0.2487106017191977,0.007449856733524355,0.0,0.12435530085959885,0.0,Солженицын,В круге первом
0.08191850594227504,0.07088285229202038,0.056451612903225805,0.011460101867572157,0.04838709677419355,0.028438030560271648,0.0029711375212224107,0.1774193548387097,0.011884550084889643,0.04796264855687606,0.06748726655348047,0.030135823429541596,0.22071307300509338,0.014431239388794566,0.0,0.12945670628183362,0.0,Солженицын,В круге первом
0.07593360995850622,0.08713692946058091,0.06556016597510374,0.01037344398340249,0.04273858921161826,0.028215767634854772,0.0004149377593360996,0.17883817427385892,0.01037344398340249,0.04273858921161826,0.05186721991701245,0.022821576763485476,0.22821576763485477,0.02199170124481328,0.0,0.13278008298755187,0.0,Солженицын,В круге первом
0.09407831900668577,0.07927411652340019,0.03868194842406877,0.014326647564469915,0.03581661891117478,0.031041069723018146,0.0004775549188156638,0.20152817574021012,0.013849092645654251,0.03199617956064948,0.05157593123209169,0.04393505253104107,0.22779369627507162,0.016714422158548233,0.0,0.11891117478510028,0.0,Солженицын,В круге первом
0.05109150023223409,0.07895959126799815,0.05991639572689271,0.013934045517882025,0.0566651184393869,0.026474686483975846,0.0009289363678588017,0.17649790989317232,0.018578727357176035,0.04969809568044589,0.058522991175104504,0.02740362285183465,0.22340919647004182,0.019043195541105434,0.0,0.13794705062703205,0.0009289363678588017,Солженицын,Один день Ивана Денисовича
0.054959785522788206,0.07908847184986595,0.0612153708668454,0.014298480786416443,0.041108132260947276,0.031724754244861486,0.0013404825737265416,0.17247542448614836,0.015638963360142984,0.04155495978552279,0.05719392314566577,0.04602323503127793,0.22788203753351208,0.016979445933869526,0.0,0.1380697050938338,0.00044682752457551384,Солженицын,В круге первом
0.05551497443389335,0.07450693937180423,0.05989773557341125,0.005843681519357195,0.04017531044558072,0.017531044558071585,0.0029218407596785976,0.1760409057706355,0.014609203798392988,0.05186267348429511,0.04455807158509861,0.01095690284879474,0.28780131482834187,0.013878743608473338,0.0,0.14390065741417093,0.0,Солженицын,Один день Ивана Денисовича
0.04931335830212235,0.07553058676654183,0.060549313358302125,0.003121098626716604,0.04931335830212235,0.02122347066167291,0.0006242197253433209,0.19787765293383272,0.013108614232209739,0.05493133583021224,0.04057428214731586,0.02871410736579276,0.22908863920099876,0.02184769038701623,0.0,0.15418227215980024,0.0,Солженицын,Один день Ивана Денисовича
0.0552434456928839,0.07116104868913857,0.06647940074906367,0.00749063670411985,0.0449438202247191,0.03136704119850187,0.00046816479400749064,0.13389513108614232,0.01544943820224719,0.05149812734082397,0.08380149812734082,0.025280898876404494,0.24531835205992508,0.02153558052434457,0.0,0.14606741573033707,0.0,Солженицын,В круге первом
0.06129032258064516,0.07204301075268817,0.08870967741935484,0.01989247311827957,0.0521505376344086,0.02258064516129032,0.0,0.1435483870967742,0.010752688172043012,0.06075268817204301,0.07473118279569893,0.017204301075268817,0.2360215053763441,0.02043010752688172,0.0,0.11989247311827957,0.0,Солженицын,В круге первом
0.0713768115942029,0.09855072463768116,0.06231884057971015,0.016666666666666666,0.05579710144927536,0.02246376811594203,0.00036231884057971015,0.19746376811594202,0.009782608695652175,0.04710144927536232,0.0713768115942029,0.013043478260869565,0.18840579710144928,0.01920289855072464,0.0,0.12608695652173912,0.0,Солженицын,Матренин двор
0.051535087719298246,0.08114035087719298,0.05263157894736842,0.006578947368421052,0.04331140350877193,0.01918859649122807,0.0010964912280701754,0.19188596491228072,0.019736842105263157,0.0581140350877193,0.05043859649122807,0.020285087719298246,0.2582236842105263,0.015899122807017545,0.0,0.1299342105263158,0.0,Солженицын,Один день Ивана Денисовича
0.07899882675009777,0.08564724286272976,0.06961282753226437,0.010950332420805632,0.041063746578021115,0.02737583105201408,0.00039108330074305825,0.17833398513883458,0.014470082127493155,0.037935080172076655,0.050058662495111456,0.025420414548298787,0.22565506452874462,0.01838091513492374,0.0,0.13570590535784122,0.0,Солженицын,В круге первом
0.056648777579010136,0.0763267740011926,0.059033989266547404,0.014311270125223614,0.05605247465712582,0.01908169350029815,0.0005963029218843172,0.16696481812760883,0.011329755515802028,0.04174120453190221,0.07215265354800239,0.01490757304710793,0.23732856290995827,0.020870602265951103,0.0,0.1520572450805009,0.0005963029218843172,Солженицын,Матренин двор
0.05367647058823529,0.075,0.0625,0.0058823529411764705,0.039705882352941174,0.01764705882352941,0.0029411764705882353,0.17647058823529413,0.014705882352941176,0.054411764705882354,0.04485294117647059,0.010294117647058823,0.28161764705882353,0.015441176470588236,0.0,0.1448529411764706,0.0,Солженицын,Один день Ивана Денисовича
0.05139085337105139,0.0876944837340877,0.05421970768505422,0.009900990099009901,0.04337576614804337,0.02545968882602546,0.000942951438000943,0.1885902876001886,0.013672795851013672,0.053276756247053275,0.056577086280056574,0.02545968882602546,0.2263083451202263,0.016973125884016973,0.0,0.1456859971711457,0.0004714757190004715,Солженицын,Матренин двор
0.07546296296296297,0.07592592592592592,0.062037037037037036,0.0125,0.04259259259259259,0.027777777777777776,0.0,0.1875,0.013425925925925926,0.04398148148148148,0.05416666666666667,0.04212962962962963,0.22546296296296298,0.014814814814814815,0.0,0.12222222222222222,0.0,Солженицын,В круге первом
0.08356545961002786,0.07640270592916833,0.05610823716673299,0.01631516116195782,0.033426183844011144,0.024671707122960605,0.003979307600477517,0.19060883406287307,0.010744130521289296,0.04735376044568245,0.05411858336649423,0.04257859132510943,0.21130123358535616,0.017906884202148827,0.0,0.1309192200557103,0.0,Солженицын,В круге первом
0.06947124662292552,0.06252412196063296,0.07526051717483596,0.013894249324585103,0.04361250482439213,0.03396372057120803,0.0007719027402547279,0.13469702817445,0.012350443844075647,0.057892705519104595,0.0652257815515245,0.04438440756464686,0.2292551138556542,0.020841373986877652,0.0,0.1358548822848321,0.0,Солженицын,В круге первом
0.08662092624356775,0.08104631217838765,0.06989708404802744,0.0137221269296741,0.04373927958833619,0.03516295025728988,0.0,0.19897084048027444,0.014579759862778732,0.03945111492281304,0.05445969125214408,0.022727272727272728,0.20969125214408232,0.015866209262435677,0.0,0.11406518010291596,0.0,Солженицын,В круге первом
0.06880864373045209,0.0864373045208985,0.056582314472561845,0.010235996588001138,0.048620983793005404,0.031560989479670176,0.0,0.1902189365936878,0.018197327267557576,0.04577765140744953,0.06084731305089565,0.029854990048336652,0.18595393801535398,0.023599658800113735,0.0,0.14330395223201592,0.0,Солженицын,В круге первом
0.0724191063174114,0.07087827426810478,0.07293271700051361,0.011813045711350795,0.040575243965074476,0.029789419619928096,0.0,0.15819209039548024,0.01335387776065742,0.04365690806368772,0.0724191063174114,0.040061633281972264,0.23985618900873137,0.015408320493066256,0.0,0.11864406779661017,0.0,Солженицын,В круге первом
0.05241090146750524,0.0759958071278826,0.06184486373165619,0.01729559748427673,0.03930817610062893,0.0220125786163522,0.0020964360587002098,0.12473794549266247,0.008385744234800839,0.03668763102725367,0.08280922431865828,0.034067085953878404,0.279874213836478,0.019916142557651992,0.0,0.14255765199161424,0.0,Солженицын,В круге первом
0.07701967350355797,0.08204269568857263,0.0648807032231059,0.012138970280452072,0.0447886144830473,0.031393888656341566,0.0008371703641691084,0.1653411469233989,0.010883214734198409,0.03892842193386354,0.0703223105902051,0.031393888656341566,0.20887400586019256,0.020929259104227712,0.0,0.14022603599832567,0.0,Солженицын,В круге первом
0.047967108268615805,0.08862494289629969,0.05938784833257195,0.01187756966651439,0.05025125628140704,0.025582457743261764,0.0009136592051164915,0.19049794426678848,0.014618547281863865,0.052535404294198264,0.060758337140246685,0.016902695294655094,0.22293284604842395,0.016902695294655094,0.0,0.1397898583828232,0.00045682960255824577,Солженицын,Матренин двор
0.04277286135693215,0.06415929203539823,0.07300884955752213,0.004424778761061947,0.04056047197640118,0.01991150442477876,0.0029498525073746312,0.15191740412979352,0.01327433628318584,0.056784660766961655,0.045722713864306784,0.028761061946902654,0.29056047197640117,0.02064896755162242,0.0,0.14454277286135694,0.0,Солженицын,Один день Ивана Денисовича
0.06986666666666666,0.07466666666666667,0.047466666666666664,0.005333333333333333,0.04053333333333333,0.029866666666666666,0.0016,0.16693333333333332,0.006933333333333333,0.0432,0.09333333333333334,0.024533333333333334,0.24853333333333333,0.019733333333333332,0.0,0.12426666666666666,0.0032,Солженицын,В круге первом
0.08212375859434683,0.08479755538579067,0.07219251336898395,0.0106951871657754,0.04736440030557677,0.02750190985485103,0.0,0.17379679144385027,0.015278838808250574,0.03819709702062643,0.07142857142857142,0.026355996944232237,0.20053475935828877,0.01566080977845684,0.0,0.13407181054239878,0.0,Солженицын,В круге первом
0.07211759301791457,0.06430868167202572,0.06936150666054203,0.014699127239320165,0.05420303169499311,0.037666513550757924,0.00045934772622875517,0.16628387689480936,0.010105649977032614,0.05512172714745062,0.0666054203031695,0.022508038585209004,0.2273771244832338,0.01607717041800643,0.0,0.12310519062930639,0.0,Солженицын,В круге первом
0.07146377525874816,0.08329226219812716,0.05322819122720552,0.011828486939379004,0.04484967964514539,0.02759980285855101,0.0,0.1739773287333662,0.023164120256283883,0.046328240512567766,0.062099556431739776,0.02759980285855101,0.21784130113356334,0.015771315919172007,0.0,0.1409561360275998,0.0,Солженицын,В круге первом
0.08239171374764595,0.0795668549905838,0.046610169491525424,0.018832391713747645,0.043785310734463276,0.031073446327683617,0.0,0.20009416195856874,0.01224105461393597,0.04943502824858757,0.06544256120527307,0.02024482109227872,0.2019774011299435,0.01694915254237288,0.0,0.13135593220338984,0.0,Солженицын,В круге первом
0.060240963855421686,0.08032128514056225,0.06648817492190987,0.01740294511378849,0.040160642570281124,0.025881302989736725,0.0,0.15841142347166443,0.0142793395805444,0.05042391789379741,0.06961178045515395,0.025881302989736725,0.22802320392681838,0.018295403837572513,0.0,0.14457831325301204,0.0,Солженицын,В круге первом
0.057703081232493,0.06386554621848739,0.05938375350140056,0.009523809523809525,0.03473389355742297,0.022408963585434174,0.0011204481792717086,0.14901960784313725,0.01288515406162465,0.047619047619047616,0.06946778711484594,0.017366946778711485,0.292436974789916,0.017366946778711485,0.0,0.14453781512605043,0.0005602240896358543,Солженицын,В круге первом
0.07005325686194183,0.07824662023760753,0.06308889799262597,0.010651372388365424,0.04137648504711184,0.024580090126997134,0.0,0.18885702580909464,0.01188037689471528,0.0454731667349447,0.05981155264235969,0.032363785333879555,0.22490782466202375,0.020483408439164276,0.0,0.12822613682916836,0.0,Солженицын,В круге первом
0.06968503937007874,0.07125984251968503,0.06338582677165354,0.01062992125984252,0.045275590551181105,0.024803149606299212,0.0003937007874015748,0.18149606299212598,0.01653543307086614,0.047244094488188976,0.065748031496063,0.03622047244094488,0.22283464566929134,0.020078740157480315,0.0,0.1236220472440945,0.0007874015748031496,Солженицын,В круге первом
0.05201072386058981,0.07292225201072386,0.08632707774798927,0.012868632707774798,0.05093833780160858,0.02091152815013405,0.0,0.17158176943699732,0.010187667560321715,0.054691689008042894,0.05630026809651475,0.015013404825737266,0.2386058981233244,0.015013404825737266,0.0,0.142627345844504,0.0,Солженицын,Один день Ивана Денисовича
0.0794348508634223,0.09167974882260596,0.058712715855573,0.013186813186813187,0.0521193092621664,0.0304552590266876,0.0,0.1946624803767661,0.018524332810047096,0.03956043956043956,0.0609105180533752,0.02511773940345369,0.1729984301412873,0.021036106750392466,0.0003139717425431711,0.141287284144427,0.0,Солженицын,В круге первом
0.08131776480400334,0.07547956630525438,0.06213511259382819,0.013344453711426188,0.05713094245204337,0.030442035029190993,0.0008340283569641367,0.17597998331943285,0.014595496246872394,0.04920767306088407,0.06713928273561301,0.021684737281067557,0.20100083402835697,0.0158465387823186,0.0,0.13386155129274396,0.0,Солженицын,В круге первом
0.07086044830079537,0.09761388286334056,0.06290672451193059,0.016630513376717282,0.05603759942154736,0.023138105567606652,0.00036153289949385393,0.1970354302241504,0.009761388286334056,0.04591467823571945,0.07194504699927694,0.013015184381778741,0.18944323933477947,0.019522776572668113,0.0,0.12581344902386118,0.0,Солженицын,Матренин двор
0.0653138871274572,0.0653138871274572,0.06848446417247939,0.016487000634115408,0.029169308814204185,0.023462270133164237,0.0019023462270133164,0.12682308180088775,0.012048192771084338,0.05263157894736842,0.08370323398858592,0.025364616360177554,0.2891566265060241,0.02155992390615092,0.0,0.11857958148383006,0.0,Солженицын,В круге первом
0.06274509803921569,0.08104575163398693,0.05925925925925926,0.01917211328976035,0.048801742919389976,0.02570806100217865,0.0,0.1664488017429194,0.013507625272331155,0.0457516339869281,0.07015250544662309,0.024400871459694988,0.22483660130718955,0.020479302832244008,0.0,0.13769063180827887,0.0,Солженицын,В круге первом
0.05674418604651163,0.07767441860465116,0.06976744186046512,0.009767441860465116,0.046511627906976744,0.023255813953488372,0.0009302325581395349,0.17348837209302326,0.02186046511627907,0.053488372093023255,0.05116279069767442,0.022790697674418603,0.22697674418604652,0.022790697674418603,0.0,0.14232558139534884,0.00046511627906976747,Солженицын,Один день Ивана Денисовича
0.06349206349206349,0.07881773399014778,0.06513409961685823,0.0120415982484948,0.059113300492610835,0.02353585112205802,0.0005473453749315818,0.17405582922824303,0.011494252873563218,0.0481663929939792,0.04926108374384237,0.016967706622879036,0.2556102900930487,0.011494252873563218,0.0,0.13026819923371646,0.0,Солженицын,В круге первом
0.07241788682231895,0.08389394538979027,0.06371191135734072,0.014641867827463396,0.045112781954887216,0.032845271072417886,0.001187178472497032,0.16620498614958448,0.015433320142461416,0.04748713889988128,0.07479224376731301,0.03403244954491492,0.2152750296794618,0.01701622477245746,0.0,0.11594776414721013,0.0,Солженицын,В круге первом
0.03910614525139665,0.08379888268156424,0.06083178150217256,0.004345127250155183,0.045934202358783364,0.0260707635009311,0.00186219739292365,0.15207945375543142,0.021725636250775917,0.05648665425201738,0.058969584109248914,0.03414028553693358,0.25512104283054005,0.015518311607697082,0.0,0.14338919925512103,0.0006207324643078833,Солженицын,Один день Ивана Денисовича
0.06294964028776978,0.0795863309352518,0.06070143884892086,0.01933453237410072,0.046312949640287766,0.025179856115107913,0.0,0.16591726618705036,0.012140287769784174,0.044064748201438846,0.06744604316546762,0.026079136690647483,0.22931654676258992,0.019784172661870502,0.0,0.14118705035971224,0.0,Солженицын,В круге первом
0.051118210862619806,0.08040468583599573,0.058040468583599576,0.006389776357827476,0.043663471778487756,0.019169329073482427,0.001597444089456869,0.1900958466453674,0.019701810436634718,0.06017039403620873,0.05058572949946752,0.019701810436634718,0.25612353567625135,0.0154419595314164,0.0,0.12779552715654952,0.0,Солженицын,Один день Ивана Денисовича
0.058695652173913045,0.07217391304347825,0.06652173913043478,0.016956521739130436,0.03826086956521739,0.02608695652173913,0.0,0.1517391304347826,0.013478260869565217,0.049565217391304345,0.07391304347826087,0.021304347826086957,0.25217391304347825,0.018260869565217393,0.0,0.14,0.0008695652173913044,Солженицын,В круге первом
0.06038086391082211,0.07524384579656293,0.07152810032512773,0.008824895494658615,0.043195541105434276,0.02786809103576405,0.0,0.1699953553181607,0.018114259173246633,0.048304691128657685,0.06502554575011611,0.03808639108221087,0.22573153738968882,0.02183000464468184,0.0,0.12540640966093822,0.00046446818392940084,Солженицын,В круге первом
0.07737704918032787,0.08262295081967214,0.06885245901639345,0.016065573770491802,0.05540983606557377,0.03475409836065574,0.0,0.1718032786885246,0.012459016393442624,0.05016393442622951,0.06524590163934427,0.03081967213114754,0.18655737704918032,0.017049180327868854,0.0,0.13081967213114754,0.0,Солженицын,В круге первом
0.04215456674473068,0.0897736143637783,0.06518345042935207,0.00546448087431694,0.053864168618266976,0.02107728337236534,0.00078064012490242,0.187743950039032,0.01405152224824356,0.05581576893052303,0.04332552693208431,0.02537080405932865,0.22482435597189696,0.02068696330991413,0.0,0.14988290398126464,0.0,Солженицын,Один день Ивана Денисовича
0.05605889014722537,0.06398640996602492,0.06058890147225368,0.009626274065685165,0.03454133635334088,0.022650056625141562,0.0011325028312570782,0.14609286523216308,0.01189127972819932,0.04756511891279728,0.07021517553793885,0.017553793884484713,0.29501698754246886,0.017553793884484713,0.0,0.144960362400906,0.0005662514156285391,Солженицын,В круге первом
0.07731607629427793,0.08106267029972752,0.05926430517711172,0.01600817438692098,0.043596730245231606,0.02690735694822888,0.0,0.19618528610354224,0.012602179836512262,0.05074931880108992,0.04666212534059946,0.031335149863760216,0.1965258855585831,0.02282016348773842,0.0003405994550408719,0.13862397820163488,0.0,Солженицын,В круге первом
0.06283185840707965,0.08097345132743362,0.05663716814159292,0.01592920353982301,0.048230088495575224,0.02566371681415929,0.0,0.16902654867256636,0.017256637168141593,0.04601769911504425,0.0747787610619469,0.020353982300884955,0.2243362831858407,0.021238938053097345,0.0,0.13672566371681416,0.0,Солженицын,В круге первом
0.08022922636103152,0.09169054441260745,0.05193409742120344,0.015759312320916905,0.04978510028653295,0.03868194842406877,0.0,0.19591690544412607,0.015401146131805158,0.04333810888252149,0.05945558739255014,0.027578796561604585,0.19484240687679083,0.019340974212034383,0.0,0.11604584527220631,0.0,Солженицын,В круге первом
0.08459214501510574,0.07984462667242123,0.050064738886491156,0.015968925334484248,0.047475183426845056,0.028485110056107037,0.0030211480362537764,0.20414328873543375,0.017695295640914977,0.045317220543806644,0.050496331463098836,0.020716443677168753,0.2084592145015106,0.017263703064307294,0.0,0.12645662494605092,0.0,Солженицын,В круге первом
0.045429052159282106,0.08468872686483454,0.06842400448681997,0.007851934941110488,0.04823331463825014,0.01682557487380819,0.0033651149747616375,0.18452047111609646,0.01346045989904655,0.044868199663488505,0.05215928210880538,0.025799214806505887,0.2428491306786315,0.016264722378014584,0.0,0.1441390914189568,0.0011217049915872126,Солженицын,Один день Ивана Денисовича
0.0843681519357195,0.07888970051132213,0.0606281957633309,0.012783053323593864,0.04711468224981739,0.032505478451424395,0.0,0.1731190650109569,0.009495982468955442,0.05588020452885318,0.0577063550036523,0.025200876552227903,0.22388604821037253,0.025200876552227903,0.0,0.11322132943754565,0.0,Солженицын,В круге первом
0.0765825586542718,0.06463036741921203,0.0650730411686587,0.011509517485613104,0.051350154935812305,0.02877379371403276,0.0013280212483399733,0.14962372731297033,0.011509517485613104,0.05223550243470562,0.06064630367419212,0.034528552456839307,0.2319610447100487,0.03010181496237273,0.0,0.1301460823373174,0.0,Солженицын,В круге первом
0.05989260636100785,0.08426270136307311,0.06939281288723669,0.009913258983890954,0.055762081784386616,0.026848409748038,0.0004130524576621231,0.17265592730276746,0.01900041305245766,0.04667492771581991,0.05204460966542751,0.024783147459727387,0.21726559273027674,0.020652622883106153,0.0,0.14043783560512185,0.0,Солженицын,Один день Ивана Денисовича
0.06270022883295194,0.06773455377574371,0.06773455377574371,0.012814645308924484,0.04988558352402746,0.033409610983981694,0.0009153318077803204,0.15148741418764303,0.014645308924485127,0.04622425629290618,0.06407322654462243,0.027917620137299773,0.23752860411899313,0.022425629290617848,0.0,0.14050343249427918,0.0,Солженицын,В круге первом
0.056862745098039215,0.08196078431372548,0.06549019607843137,0.01411764705882353,0.045098039215686274,0.03764705882352941,0.000392156862745098,0.16823529411764707,0.01019607843137255,0.04862745098039216,0.056862745098039215,0.04666666666666667,0.2015686274509804,0.02196078431372549,0.0,0.14431372549019608,0.0,Солженицын,В круге первом
0.06809701492537314,0.07695895522388059,0.05457089552238806,0.014925373134328358,0.044309701492537316,0.03031716417910448,0.0,0.17863805970149255,0.018190298507462687,0.04757462686567164,0.06949626865671642,0.029850746268656716,0.20848880597014927,0.01912313432835821,0.0,0.1394589552238806,0.0,Солженицын,В круге первом
0.07966522008679479,0.09423434593924365,0.05300681959082455,0.01642901425914445,0.045567265964042154,0.03502789832610043,0.00030998140111593303,0.19156850588964663,0.019218846869187848,0.03502789832610043,0.06106633601983881,0.028828270303781774,0.1884686918784873,0.023558586484810913,0.0,0.12802231866088035,0.0,Солженицын,В круге первом
0.059644059644059645,0.07984607984607985,0.06541606541606541,0.012025012025012025,0.05242905242905243,0.031265031265031266,0.0,0.1774891774891775,0.015873015873015872,0.042328042328042326,0.06637806637806638,0.022126022126022125,0.20202020202020202,0.022607022607022607,0.0,0.15055315055315055,0.0,Солженицын,Матренин двор
0.05083884087442806,0.07574987290289781,0.06659888154550077,0.010167768174885612,0.03812913065582105,0.031011692933401117,0.001525165226232842,0.14895780376207424,0.009659379766141332,0.03762074224707677,0.08795119471276056,0.021352313167259787,0.253685815963396,0.018810371123538384,0.0,0.14794102694458566,0.0,Солженицын,В круге первом
0.07591933570581258,0.07868722815342033,0.06484776591538158,0.01818900751285093,0.04112297350731514,0.03163305654408857,0.0,0.1652827204428628,0.010280743376828785,0.05298536971134836,0.05575326215895611,0.042704626334519574,0.1988928430209569,0.01818900751285093,0.0,0.14551206010280743,0.0,Солженицын,В круге первом
0.06571428571428571,0.07,0.041428571428571426,0.010476190476190476,0.039523809523809524,0.03666666666666667,0.0009523809523809524,0.1657142857142857,0.013333333333333334,0.047619047619047616,0.07666666666666666,0.040952380952380955,0.25476190476190474,0.015714285714285715,0.0,0.12047619047619047,0.0,Солженицын,В круге первом
0.05906480721903199,0.08572600492206726,0.06808859721082855,0.009844134536505332,0.05578342904019688,0.025840853158326498,0.00041017227235438887,0.1735028712059065,0.018457752255947497,0.0475799835931091,0.051681706316652996,0.02502050861361772,0.21739130434782608,0.021739130434782608,0.0,0.1398687448728466,0.0,Солженицын,Один день Ивана Денисовича
0.06629055007052186,0.06946403385049366,0.07440056417489421,0.01234132581100141,0.04689703808180536,0.023977433004231313,0.0003526093088857546,0.14245416078984485,0.007404795486600846,0.05218617771509168,0.05853314527503526,0.06170662905500705,0.22284908321579688,0.024330042313117067,0.0,0.1368124118476728,0.0,Солженицын,В круге первом
0.08540372670807453,0.07763975155279502,0.061076604554865424,0.010869565217391304,0.033126293995859216,0.024327122153209108,0.0005175983436853002,0.18995859213250518,0.009834368530020704,0.044513457556935816,0.049689440993788817,0.035196687370600416,0.2386128364389234,0.011904761904761904,0.0,0.12732919254658384,0.0,Солженицын,В круге первом
0.07754237288135593,0.06694915254237288,0.06186440677966102,0.016101694915254237,0.05508474576271186,0.036016949152542374,0.000423728813559322,0.16652542372881357,0.01440677966101695,0.055508474576271186,0.06737288135593221,0.024152542372881357,0.21652542372881356,0.015677966101694914,0.0,0.12584745762711863,0.0,Солженицын,В круге первом
0.06283280085197018,0.07561235356762513,0.05218317358892439,0.009052183173588925,0.04046858359957402,0.021299254526091587,0.0005324813631522897,0.1554845580404686,0.012779552715654952,0.04472843450479233,0.09584664536741214,0.020766773162939296,0.25505857294994677,0.019169329073482427,0.0,0.134185303514377,0.0,Солженицын,В круге первом
0.10551687198714516,0.0886448848419925,0.042046063202999466,0.018478843063738617,0.04659882163899304,0.024906266738082484,0.0002678093197643278,0.21451526513122657,0.010176754151044456,0.036957686127477234,0.0433851098018211,0.04151044456347081,0.18639528655597215,0.021156936261381896,0.0002678093197643278,0.11810391001606856,0.0010712372790573112,Солженицын,В круге первом
0.07598889659958362,0.08015267175572519,0.05898681471200555,0.015961138098542677,0.04337265787647467,0.027064538514920196,0.0,0.19535045107564192,0.012838306731436502,0.050312283136710614,0.04684247050659265,0.030881332408049966,0.19951422623178347,0.02255378209576683,0.00034698126301179735,0.13983344899375433,0.0,Солженицын,В круге первом
0.05515587529976019,0.07146282973621103,0.055635491606714625,0.011990407673860911,0.050359712230215826,0.022541966426858514,0.0,0.15299760191846523,0.015827338129496403,0.05515587529976019,0.07961630695443644,0.02062350119904077,0.24796163069544364,0.022062350119904078,0.0,0.13860911270983214,0.0,Солженицын,В круге первом
0.05672969966629588,0.09121245828698554,0.067853170189099,0.006674082313681869,0.047830923248053395,0.01668520578420467,0.0016685205784204673,0.17908787541713014,0.024471635150166853,0.04560622914349277,0.04282536151279199,0.016129032258064516,0.25639599555061177,0.010567296996662959,0.0,0.13626251390433816,0.0,Солженицын,Один день Ивана Денисовича
0.0682062298603652,0.07679914070891515,0.06229860365198711,0.010741138560687433,0.059613319011815255,0.024167561761546726,0.0005370569280343716,0.18152524167561762,0.012352309344790547,0.04403866809881848,0.047261009667024706,0.014500537056928034,0.2620837808807734,0.01020408163265306,0.0,0.12567132116004295,0.0,Солженицын,В круге первом
0.06305464736104624,0.08267164876226063,0.05744978981784213,0.014012143858010275,0.06071929005137786,0.032227930873423634,0.003269500233535731,0.18916394208313872,0.007473143390938813,0.03923400280242877,0.06445586174684727,0.017281644091546006,0.20924801494628678,0.016347501167678656,0.0,0.14292386735170481,0.00046707146193367583,Солженицын,Матренин двор
0.0707112970711297,0.07782426778242678,0.06276150627615062,0.010460251046025104,0.040585774058577405,0.02301255230125523,0.0,0.18451882845188283,0.012552301255230125,0.04560669456066946,0.06192468619246862,0.03221757322175732,0.2292887029288703,0.02092050209205021,0.0,0.12761506276150628,0.0,Солженицын,В круге первом
0.06785589366911507,0.08464498076250437,0.06400839454354669,0.00944386149003148,0.04057362714235747,0.01888772298006296,0.0006995452955578874,0.16754109828611402,0.012591815320041973,0.041273172437915354,0.0528156698146205,0.04756908009793634,0.2322490381252186,0.019237495627841904,0.0,0.13990905911157747,0.0006995452955578874,Солженицын,В круге первом
0.04914933837429111,0.07750472589792061,0.06001890359168242,0.014177693761814745,0.05671077504725898,0.026465028355387523,0.0004725897920604915,0.1715500945179584,0.017958412098298678,0.05434782608695652,0.05860113421550094,0.030245746691871456,0.22306238185255198,0.019376181474480152,0.0,0.139413988657845,0.000945179584120983,Солженицын,Один день Ивана Денисовича
0.04666990763247448,0.08070004861448711,0.06611570247933884,0.00583373845405931,0.05396208070004861,0.020904229460379193,0.0004861448711716091,0.18181818181818182,0.01652892561983471,0.05250364608653379,0.047642197374817695,0.02236266407389402,0.23189110354885756,0.019931939718035974,0.0,0.15264948954788526,0.0,Солженицын,Один день Ивана Денисовича
0.06362545018007203,0.06182472989195678,0.05942376950780312,0.0078031212484993995,0.033013205282112844,0.022809123649459785,0.001800720288115246,0.16146458583433373,0.012605042016806723,0.047418967587034816,0.06602641056422569,0.01680672268907563,0.2893157262905162,0.01680672268907563,0.0,0.13925570228091236,0.0,Солженицын,В круге первом
0.05930568948891032,0.06943105110896818,0.05448408871745419,0.008678881388621022,0.04628736740597879,0.021215043394406944,0.0,0.1562198649951784,0.013982642237222759,0.054966248794599805,0.08052073288331726,0.025554484088717456,0.2589199614271938,0.02459016393442623,0.0,0.12584378013500483,0.0,Солженицын,В круге первом
0.05856918238993711,0.09316037735849056,0.054245283018867926,0.00550314465408805,0.05227987421383648,0.02908805031446541,0.00039308176100628933,0.20518867924528303,0.018867924528301886,0.05856918238993711,0.045990566037735846,0.02122641509433962,0.20676100628930819,0.01768867924528302,0.0,0.1324685534591195,0.0,Солженицын,Один день Ивана Денисовича
0.08212180746561885,0.07819253438113949,0.05422396856581532,0.012573673870333988,0.03575638506876228,0.02593320235756385,0.003929273084479371,0.18821218074656187,0.01100196463654224,0.04636542239685658,0.04833005893909627,0.05029469548133595,0.22121807465618862,0.016895874263261296,0.0,0.124950884086444,0.0,Солженицын,В круге первом
0.06317774634606317,0.08250825082508251,0.05469118340405469,0.014144271570014143,0.06082036775106082,0.03253182461103253,0.0033003300330033004,0.19141914191419143,0.007543611504007544,0.039603960396039604,0.06317774634606317,0.016973125884016973,0.21074964639321075,0.0165016501650165,0.0,0.14238566713814238,0.0004714757190004715,Солженицын,Матренин двор
0.055248618784530384,0.06629834254143646,0.06906077348066299,0.012430939226519336,0.034530386740331494,0.024171270718232045,0.0027624309392265192,0.1132596685082873,0.008287292817679558,0.06698895027624309,0.0835635359116022,0.020718232044198894,0.30248618784530384,0.020718232044198894,0.0,0.11878453038674033,0.0006906077348066298,Солженицын,В круге первом
0.08955223880597014,0.08573412009718848,0.06282540784449844,0.017007983339118363,0.04408191600138841,0.021867407150295035,0.0,0.1916001388406803,0.012148559527941687,0.03852828878861506,0.046511627906976744,0.028809441166261714,0.21069073238458869,0.019090593543908366,0.0,0.13155154460256854,0.0,Солженицын,В круге первом
0.08706986444212722,0.08654848800834203,0.061522419186652764,0.010948905109489052,0.04483837330552659,0.022940563086548488,0.0005213764337851929,0.18039624608967675,0.01824817518248175,0.04223149113660062,0.04171011470281543,0.023983315954118872,0.22471324296141815,0.010948905109489052,0.0,0.14337851929092804,0.0,Солженицын,В круге первом
0.04642857142857143,0.07559523809523809,0.07797619047619048,0.007142857142857143,0.055357142857142855,0.017261904761904763,0.002380952380952381,0.18273809523809523,0.017261904761904763,0.05178571428571429,0.04047619047619048,0.03273809523809524,0.23333333333333334,0.017857142857142856,0.0,0.14107142857142857,0.0005952380952380953,Солженицын,Один день Ивана Денисовича
0.07147912243453644,0.0983722576079264,0.06263269639065817,0.017338995046001414,0.05626326963906582,0.02300070771408351,0.00035385704175513094,0.19709837225760793,0.009554140127388535,0.04600141542816702,0.07218683651804671,0.012738853503184714,0.1886058032554848,0.019462137296532202,0.0,0.12491153573956122,0.0,Солженицын,Матренин двор
0.06161695447409733,0.09105180533751962,0.05690737833594976,0.015698587127158554,0.04434850863422292,0.030612244897959183,0.0,0.16326530612244897,0.01216640502354788,0.03924646781789639,0.07417582417582418,0.023547880690737835,0.23116169544740972,0.019623233908948195,0.0,0.13657770800627944,0.0,Солженицын,В круге первом
0.0754111512234256,0.06778981147212194,0.05856397914159647,0.012434817488969114,0.045326915363016446,0.024468511833132773,0.004412354592860008,0.18451664661050943,0.010028078620136383,0.048937023666265546,0.04131568391496189,0.05094263939029282,0.2350581628559968,0.018050541516245487,0.0,0.12274368231046931,0.0,Солженицын,В круге первом
0.04844540853217643,0.07013738250180766,0.07158351409978309,0.0036153289949385392,0.04193781634128706,0.02024584237165582,0.0021691973969631237,0.1547360809833695,0.015184381778741865,0.05639913232104121,0.046999276934201015,0.025307302964569775,0.2885032537960954,0.018076644974692697,0.0,0.13665943600867678,0.0,Солженицын,Один день Ивана Денисовича
0.0951393005334914,0.08802608180201542,0.04682868998221695,0.01778304682868998,0.045050385299347954,0.02222880853586248,0.0002963841138114997,0.1970954356846473,0.01007705986959099,0.04090100770598696,0.04742145820983995,0.044754001185536456,0.1947243627741553,0.021932424422050976,0.0002963841138114997,0.12625963248369887,0.0011855364552459987,Солженицын,В круге первом
0.06316410861865407,0.07201889020070838,0.05844155844155844,0.01475796930342385,0.03955135773317592,0.021841794569067298,0.0005903187721369539,0.16233766233766234,0.0059031877213695395,0.05076741440377804,0.06493506493506493,0.023022432113341203,0.2597402597402597,0.015348288075560802,0.0,0.14757969303423848,0.0,Солженицын,В круге первом
0.05782918149466192,0.08051601423487545,0.06405693950177936,0.012455516014234875,0.05249110320284697,0.022686832740213523,0.0008896797153024911,0.18772241992882563,0.019572953736654804,0.051601423487544484,0.052935943060498224,0.022686832740213523,0.22108540925266904,0.019572953736654804,0.0,0.13345195729537365,0.00044483985765124553,Солженицын,Один день Ивана Денисовича
0.07128169979437972,0.07093899931459904,0.07333790267306374,0.011309115832762166,0.047292666209732694,0.02604523646333105,0.0003427004797806717,0.13947909527073338,0.008567511994516792,0.05140507196710076,0.05894448252227553,0.058259081562714185,0.2278958190541467,0.020904729266620972,0.0,0.13399588759424264,0.0,Солженицын,В круге первом
0.07653296449976948,0.07699400645458737,0.06316274781005071,0.012448132780082987,0.04241585984324574,0.027201475334255418,0.0,0.18626094974642693,0.013831258644536652,0.0437989857076994,0.05486399262332872,0.04149377593360996,0.22637159981558322,0.01475334255417243,0.0,0.119870908252651,0.0,Солженицын,В круге первом
0.075115562403698,0.07126348228043143,0.0662557781201849,0.013482280431432974,0.04969183359013867,0.03312788906009245,0.0003852080123266564,0.14869029275808937,0.013482280431432974,0.053929121725731895,0.06432973805855162,0.040061633281972264,0.2218798151001541,0.01810477657935285,0.0,0.13020030816640987,0.0,Солженицын,В круге первом
0.05707964601769912,0.08672566371681416,0.06283185840707965,0.009734513274336283,0.048230088495575224,0.023008849557522124,0.0008849557522123894,0.19557522123893806,0.019469026548672566,0.049557522123893805,0.047787610619469026,0.022123893805309734,0.2243362831858407,0.017256637168141593,0.0,0.13495575221238937,0.0004424778761061947,Солженицын,Один день Ивана Денисовича
0.05185961236249345,0.06966998428496594,0.0680984808800419,0.009429020429544265,0.03823991618648507,0.02776322682032478,0.001571503404924044,0.14091147197485596,0.007333682556312206,0.04033525405971713,0.08748035620743845,0.020953378732320588,0.2634887375589314,0.020429544264012573,0.0,0.15243583027763227,0.0,Солженицын,В круге первом
0.057806324110671936,0.08448616600790514,0.06818181818181818,0.003458498023715415,0.046442687747035576,0.021739130434782608,0.0014822134387351778,0.16353754940711462,0.0266798418972332,0.0400197628458498,0.04940711462450593,0.02717391304347826,0.2490118577075099,0.016304347826086956,0.0,0.1442687747035573,0.0,Солженицын,Один день Ивана Денисовича
0.06266318537859007,0.08093994778067885,0.05918189730200174,0.019147084421235857,0.04873803307223673,0.02567449956483899,0.0,0.16623150565709313,0.01392515230635335,0.04612706701479547,0.07006092254134029,0.024369016536118365,0.22541340295909487,0.020452567449956483,0.0,0.1370757180156658,0.0,Солженицын,В круге первом
0.054563997960224375,0.0815910249872514,0.06323304436511984,0.004589495155532891,0.049464558898521166,0.022437531871494134,0.0005099439061703213,0.20040795512493625,0.017338092809790925,0.04538500764915859,0.041815400305966345,0.015298317185109638,0.2325344212136665,0.01988781234064253,0.0,0.1509433962264151,0.0,Солженицын,Один день Ивана Денисовича
0.07009609949123799,0.07801017524024872,0.05200678349349915,0.014697569248162803,0.03843979649519502,0.03165630299604296,0.0,0.16506500847936686,0.023176936122102882,0.0423968343697004,0.07348784624081402,0.035613340870548335,0.22498586772187676,0.01921989824759751,0.0,0.13114754098360656,0.0,Солженицын,В круге первом
0.05495134516313681,0.07040641099026904,0.05666857469948483,0.019461934745277618,0.034917000572409845,0.024041213508872353,0.0022896393817973667,0.12364052661705781,0.009730967372638809,0.04235832856325129,0.08528906697195192,0.028620492272467088,0.2919290211791643,0.019461934745277618,0.0,0.13623354321694334,0.0,Солженицын,В круге первом
0.05756358768406961,0.09370816599732262,0.0571173583221776,0.012940651494868362,0.040160642570281124,0.027219991075412762,0.0004462293618920125,0.17938420348058903,0.012940651494868362,0.043284248103525214,0.07987505577867024,0.01963409192324855,0.2217759928603302,0.018295403837572513,0.0,0.1356537260151718,0.0,Солженицын,В круге первом
0.06481481481481481,0.07748538011695906,0.06432748538011696,0.008284600389863547,0.04191033138401559,0.021442495126705652,0.0004873294346978557,0.1652046783625731,0.015107212475633527,0.04239766081871345,0.07407407407407407,0.03557504873294347,0.2334307992202729,0.018518518518518517,0.0,0.13693957115009747,0.0,Солженицын,В круге первом
0.08155339805825243,0.07427184466019418,0.04951456310679612,0.01116504854368932,0.032524271844660196,0.029611650485436892,0.0014563106796116505,0.18640776699029127,0.012135922330097087,0.038834951456310676,0.054854368932038836,0.0470873786407767,0.25145631067961166,0.013592233009708738,0.0,0.11553398058252427,0.0,Солженицын,В круге первом
0.055593685655456415,0.07069320521619767,0.05216197666437886,0.0075497597803706245,0.04735758407687028,0.02196293754289636,0.002745367192862045,0.18119423472889498,0.017844886753603295,0.053534660260809885,0.03706245710363761,0.011667810569663692,0.2765957446808511,0.02196293754289636,0.0,0.14207275223061083,0.0,Солженицын,Один день Ивана Денисовича
0.08931777378815081,0.08123877917414722,0.04308797127468582,0.011220825852782765,0.034560143626570915,0.0296229802513465,0.0,0.19389587073608616,0.012567324955116697,0.03411131059245961,0.05026929982046679,0.04308797127468582,0.23877917414721722,0.01570915619389587,0.0,0.12253141831238779,0.0,Солженицын,В круге первом
0.07830508474576271,0.09016949152542372,0.05322033898305085,0.011186440677966102,0.04508474576271186,0.020338983050847456,0.0,0.1854237288135593,0.017627118644067796,0.04,0.05559322033898305,0.03898305084745763,0.21559322033898304,0.01864406779661017,0.0,0.12983050847457628,0.0,Солженицын,В круге первом
0.06586169045005488,0.07738748627881449,0.070801317233809,0.012074643249176729,0.054884742041712405,0.022502744237102086,0.0010976948408342481,0.16794731064763996,0.010428100987925357,0.057628979143798026,0.047749725576289793,0.017014270032930844,0.25466520307354557,0.012074643249176729,0.0,0.1278814489571899,0.0,Солженицын,В круге первом
0.08908839779005524,0.07734806629834254,0.05973756906077348,0.014502762430939226,0.04419889502762431,0.029005524861878452,0.0003453038674033149,0.19716850828729282,0.012776243093922652,0.04523480662983426,0.05421270718232044,0.0369475138121547,0.1923342541436464,0.020027624309392266,0.0,0.1270718232044199,0.0,Солженицын,В круге первом
0.0818746470920384,0.08865047995482778,0.043478260869565216,0.010728402032749858,0.03274985883681536,0.019762845849802372,0.0016939582156973462,0.17052512704686618,0.01693958215697346,0.03896103896103896,0.06719367588932806,0.02710333145115754,0.2732919254658385,0.011857707509881422,0.0,0.11462450592885376,0.000564652738565782,Солженицын,В круге первом
0.08211143695014662,0.08152492668621701,0.06451612903225806,0.021114369501466276,0.05395894428152493,0.025219941348973606,0.0,0.187683284457478,0.013489736070381233,0.04164222873900293,0.05278592375366569,0.01818181818181818,0.22052785923753665,0.011143695014662757,0.0,0.12609970674486803,0.0,Солженицын,В круге первом
0.04371584699453552,0.08579234972677596,0.047540983606557376,0.006010928961748634,0.04316939890710383,0.018579234972677595,0.000546448087431694,0.18415300546448088,0.018032786885245903,0.054098360655737705,0.06174863387978142,0.019672131147540985,0.260655737704918,0.014207650273224045,0.0,0.14207650273224043,0.0,Солженицын,Один день Ивана Денисовича
0.07481371087928465,0.08554396423248882,0.06110283159463487,0.012518628912071535,0.05007451564828614,0.03219076005961252,0.0,0.19225037257824143,0.017585692995529062,0.04143070044709389,0.061400894187779435,0.03129657228017884,0.17436661698956782,0.022354694485842028,0.00029806259314456036,0.14277198211624442,0.0,Солженицын,В круге первом
0.05752961082910321,0.06711787930062042,0.05640157924421884,0.015792442188381276,0.06260575296108291,0.022560631697687534,0.0022560631697687537,0.1652566271855612,0.009024252679075015,0.04568527918781726,0.08065425831923294,0.01692047377326565,0.2323745064861816,0.015792442188381276,0.0,0.14946418499717992,0.0005640157924421884,Солженицын,Матренин двор
0.10081037277147488,0.08460291734197731,0.03792544570502431,0.014910858995137763,0.04213938411669368,0.024959481361426256,0.0006482982171799027,0.21231766612641814,0.010048622366288493,0.038573743922204216,0.04894651539708266,0.0366288492706645,0.20291734197730957,0.022042139384116692,0.0,0.12155591572123177,0.0009724473257698541,Солженицын,В круге первом
0.0933920704845815,0.086784140969163,0.06255506607929516,0.012334801762114538,0.03832599118942731,0.02555066079295154,0.0004405286343612335,0.19251101321585903,0.010572687224669603,0.04008810572687225,0.04669603524229075,0.04185022026431718,0.20837004405286344,0.011894273127753305,0.0,0.12863436123348018,0.0,Солженицын,В круге первом
0.08289526890416499,0.07480792559644157,0.06672058228871816,0.01253538212697129,0.04205418520016175,0.029923170238576626,0.0004043671653861706,0.17549534977759806,0.008491710473109584,0.05539830165790538,0.0509502628386575,0.02426202992317024,0.23776789324706835,0.02507076425394258,0.0,0.11322280630812778,0.0,Солженицын,В круге первом
0.08,0.07421686746987952,0.04867469879518072,0.010602409638554217,0.034216867469879515,0.030361445783132532,0.0014457831325301205,0.1869879518072289,0.01253012048192771,0.038072289156626506,0.05493975903614458,0.04626506024096386,0.25301204819277107,0.013493975903614458,0.0,0.11518072289156626,0.0,Солженицын,В круге первом
0.08111429741909054,0.07578861122490782,0.06349856616140925,0.012290045063498567,0.04219582138467841,0.029905776321179845,0.00040966816878328555,0.1786153215895125,0.00819336337566571,0.055305202785743544,0.05243752560426055,0.02294141745186399,0.2380172060630889,0.02376075378943056,0.0,0.11552642359688652,0.0,Солженицын,В круге первом
0.05033763044812769,0.06813996316758748,0.06261510128913444,0.007366482504604052,0.04358502148557397,0.024554941682013505,0.0006138735420503376,0.15837937384898712,0.019643953345610803,0.058931860036832415,0.04419889502762431,0.01841620626151013,0.27808471454880296,0.022713321055862493,0.0,0.14241866175567833,0.0,Солженицын,Один день Ивана Денисовича
0.07880521131236098,0.09310454401016842,0.05687956784238958,0.01271051795360661,0.05370193835398793,0.028916428344455035,0.0,0.19415316174134095,0.01938353987925008,0.040673657451541154,0.058150619637750235,0.027645376549094377,0.17286304416904988,0.021607880521131235,0.00031776294884016526,0.14108674928503337,0.0,Солженицын,В круге первом
0.06386066763425254,0.06627963231736816,0.06773101112723755,0.012094823415578132,0.04692791485244315,0.0324141267537494,0.0009675858732462506,0.15191098209966133,0.01451378809869376,0.04692791485244315,0.06434446057087566,0.028543783260764392,0.24334784712143204,0.022254475084663765,0.0,0.1378809869375907,0.0,Солженицын,В круге первом
0.05685920577617329,0.08393501805054152,0.05956678700361011,0.016696750902527077,0.03925992779783394,0.026173285198555957,0.0009025270758122744,0.15027075812274368,0.00947653429602888,0.03700361010830325,0.06949458483754513,0.03835740072202166,0.24232851985559567,0.024368231046931407,0.0,0.14530685920577618,0.0,Солженицын,В круге первом
0.09272964736612974,0.07444492816717457,0.0674793208532869,0.012625163256421419,0.04309969525468002,0.027427078798432737,0.00043535045711797995,0.17152808010448412,0.012189812799303439,0.0413582934262081,0.06356116673922507,0.03308663474096648,0.22028733130169786,0.01697866782760122,0.0,0.12276882890727035,0.0,Солженицын,В круге первом
0.0803347280334728,0.07154811715481171,0.05690376569037657,0.011297071129707114,0.04769874476987448,0.028451882845188285,0.0029288702928870294,0.17364016736401675,0.011715481171548118,0.04895397489539749,0.06610878661087866,0.031799163179916316,0.22259414225941423,0.015481171548117154,0.0,0.1305439330543933,0.0,Солженицын,В круге первом
0.05606060606060606,0.09545454545454546,0.06060606060606061,0.0015151515151515152,0.047979797979797977,0.023737373737373738,0.0015151515151515152,0.18131313131313131,0.02070707070707071,0.04090909090909091,0.045454545454545456,0.01717171717171717,0.25353535353535356,0.015151515151515152,0.0,0.1388888888888889,0.0,Солженицын,Один день Ивана Денисовича
0.05430528375733855,0.09197651663405088,0.06506849315068493,0.004892367906066536,0.048434442270058706,0.026418786692759294,0.0004892367906066536,0.2054794520547945,0.020058708414872797,0.046966731898238745,0.04256360078277886,0.014187866927592954,0.21771037181996086,0.015166340508806261,0.0,0.14628180039138944,0.0,Солженицын,Один день Ивана Денисовича
0.06853725850965961,0.06301747930082796,0.06945722171113156,0.014719411223551058,0.05335786568537258,0.038178472861085555,0.00045998160073597056,0.15961361545538177,0.011499540018399264,0.05565777368905244,0.06899724011039558,0.025758969641214352,0.2281508739650414,0.01701931922723091,0.0,0.12557497700091996,0.0,Солженицын,В круге первом
0.061182519280205655,0.06426735218508997,0.067866323907455,0.009768637532133676,0.04061696658097686,0.028277634961439587,0.0,0.16606683804627248,0.012853470437017995,0.04832904884318766,0.07969151670951156,0.02673521850899743,0.24215938303341902,0.02313624678663239,0.0,0.12904884318766066,0.0,Солженицын,В круге первом
0.057464454976303314,0.06990521327014218,0.06220379146919431,0.014218009478672985,0.037322274881516584,0.021919431279620854,0.0017772511848341231,0.14691943127962084,0.006516587677725118,0.052132701421800945,0.07286729857819906,0.023696682464454975,0.2677725118483412,0.015402843601895734,0.0,0.14988151658767773,0.0,Солженицын,В круге первом
0.06916153481762198,0.07816200852676457,0.0611084793936523,0.012790146849834202,0.04737091425864519,0.030791094268119375,0.0004737091425864519,0.1861676930364756,0.011842728564661297,0.049265750828991,0.06395073424917101,0.02700142112742776,0.22785409758408337,0.01468498342018001,0.0,0.11937470393178588,0.0,Солженицын,В круге первом
0.05178571428571429,0.06666666666666667,0.06964285714285715,0.007142857142857143,0.042261904761904764,0.02738095238095238,0.0011904761904761906,0.15476190476190477,0.018452380952380953,0.05952380952380952,0.04523809523809524,0.017261904761904763,0.2773809523809524,0.024404761904761905,0.0,0.13690476190476192,0.0,Солженицын,Один день Ивана Денисовича
0.06419073819348922,0.08298945437872536,0.058688674919761576,0.013296652911508482,0.051811095827602016,0.033012379642365884,0.0004585052728106373,0.171939477303989,0.014672168729940394,0.03897294818890417,0.07290233837689133,0.0270518110958276,0.20724438331040806,0.01925722145804677,0.0,0.14305364511691884,0.0004585052728106373,Солженицын,Матренин двор
0.08169350029815146,0.07930828861061419,0.05605247465712582,0.010137149672033392,0.0518783542039356,0.02146690518783542,0.0011926058437686344,0.16100178890876565,0.004770423375074538,0.044722719141323794,0.0763267740011926,0.03577817531305903,0.2426952892069171,0.011926058437686345,0.0,0.1210494931425164,0.0,Сологуб,Тяжёлые сны
0.11510387422796182,0.07130825379000562,0.05390230207748456,0.011229646266142616,0.04884896125772038,0.015721504772599662,0.0011229646266142617,0.19258843346434587,0.0,0.022459292532285232,0.06232453677709152,0.015160022459292532,0.2206625491297024,0.018528916339135316,0.0,0.1510387422796182,0.0,Сологуб,Тяжёлые сны
0.07178014766201805,0.08654634946677604,0.062346185397867106,0.018457752255947497,0.05127153404429861,0.022969647251845776,0.0012305168170631665,0.1792452830188679,0.011484823625922888,0.03732567678424938,0.0734208367514356,0.036505332239540604,0.19647251845775227,0.016817063166529943,0.0,0.13371616078753076,0.00041017227235438887,Сологуб,Тяжёлые сны
0.07318224740321058,0.059017941454202076,0.05476864966949953,0.006137865911237016,0.05854579792256846,0.027384324834749764,0.0009442870632672333,0.1421152030217186,0.005193578847969783,0.036827195467422094,0.07412653446647781,0.043909348441926344,0.24929178470254956,0.0113314447592068,0.00047214353163361664,0.14825306893295562,0.0084985835694051,Сологуб,Мелкий бес
0.05115089514066496,0.0680306905370844,0.06547314578005115,0.011764705882352941,0.04245524296675192,0.015345268542199489,0.0010230179028132991,0.1442455242966752,0.011253196930946292,0.030690537084398978,0.07723785166240409,0.05166240409207161,0.24910485933503837,0.015856777493606138,0.0,0.16470588235294117,0.0,Сологуб,Мелкий бес
0.06418716256748651,0.059988002399520096,0.0623875224955009,0.01199760047990402,0.04079184163167367,0.02579484103179364,0.001799640071985603,0.15056988602279545,0.002999400119976005,0.05398920215956809,0.07618476304739052,0.029994001199760048,0.2633473305338932,0.013197360527894421,0.0,0.14217156568686262,0.0005998800239952009,Сологуб,Тяжёлые сны
0.0755336617405583,0.06841817186644773,0.06403940886699508,0.010399562123700055,0.05309250136836344,0.01751505199781062,0.0016420361247947454,0.1685823754789272,0.002736726874657909,0.03667214012041598,0.06458675424192666,0.037219485495347565,0.23590585659551178,0.016420361247947456,0.0,0.14723590585659552,0.0,Сологуб,Тяжёлые сны
0.10099947396107312,0.06733298264071541,0.06365071015255129,0.006838506049447659,0.061546554445028934,0.022093634928984744,0.0,0.18306154655444504,0.0026301946344029457,0.03682272488164124,0.048921620199894794,0.0241977906365071,0.22567069963177275,0.01262493424513414,0.0,0.14360862703840085,0.0,Сологуб,Тяжёлые сны
0.04860759493670886,0.06683544303797469,0.05924050632911392,0.007594936708860759,0.04,0.016708860759493672,0.0005063291139240507,0.1270886075949367,0.0035443037974683543,0.04050632911392405,0.08708860759493671,0.043544303797468355,0.2627848101265823,0.01620253164556962,0.0,0.17873417721518986,0.0010126582278481013,Сологуб,Мелкий бес
0.04673366834170854,0.06984924623115578,0.06331658291457286,0.007035175879396985,0.043718592964824124,0.017587939698492462,0.0,0.1457286432160804,0.004020100502512563,0.05226130653266332,0.0763819095477387,0.04221105527638191,0.2457286432160804,0.019095477386934675,0.0,0.16482412060301507,0.001507537688442211,Сологуб,Мелкий бес
0.06968433591423466,0.058368076235854674,0.06372840976771887,0.011911852293031567,0.04169148302561048,0.02561048243001787,0.001786777843954735,0.1506849315068493,0.00357355568790947,0.04586063132817153,0.06670637284097677,0.03513996426444312,0.26384752829064917,0.012507444907683145,0.0,0.148302561048243,0.0005955926146515784,Сологуб,Тяжёлые сны
0.07398273736128237,0.06288532675709001,0.056103575832305796,0.009864364981504316,0.04192355117139334,0.028976572133168926,0.0018495684340320592,0.1405672009864365,0.002466091245376079,0.051171393341553635,0.07644882860665844,0.035758323057953144,0.26202219482120837,0.016646115906288533,0.0,0.13933415536374846,0.0,Сологуб,Тяжёлые сны
0.060019361084220714,0.05614714424007745,0.07066795740561471,0.012100677637947725,0.044530493707647625,0.016940948693126814,0.000484027105517909,0.09825750242013553,0.004356243949661181,0.05808325266214908,0.0909970958373669,0.04888673765730881,0.2696030977734753,0.01984511132623427,0.0,0.14908034849951599,0.0,Сологуб,Мелкий бес
0.040382571732199786,0.07332624867162593,0.052603613177470775,0.007438894792773645,0.04516471838469713,0.01647183846971307,0.0005313496280552603,0.15781083953241232,0.007970244420828906,0.024442082890541977,0.07810839532412327,0.04782146652497343,0.25292242295430395,0.01487778958554729,0.0,0.18012752391073325,0.0,Сологуб,Мелкий бес
0.06259780907668232,0.050078247261345854,0.06155451225873761,0.009389671361502348,0.047991653625456446,0.023474178403755867,0.0026082420448617634,0.13928012519561817,0.001564945226917058,0.04434011476264997,0.07511737089201878,0.04225352112676056,0.27595200834637457,0.011997913406364111,0.0,0.1507563901930099,0.0010432968179447052,Сологуб,Мелкий бес
0.058091286307053944,0.056708160442600276,0.059474412171507604,0.007607192254495159,0.03734439834024896,0.02351313969571231,0.0,0.15145228215767634,0.006915629322268326,0.03734439834024896,0.058782849239280774,0.056708160442600276,0.2627939142461964,0.013831258644536652,0.0,0.16874135546334718,0.0006915629322268327,Сологуб,Тяжёлые сны
0.05074090704984284,0.06780422092501123,0.081275258194881,0.009878760664571173,0.038616973506960035,0.01796138302649304,0.000449034575662326,0.11854512797485406,0.007633587786259542,0.05029187247418051,0.0776829815895824,0.048495734171531205,0.2568477772788505,0.017512348450830714,0.0,0.15581499775482713,0.000449034575662326,Сологуб,Мелкий бес
0.036626916524701875,0.06132879045996593,0.061754684838160136,0.0068143100511073255,0.03833049403747871,0.01575809199318569,0.00042589437819420784,0.1141396933560477,0.004684838160136286,0.04770017035775128,0.09497444633730835,0.06090289608177172,0.26490630323679726,0.0217206132879046,0.0,0.1682282793867121,0.0017035775127768314,Сологуб,Мелкий бес
0.08991228070175439,0.07675438596491228,0.05701754385964912,0.008223684210526315,0.05646929824561404,0.0268640350877193,0.0005482456140350877,0.1875,0.00712719298245614,0.04057017543859649,0.07236842105263158,0.010416666666666666,0.22203947368421054,0.012609649122807017,0.0,0.13157894736842105,0.0,Сологуб,Тяжёлые сны
0.0978315683308119,0.06656580937972768,0.06606152294503277,0.0070600100857286935,0.06404437720625315,0.02319717599596571,0.0010085728693898135,0.17700453857791226,0.0025214321734745334,0.026727181038830056,0.052445789208270296,0.023701462430660614,0.22440746343923348,0.01059001512859304,0.0,0.156833081190116,0.0,Сологуб,Тяжёлые сны
0.04010416666666667,0.07447916666666667,0.0484375,0.0078125,0.046875,0.0140625,0.0005208333333333333,0.16145833333333334,0.00625,0.024479166666666666,0.0796875,0.04791666666666667,0.2552083333333333,0.009375,0.0,0.18333333333333332,0.0,Сологуб,Мелкий бес
0.07174887892376682,0.05941704035874439,0.052130044843049325,0.011210762331838564,0.04820627802690583,0.02298206278026906,0.0016816143497757848,0.14181614349775784,0.002802690582959641,0.062219730941704035,0.09977578475336323,0.02522421524663677,0.2399103139013453,0.017376681614349777,0.0,0.1429372197309417,0.0005605381165919282,Сологуб,Тяжёлые сны
0.07335243553008595,0.06303724928366762,0.06934097421203439,0.009742120343839542,0.04355300859598854,0.024068767908309457,0.0017191977077363897,0.17363896848137536,0.005157593123209169,0.03151862464183381,0.05959885386819484,0.03610315186246418,0.26246418338108884,0.0166189111747851,0.0,0.13008595988538682,0.0,Сологуб,Тяжёлые сны
0.06631299734748011,0.07427055702917772,0.057294429708222815,0.008488063660477453,0.0376657824933687,0.01909814323607427,0.0,0.16976127320954906,0.002122015915119363,0.03183023872679045,0.0779840848806366,0.02440318302387268,0.2482758620689655,0.008488063660477453,0.0,0.1724137931034483,0.0015915119363395225,Сологуб,Мелкий бес
0.09017941454202077,0.06515580736543909,0.054296506137865914,0.007082152974504249,0.03446647780925401,0.018885741265344664,0.00141643059490085,0.18271954674220964,0.0018885741265344666,0.04296506137865911,0.06987724268177525,0.04107648725212465,0.26392823418319167,0.012747875354107648,0.0,0.11331444759206799,0.0,Сологуб,Тяжёлые сны
0.05588235294117647,0.058823529411764705,0.07058823529411765,0.01,0.04411764705882353,0.027058823529411764,0.0,0.12529411764705883,0.0035294117647058825,0.04470588235294118,0.07882352941176471,0.045294117647058825,0.28,0.018235294117647058,0.0,0.1376470588235294,0.0,Сологуб,Тяжёлые сны
0.08811475409836066,0.08452868852459017,0.05942622950819672,0.009221311475409836,0.05122950819672131,0.024077868852459015,0.0,0.1915983606557377,0.00665983606557377,0.03944672131147541,0.0630122950819672,0.016905737704918034,0.21413934426229508,0.013831967213114754,0.0,0.13780737704918034,0.0,Сологуб,Тяжёлые сны
0.053551912568306013,0.06994535519125683,0.06502732240437159,0.010382513661202186,0.03989071038251366,0.022950819672131147,0.0,0.13333333333333333,0.007103825136612022,0.03715846994535519,0.07814207650273224,0.05081967213114754,0.2366120218579235,0.022950819672131147,0.0,0.16994535519125684,0.002185792349726776,Сологуб,Мелкий бес
0.04368421052631579,0.05789473684210526,0.08,0.008947368421052631,0.0431578947368421,0.02157894736842105,0.0015789473684210526,0.15263157894736842,0.0036842105263157894,0.05631578947368421,0.06947368421052631,0.04842105263157895,0.25157894736842107,0.011578947368421053,0.0,0.14947368421052631,0.0,Сологуб,Тяжёлые сны
0.043003412969283276,0.05733788395904437,0.05324232081911263,0.012286689419795221,0.03617747440273038,0.011604095563139932,0.0027303754266211604,0.15699658703071673,0.0034129692832764505,0.05665529010238908,0.06621160409556313,0.04505119453924915,0.30853242320819113,0.008191126279863481,0.0,0.1385665529010239,0.0,Сологуб,Тяжёлые сны
0.07574094401756312,0.059275521405049394,0.05653128430296377,0.012074643249176729,0.03512623490669594,0.023600439077936335,0.0010976948408342481,0.14818880351262348,0.0043907793633369925,0.04720087815587267,0.08068057080131723,0.03677277716794731,0.2678375411635565,0.017014270032930844,0.0,0.1344676180021954,0.0,Сологуб,Тяжёлые сны
0.06315789473684211,0.07719298245614035,0.06184210526315789,0.014035087719298246,0.04473684210526316,0.02017543859649123,0.0008771929824561404,0.17543859649122806,0.006578947368421052,0.04692982456140351,0.06973684210526315,0.03859649122807018,0.22587719298245615,0.017105263157894738,0.0,0.13728070175438598,0.0004385964912280702,Сологуб,Тяжёлые сны
0.06676136363636363,0.07339015151515152,0.0634469696969697,0.008996212121212122,0.05397727272727273,0.025094696969696968,0.0,0.16240530303030304,0.0023674242424242425,0.04214015151515151,0.06581439393939394,0.029356060606060608,0.21543560606060605,0.023200757575757576,0.0,0.16571969696969696,0.001893939393939394,Сологуб,Мелкий бес
0.06150341685649203,0.07061503416856492,0.06924829157175398,0.006378132118451025,0.03963553530751709,0.025968109339407745,0.001366742596810934,0.13394077448747152,0.005466970387243736,0.06059225512528474,0.08018223234624146,0.04236902050113895,0.23644646924829157,0.0255125284738041,0.0,0.14077448747152618,0.0,Сологуб,Тяжёлые сны
0.0713091922005571,0.0713091922005571,0.05626740947075209,0.00947075208913649,0.0467966573816156,0.025069637883008356,0.001671309192200557,0.1637883008356546,0.0038997214484679664,0.046239554317548746,0.0690807799442897,0.03565459610027855,0.2518105849582173,0.012813370473537604,0.0,0.13481894150417828,0.0,Сологуб,Тяжёлые сны
0.06219673577415086,0.07543008381120424,0.06307895897662108,0.013233348037053375,0.043670048522276135,0.020732245258050286,0.0022055580061755625,0.17247463608292898,0.0061755624172915745,0.04764005293339215,0.07013674459638289,0.03925893250992501,0.23026025584472873,0.016762240846934274,0.0,0.13630348478164975,0.0004411116012351125,Сологуб,Тяжёлые сны
0.06740947075208914,0.07409470752089137,0.06796657381615599,0.006128133704735376,0.0467966573816156,0.028969359331476322,0.0,0.15041782729805014,0.0038997214484679664,0.024512534818941504,0.0807799442896936,0.03955431754874652,0.23676880222841226,0.013927576601671309,0.0,0.15877437325905291,0.0,Сологуб,Тяжёлые сны
0.06387434554973823,0.06701570680628273,0.0612565445026178,0.005759162303664921,0.041361256544502616,0.026701570680628273,0.0015706806282722514,0.15706806282722513,0.004712041884816754,0.05340314136125655,0.07172774869109948,0.032984293193717276,0.2717277486910995,0.015183246073298429,0.0,0.1256544502617801,0.0,Сологуб,Тяжёлые сны
0.08641975308641975,0.0698005698005698,0.06552706552706553,0.007597340930674264,0.04368471035137702,0.02564102564102564,0.0004748338081671415,0.1752136752136752,0.002849002849002849,0.03276353276353276,0.06172839506172839,0.022792022792022793,0.23979107312440645,0.018518518518518517,0.0,0.14719848053181386,0.0,Сологуб,Тяжёлые сны
0.05977632086386425,0.07404550713459314,0.06941766293868107,0.007327419976860779,0.045892788276128034,0.02545314307751639,0.0003856536829926726,0.1403779406093328,0.00887003470883147,0.03586579251831855,0.08214423447743927,0.04203625144620131,0.22715001928268416,0.023139220979560355,0.0,0.1561897416120324,0.0019282684149633628,Сологуб,Мелкий бес
0.04992511233150274,0.06040938592111832,0.06640039940089865,0.006989515726410384,0.044932601098352475,0.0199700449326011,0.0004992511233150275,0.11382925611582626,0.00998502246630055,0.06490264603095357,0.06889665501747379,0.056415376934598103,0.2581128307538692,0.017473789316025962,0.0,0.16125811283075386,0.0,Сологуб,Мелкий бес
0.03908484270734033,0.06339370829361296,0.06625357483317446,0.008102955195424213,0.04528122020972355,0.01572926596758818,0.0,0.12392755004766444,0.0038131553860819827,0.0548141086749285,0.09580552907530981,0.04051477597712107,0.24880838894184937,0.02478551000953289,0.0,0.167302192564347,0.0023832221163012394,Сологуб,Мелкий бес
0.06132792701469843,0.06893056259503294,0.06436898124683224,0.005575266092245312,0.041054232133806386,0.020780537252914344,0.0005068423720223011,0.1439432336543335,0.008616320324379118,0.04257475924987329,0.06842372022301065,0.055752660922453116,0.23314749113025848,0.019766852508869743,0.0,0.16523061327927013,0.0,Сологуб,Мелкий бес
0.08171428571428571,0.07371428571428572,0.054285714285714284,0.015428571428571429,0.046285714285714284,0.025142857142857144,0.0005714285714285715,0.15942857142857142,0.008,0.04285714285714286,0.07885714285714286,0.03257142857142857,0.23657142857142857,0.019428571428571427,0.0,0.12514285714285714,0.0,Сологуб,Тяжёлые сны
0.05885619100499723,0.053303720155469185,0.07773459189339256,0.007218212104386452,0.04719600222098834,0.020544142143253747,0.000555247084952804,0.10938367573570239,0.00555247084952804,0.03997779011660189,0.08051082731815658,0.04608550805108273,0.2692948362021099,0.01110494169905608,0.0,0.1682398667406996,0.004441976679622432,Сологуб,Мелкий бес
0.07314856883234894,0.06088141753748296,0.05679236710586097,0.006360745115856429,0.05679236710586097,0.025442980463425715,0.0009086778736937755,0.14402544298046344,0.004543389368468878,0.029532030895047707,0.06860517946388005,0.04770558836892322,0.2517037710131758,0.009995456610631531,0.00045433893684688776,0.15492957746478872,0.00817810086324398,Сологуб,Мелкий бес
0.05473453749315818,0.05199781061850027,0.05473453749315818,0.006568144499178982,0.03503010399562124,0.030103995621237,0.002736726874657909,0.13519430760810072,0.0016420361247947454,0.04980842911877394,0.07772304324028462,0.031198686371100164,0.3070607553366174,0.013136288998357963,0.0,0.14833059660645867,0.0,Сологуб,Тяжёлые сны
0.05879470847623714,0.06761391474767271,0.061734443900048994,0.0102890739833415,0.03870651641352278,0.018618324350808426,0.002939735423811857,0.15580597746202843,0.004409603135717786,0.05193532582067614,0.07153356197942186,0.04409603135717785,0.25575698187163154,0.01567858892699657,0.0,0.14208721215090642,0.0,Сологуб,Тяжёлые сны
0.05694518360830229,0.0745077168706759,0.06067056945183608,0.009047365620010643,0.0494944119212347,0.018094731240021287,0.0015965939329430547,0.14741883980840872,0.0037253858435337944,0.036721660457690264,0.08621607237892497,0.043640234167110166,0.24108568387440127,0.013304949441192123,0.0,0.15753060138371475,0.0,Сологуб,Тяжёлые сны
0.07099035933391762,0.07099035933391762,0.061787905346187555,0.011831726555652936,0.04119193689745837,0.015337423312883436,0.00043821209465381246,0.1406660823838738,0.0026292725679228747,0.05346187554776512,0.08588957055214724,0.029798422436459245,0.2607361963190184,0.021034180543382998,0.0,0.13277826468010517,0.00043821209465381246,Сологуб,Мелкий бес
0.07695810564663023,0.06693989071038252,0.07012750455373407,0.009107468123861567,0.04371584699453552,0.02686703096539162,0.0004553734061930783,0.15209471766848817,0.0009107468123861566,0.03642987249544627,0.07240437158469945,0.037340619307832425,0.24908925318761385,0.016848816029143898,0.0,0.1407103825136612,0.0,Сологуб,Тяжёлые сны
0.06107249255213505,0.07646474677259185,0.0605759682224429,0.007944389275074478,0.04816285998013903,0.024826216484607744,0.0,0.16484607745779542,0.0024826216484607746,0.04369414101290963,0.07547169811320754,0.03326713008937438,0.21449851042701093,0.021847070506454815,0.0,0.1628599801390268,0.0019860973187686196,Сологуб,Мелкий бес
0.04719101123595506,0.07101123595505618,0.0602247191011236,0.007640449438202248,0.04,0.019325842696629212,0.00044943820224719103,0.1253932584269663,0.005842696629213483,0.04764044943820225,0.08674157303370786,0.05662921348314607,0.2503370786516854,0.020674157303370785,0.0,0.16089887640449438,0.0,Сологуб,Мелкий бес
0.08249581239530988,0.07077051926298157,0.06993299832495813,0.007956448911222781,0.04522613065326633,0.025963149078726967,0.0,0.1440536013400335,0.0037688442211055275,0.04103852596314908,0.07705192629815745,0.03768844221105527,0.23115577889447236,0.026381909547738693,0.0,0.13651591289782244,0.0,Сологуб,Тяжёлые сны
0.07962657880285558,0.0642504118616145,0.054914881933003847,0.011532125205930808,0.05216913783635365,0.027457440966501923,0.0,0.15321252059308071,0.002196595277320154,0.029104887424492038,0.08511806699615596,0.03185063152114223,0.2311916529379462,0.02086765513454146,0.0,0.15650741350906094,0.0,Сологуб,Тяжёлые сны
0.06560207164436772,0.07984462667242123,0.06258092360811394,0.015537332757876565,0.044454035390591284,0.01985325852395339,0.001294777729823047,0.1683211048769961,0.008200258955545965,0.04790677600345274,0.07164436771687527,0.03884333189469141,0.22270176952956408,0.01683211048769961,0.0,0.13595166163141995,0.00043159257660768235,Сологуб,Тяжёлые сны
0.04866008462623413,0.05218617771509168,0.05923836389280677,0.00846262341325811,0.03244005641748942,0.021156558533145273,0.0007052186177715092,0.1368124118476728,0.006346967559943582,0.0380818053596615,0.06488011283497884,0.05923836389280677,0.28843441466854725,0.011283497884344146,0.0,0.17136812411847674,0.0007052186177715092,Сологуб,Тяжёлые сны
0.055676855895196505,0.043668122270742356,0.08133187772925764,0.009825327510917031,0.05076419213973799,0.015283842794759825,0.0016375545851528383,0.09770742358078603,0.0049126637554585155,0.04475982532751092,0.07259825327510917,0.0453056768558952,0.2925764192139738,0.015283842794759825,0.0,0.16648471615720525,0.002183406113537118,Сологуб,Мелкий бес
0.04285714285714286,0.07835497835497836,0.051515151515151514,0.007792207792207792,0.03636363636363636,0.025108225108225107,0.0004329004329004329,0.14112554112554113,0.005627705627705628,0.0380952380952381,0.10173160173160173,0.05281385281385281,0.22943722943722944,0.022510822510822513,0.0,0.16536796536796536,0.0008658008658008658,Сологуб,Мелкий бес
0.05945668887749872,0.0743208610968734,0.06099436186570989,0.007175807278318811,0.03997949769349052,0.021014864172219375,0.0,0.13685289595079447,0.010251153254741158,0.037929267042542285,0.08457201435161456,0.0451050743208611,0.23577652485904665,0.017939518195797026,0.0,0.16760635571501795,0.0010251153254741158,Сологуб,Мелкий бес
0.04949587534372136,0.06370302474793767,0.06461961503208066,0.009624197983501375,0.04674610449129239,0.022456461961503207,0.0,0.1544454628780935,0.008707607699358386,0.04124656278643447,0.07424381301558204,0.04124656278643447,0.23968835930339139,0.01924839596700275,0.0,0.16452795600366635,0.0,Сологуб,Мелкий бес
0.06051282051282051,0.05692307692307692,0.059487179487179485,0.007692307692307693,0.047692307692307694,0.014358974358974359,0.0005128205128205128,0.15333333333333332,0.0056410256410256415,0.04051282051282051,0.0758974358974359,0.03230769230769231,0.27282051282051284,0.019487179487179488,0.0,0.15282051282051282,0.0,Сологуб,Тяжёлые сны
0.04946524064171123,0.07219251336898395,0.06149732620320856,0.008021390374331552,0.049019607843137254,0.01871657754010695,0.001336898395721925,0.1270053475935829,0.007575757575757576,0.05525846702317291,0.08645276292335116,0.04768270944741533,0.23618538324420676,0.018270944741532978,0.0,0.1573083778966132,0.004010695187165776,Сологуб,Мелкий бес
0.055237102657634186,0.07920792079207921,0.05263157894736842,0.014069828035435123,0.04689942678478374,0.021886399166232414,0.0005211047420531526,0.16258467952058364,0.0036477331943720686,0.033871808233454925,0.08441896821261073,0.03543512245961438,0.2245961438249088,0.01615424700364773,0.0,0.16831683168316833,0.0005211047420531526,Сологуб,Тяжёлые сны
0.04768270944741533,0.07397504456327986,0.062388591800356503,0.011140819964349376,0.04946524064171123,0.021836007130124777,0.00089126559714795,0.14393939393939395,0.013368983957219251,0.05080213903743316,0.06907308377896614,0.04411764705882353,0.2375222816399287,0.016042780748663103,0.0,0.15775401069518716,0.0,Сологуб,Мелкий бес
0.04866008462623413,0.05218617771509168,0.05923836389280677,0.00846262341325811,0.03244005641748942,0.021156558533145273,0.0007052186177715092,0.1368124118476728,0.006346967559943582,0.0380818053596615,0.06488011283497884,0.05923836389280677,0.28843441466854725,0.011283497884344146,0.0,0.17136812411847674,0.0007052186177715092,Сологуб,Тяжёлые сны
0.051492100643651256,0.0684610883557636,0.056173200702165006,0.0052662375658279695,0.03686366296079579,0.011702750146284377,0.0017554125219426564,0.13867758923346987,0.003510825043885313,0.04798127559976594,0.07548273844353423,0.05441778818022235,0.2592159157401989,0.01579871269748391,0.0,0.17320070216500877,0.0,Сологуб,Тяжёлые сны
0.05573770491803279,0.07049180327868852,0.06284153005464481,0.010382513661202186,0.03989071038251366,0.02185792349726776,0.0,0.13825136612021857,0.007103825136612022,0.03551912568306011,0.07540983606557378,0.053005464480874315,0.2366120218579235,0.022404371584699455,0.0,0.16830601092896175,0.002185792349726776,Сологуб,Мелкий бес
0.03463018383924754,0.061137238135955535,0.06241983753740915,0.005130397605814451,0.03976058144506199,0.01410859341598974,0.00042753313381787086,0.11201368106028217,0.008123129542539546,0.055151774262505344,0.1013253527148354,0.049166310389055154,0.27105600684053016,0.022659256092347157,0.0,0.1628901239846088,0.0,Сологуб,Мелкий бес
0.04792176039119805,0.06699266503667482,0.06259168704156479,0.0053789731051344745,0.04743276283618582,0.015647921760391197,0.0009779951100244498,0.1139364303178484,0.003911980440097799,0.05574572127139364,0.09877750611246944,0.0469437652811736,0.25134474327628364,0.018092909535452322,0.0,0.16430317848410758,0.0,Сологуб,Мелкий бес
0.06890130353817504,0.05462445685909373,0.061452513966480445,0.01303538175046555,0.03476101800124146,0.027312228429546864,0.00186219739292365,0.14835505896958412,0.0037243947858473,0.04717566728739913,0.07014276846679081,0.03476101800124146,0.27001862197392923,0.015518311607697082,0.0,0.14773432650527624,0.0006207324643078833,Сологуб,Тяжёлые сны
0.06888888888888889,0.06488888888888888,0.068,0.009333333333333334,0.04088888888888889,0.029777777777777778,0.0,0.12711111111111112,0.0044444444444444444,0.04533333333333334,0.08266666666666667,0.04888888888888889,0.232,0.025333333333333333,0.0,0.15066666666666667,0.0017777777777777779,Сологуб,Мелкий бес
0.058765915768854066,0.07345739471106758,0.056317335945151814,0.0068560235063663075,0.03868756121449559,0.022526934378060724,0.0,0.14348677766895201,0.009794319294809012,0.042605288932419196,0.08570029382957885,0.047992164544564155,0.23212536728697356,0.01909892262487757,0.0,0.1616062683643487,0.0009794319294809011,Сологуб,Мелкий бес
0.08350409836065574,0.06864754098360656,0.05635245901639344,0.010758196721311475,0.05635245901639344,0.016905737704918034,0.0,0.17725409836065573,0.0030737704918032786,0.03483606557377049,0.06915983606557377,0.030737704918032786,0.22438524590163936,0.019979508196721313,0.0,0.14805327868852458,0.0,Сологуб,Тяжёлые сны
0.08341232227488152,0.07725118483412323,0.05971563981042654,0.013744075829383886,0.05118483412322275,0.02085308056872038,0.0,0.16255924170616115,0.0037914691943127963,0.031279620853080566,0.06682464454976303,0.024644549763033177,0.21990521327014217,0.027014218009478674,0.0,0.15781990521327013,0.0,Сологуб,Тяжёлые сны
0.07783783783783783,0.06918918918918919,0.07081081081081081,0.007027027027027027,0.044864864864864865,0.025405405405405406,0.0,0.14486486486486486,0.004324324324324324,0.05297297297297297,0.0745945945945946,0.032972972972972976,0.24702702702702703,0.016216216216216217,0.0,0.1318918918918919,0.0,Сологуб,Тяжёлые сны
0.053700361010830325,0.07581227436823104,0.05189530685920578,0.0058664259927797835,0.04918772563176895,0.021209386281588447,0.0004512635379061372,0.148014440433213,0.004963898916967509,0.026173285198555957,0.0861913357400722,0.0388086642599278,0.24413357400722022,0.017148014440433214,0.0,0.17328519855595667,0.00315884476534296,Сологуб,Мелкий бес
0.09473684210526316,0.07218045112781955,0.06666666666666667,0.008521303258145364,0.05914786967418546,0.01804511278195489,0.0,0.17343358395989975,0.0040100250626566416,0.02706766917293233,0.04711779448621554,0.021052631578947368,0.21553884711779447,0.02055137844611529,0.0,0.17192982456140352,0.0,Сологуб,Тяжёлые сны
0.07117255504352278,0.0855094726062468,0.04864311315924219,0.006144393241167435,0.04864311315924219,0.025089605734767026,0.0005120327700972862,0.1746031746031746,0.00819252432155658,0.04352278545826933,0.08141321044546851,0.025089605734767026,0.2268305171530978,0.014848950332821301,0.0,0.13927291346646187,0.0005120327700972862,Сологуб,Тяжёлые сны
0.041666666666666664,0.07613168724279835,0.04835390946502058,0.00874485596707819,0.04526748971193416,0.014917695473251029,0.00051440329218107,0.15946502057613168,0.00565843621399177,0.02417695473251029,0.08024691358024691,0.04938271604938271,0.2525720164609053,0.01131687242798354,0.0,0.1815843621399177,0.0,Сологуб,Мелкий бес
0.06266318537859007,0.06684073107049608,0.05691906005221932,0.014099216710182768,0.045953002610966055,0.027676240208877285,0.0005221932114882506,0.1587467362924282,0.001566579634464752,0.04647519582245431,0.08877284595300261,0.03080939947780679,0.23289817232375978,0.02349869451697128,0.0,0.14255874673629243,0.0,Сологуб,Тяжёлые сны
0.09155597722960152,0.06878557874762808,0.058349146110056926,0.006166982922201139,0.04506641366223909,0.029411764705882353,0.0018975332068311196,0.1650853889943074,0.007590132827324478,0.03937381404174573,0.07115749525616698,0.036053130929791274,0.23387096774193547,0.013757115749525617,0.0,0.1318785578747628,0.0,Сологуб,Тяжёлые сны
0.06580565805658056,0.06211562115621156,0.05289052890528905,0.012300123001230012,0.04120541205412054,0.028290282902829027,0.0006150061500615006,0.14329643296432965,0.003075030750307503,0.04981549815498155,0.08487084870848709,0.037515375153751536,0.25830258302583026,0.015990159901599015,0.0,0.14391143911439114,0.0,Сологуб,Тяжёлые сны
0.05493998153277932,0.0752539242843952,0.0641735918744229,0.007386888273314866,0.05124653739612189,0.024469067405355493,0.0,0.14127423822714683,0.004155124653739612,0.036011080332409975,0.07571560480147738,0.04016620498614958,0.23730378578024008,0.0110803324099723,0.0,0.1731301939058172,0.003693444136657433,Сологуб,Мелкий бес
0.06231454005934718,0.051434223541048464,0.05885262116716122,0.004945598417408506,0.04648862512363996,0.02126607319485658,0.0019782393669634025,0.1083086053412463,0.002967359050445104,0.04302670623145401,0.06973293768545995,0.057368941641938676,0.28486646884273,0.012858555885262116,0.0,0.16864490603363008,0.004945598417408506,Сологуб,Мелкий бес
0.088688263409453,0.07647371216144451,0.06691449814126393,0.010621348911311737,0.04514073287307488,0.03027084439723845,0.0,0.1609134360063728,0.004779607010090282,0.03717472118959108,0.08284652150823155,0.022304832713754646,0.20764737121614446,0.015932023366967606,0.0,0.15029208709506106,0.0,Сологуб,Тяжёлые сны
0.058337161231051905,0.07257694074414332,0.0624712907671107,0.010564997703261369,0.04777216352779054,0.021589343132751494,0.0013780431786862655,0.14331649058337162,0.0133210840606339,0.050068902158934316,0.07349563619660082,0.04363803399173174,0.24666972898484152,0.011483693155718878,0.0,0.14331649058337162,0.0,Сологуб,Мелкий бес
0.06859009254218836,0.06369080021774633,0.06641262928688078,0.010342950462710943,0.04735982580293958,0.021774632553075667,0.001633097441480675,0.1752857920522591,0.004354926510615134,0.030484485574305935,0.06423516603157321,0.037016875340228635,0.261295590636908,0.015786608600979857,0.0,0.1317365269461078,0.0,Сологуб,Тяжёлые сны
0.07268993839835729,0.060369609856262836,0.06201232032854209,0.00862422997946612,0.05420944558521561,0.016016427104722793,0.0016427104722792608,0.13921971252566734,0.0078028747433264885,0.03490759753593429,0.07802874743326489,0.03983572895277208,0.24804928131416837,0.02381930184804928,0.0,0.15236139630390144,0.0004106776180698152,Сологуб,Мелкий бес
0.052912405513561585,0.0755891507336594,0.059582036460649176,0.006669630947087594,0.04979991107158737,0.02267674522009782,0.0,0.141396176078257,0.0035571365051133837,0.030680302356602934,0.08492663405958203,0.041796353935082256,0.2401067140951534,0.01511783014673188,0.0,0.17207647843485993,0.0031124944419742106,Сологуб,Мелкий бес
0.06465313827277018,0.07173194903256253,0.06276545540349221,0.009438414346389807,0.05427088249174139,0.025483718735252476,0.0,0.1609249646059462,0.002831524303916942,0.04341670599339311,0.06701274185936762,0.0292590844738084,0.21708352996696556,0.023124115148655026,0.0,0.1661160924964606,0.0018876828692779614,Сологуб,Мелкий бес
0.04950495049504951,0.06982803543512246,0.06565919749869724,0.005211047420531527,0.04116727462219906,0.017196456487754037,0.0,0.14799374674309537,0.0026055237102657635,0.0484627410109432,0.07295466388744137,0.04064616988014591,0.25065138092756645,0.018238665971860343,0.0,0.16571130797290257,0.004168837936425221,Сологуб,Мелкий бес
0.049377018920166126,0.07152745731425934,0.06829718504845408,0.007383479464697739,0.05168435625288417,0.022150438394093218,0.0,0.1319796954314721,0.0046146746654360865,0.03645592985694508,0.08029533917858792,0.04060913705583756,0.24688509460083063,0.012921089063221043,0.0,0.17305029995385326,0.0027688047992616522,Сологуб,Мелкий бес
0.06691800188501414,0.07210179076343072,0.061262959472196045,0.008953817153628653,0.05513666352497644,0.025918944392082942,0.0,0.16211121583411875,0.002827521206409048,0.04147031102733271,0.06644674835061264,0.029217719132893498,0.21677662582469368,0.023091423185673893,0.0,0.16588124410933083,0.001885014137606032,Сологуб,Мелкий бес
0.0729312762973352,0.05423094904160823,0.06124357176250585,0.007947639083683964,0.05095839177185601,0.02244039270687237,0.0018700327255726976,0.14305750350631136,0.004207573632538569,0.0364656381486676,0.06965871902758299,0.041608228143992516,0.2641421224871435,0.019635343618513323,0.0,0.14866760168302945,0.0009350163627863488,Сологуб,Мелкий бес
0.06287563569116968,0.06287563569116968,0.05917706888580675,0.004623208506703652,0.03744798890429958,0.026352288488210817,0.0027739251040221915,0.13869625520110956,0.0018492834026814608,0.05131761442441054,0.0758206195099399,0.04854368932038835,0.2843273231622746,0.018955154877484975,0.0,0.12436430883032824,0.0,Сологуб,Тяжёлые сны
0.048754636989931106,0.06200317965023847,0.06836248012718601,0.00688924218335983,0.03868574456809751,0.0196078431372549,0.0005299417064122947,0.1181770005299417,0.009538950715421303,0.0598834128245893,0.07737148913619502,0.05670376258611553,0.25225225225225223,0.0196078431372549,0.0,0.16163222045574988,0.0,Сологуб,Мелкий бес
0.06718192627824018,0.055291319857312726,0.059453032104637336,0.0077288941736028535,0.04875148632580262,0.023781212841854936,0.0017835909631391202,0.13020214030915578,0.0023781212841854932,0.0535077288941736,0.10998810939357907,0.02318668252080856,0.2615933412604043,0.021997621878715814,0.0,0.13317479191438764,0.0,Сологуб,Тяжёлые сны
0.04942263279445727,0.057736720554272515,0.07344110854503465,0.008314087759815243,0.03833718244803695,0.021709006928406466,0.00046189376443418013,0.10854503464203233,0.004618937644341801,0.057736720554272515,0.10023094688221709,0.051270207852193994,0.2484988452655889,0.019399538106235566,0.0,0.1602771362586605,0.0,Сологуб,Мелкий бес
0.058091286307053944,0.053349140486069944,0.06342620035566093,0.011855364552459988,0.03734439834024896,0.024303497332542976,0.0017783046828689982,0.11440426793123888,0.0011855364552459987,0.06283343212803794,0.08239478363959692,0.043272080616478956,0.27563722584469474,0.01778304682868998,0.0,0.15115589804386484,0.0011855364552459987,Сологуб,Тяжёлые сны
0.052796420581655484,0.07472035794183446,0.06845637583892618,0.0071588366890380315,0.05011185682326622,0.021476510067114093,0.0,0.13020134228187918,0.004026845637583893,0.03803131991051454,0.08053691275167785,0.042058165548098436,0.24384787472035793,0.013422818791946308,0.0,0.1704697986577181,0.0026845637583892616,Сологуб,Мелкий бес
0.03673292999135696,0.07865168539325842,0.057476231633535005,0.007778738115816767,0.0341400172860847,0.02247191011235955,0.0,0.13785652549697494,0.0056179775280898875,0.037165082108902334,0.09853068280034573,0.058340535868625754,0.23163353500432152,0.022039757994814176,0.0,0.1707000864304235,0.000864304235090752,Сологуб,Мелкий бес
0.061885482938114515,0.05610179294389821,0.061885482938114515,0.009832272990167727,0.04742625795257374,0.02371312897628687,0.001735106998264893,0.156737998843262,0.001735106998264893,0.03759398496240601,0.07171775592828225,0.044534412955465584,0.2776171197223829,0.0167727009832273,0.0,0.13013302486986697,0.000578368999421631,Сологуб,Тяжёлые сны
0.06392440244580322,0.07115063924402446,0.06948304613674264,0.007782101167315175,0.04724847137298499,0.027793218454697052,0.0,0.1517509727626459,0.0038910505836575876,0.02556976097832129,0.07948860478043357,0.0339077265147304,0.245136186770428,0.013340744858254585,0.0,0.15953307392996108,0.0,Сологуб,Тяжёлые сны
0.03722661703117729,0.06095858538855282,0.06421591437878083,0.006514657980456026,0.03908794788273615,0.020939972080037228,0.003257328990228013,0.11167985109353187,0.004187994416007445,0.05258259655653792,0.09771986970684039,0.04839460214053048,0.26337831549557933,0.023731968357375524,0.0,0.1642624476500698,0.0018613308515588647,Сологуб,Мелкий бес
0.0688367129135539,0.07897545357524013,0.05549626467449306,0.009071504802561366,0.03735325506937033,0.017609391675560297,0.0,0.18729989327641408,0.004268943436499467,0.026147278548559232,0.064034151547492,0.023479188900747065,0.24332977588046958,0.010138740661686232,0.0,0.1728922091782284,0.0010672358591248667,Сологуб,Мелкий бес
0.09511698880976602,0.07884028484231943,0.0686673448626653,0.008138351983723296,0.0508646998982706,0.024415055951169887,0.0,0.16480162767039674,0.00254323499491353,0.041200406917599186,0.0686673448626653,0.035096642929806715,0.22380467955239064,0.010681586978636826,0.0,0.1271617497456765,0.0,Сологуб,Тяжёлые сны
0.046740467404674045,0.07790077900779008,0.046740467404674045,0.005330053300533005,0.045100451004510045,0.020910209102091022,0.0004100041000410004,0.15293152931529316,0.005330053300533005,0.02952029520295203,0.0918409184091841,0.04264042640426404,0.23575235752357523,0.02132021320213202,0.0,0.17507175071750716,0.0024600246002460025,Сологуб,Мелкий бес
0.06592899953895805,0.05624711848778239,0.06177962194559705,0.011526048870447211,0.04564315352697095,0.02996772706316275,0.0,0.13831258644536654,0.0036883356385431073,0.04979253112033195,0.06869525126786538,0.0396496081143384,0.2674043337943753,0.01751959428307976,0.0,0.14384508990318118,0.0,Сологуб,Тяжёлые сны
0.04084084084084084,0.07087087087087086,0.06126126126126126,0.012012012012012012,0.03423423423423423,0.011411411411411412,0.0012012012012012011,0.12012012012012012,0.004804804804804805,0.05105105105105105,0.07567567567567568,0.05765765765765766,0.28588588588588587,0.016216216216216217,0.0,0.15675675675675677,0.0,Сологуб,Мелкий бес
0.052813425468904246,0.08687068114511352,0.052813425468904246,0.008884501480750246,0.045409674234945706,0.016288252714708785,0.0004935834155972359,0.16683119447186576,0.005923000987166831,0.035538005923000986,0.07058242843040474,0.05231984205330701,0.2349457058242843,0.01678183613030602,0.0,0.15350444225074036,0.0,Сологуб,Тяжёлые сны
0.08003597122302158,0.07329136690647482,0.052158273381294966,0.00539568345323741,0.03911870503597122,0.03507194244604316,0.0004496402877697842,0.1735611510791367,0.005845323741007194,0.04136690647482014,0.0710431654676259,0.03462230215827338,0.23156474820143885,0.022032374100719423,0.0,0.13444244604316546,0.0,Сологуб,Тяжёлые сны
0.06760270410816432,0.07072282891315652,0.05564222568902756,0.011440457618304731,0.0483619344773791,0.0249609984399376,0.0,0.1690067602704108,0.0015600624024961,0.042641705668226726,0.08268330733229329,0.029641185647425898,0.23244929797191888,0.0202808112324493,0.0,0.14300572022880914,0.0,Сологуб,Тяжёлые сны
0.05511811023622047,0.0733267716535433,0.061515748031496065,0.0073818897637795275,0.043799212598425195,0.021653543307086614,0.0004921259842519685,0.140748031496063,0.006889763779527559,0.04232283464566929,0.08612204724409449,0.04429133858267716,0.23031496062992127,0.018208661417322834,0.0,0.16683070866141733,0.000984251968503937,Сологуб,Мелкий бес
0.05668398677373642,0.06046291922531885,0.07227208313651394,0.011336797354747285,0.04345772319319792,0.01747756258856873,0.0004723665564478035,0.10722720831365139,0.004251299008030231,0.05810108644307983,0.08549834671705243,0.048181388757675955,0.26877657061880017,0.01747756258856873,0.0,0.1483230987246103,0.0,Сологуб,Мелкий бес
0.05665024630541872,0.07389162561576355,0.06256157635467981,0.006896551724137931,0.04433497536945813,0.022660098522167486,0.0004926108374384236,0.1438423645320197,0.006896551724137931,0.04187192118226601,0.08275862068965517,0.04384236453201971,0.229064039408867,0.017733990147783252,0.0,0.16551724137931034,0.0009852216748768472,Сологуб,Мелкий бес
0.06393718452047112,0.06449803701626472,0.0628154795288839,0.006730229949523275,0.04711160964666293,0.024677509814918678,0.0,0.15591699383062255,0.0016825574873808188,0.04318564217610768,0.07291082445316882,0.04711160964666293,0.26023555804823334,0.011777902411665733,0.0,0.13684800897363994,0.0005608524957936063,Сологуб,Тяжёлые сны
0.08321096426823299,0.06656877141458639,0.0597161037689672,0.004894762604013705,0.04503181595692609,0.028389623103279492,0.0019579050416054823,0.15859030837004406,0.007342143906020558,0.04405286343612335,0.07684777288301517,0.03573176700930005,0.23837493881546745,0.013705335291238374,0.0,0.13558492413117965,0.0,Сологуб,Тяжёлые сны
0.056645851917930416,0.06913470115967886,0.06199821587867975,0.011150758251561105,0.043710972346119537,0.021409455842997322,0.0,0.13291703835860838,0.005798394290811775,0.04192685102586976,0.09411239964317573,0.04192685102586976,0.23059768064228367,0.024531668153434435,0.0,0.16146297948260482,0.0026761819803746653,Сологуб,Мелкий бес
0.080773606370876,0.07167235494880546,0.055745164960182024,0.015358361774744027,0.04664391353811149,0.023321956769055744,0.0005688282138794084,0.15813424345847554,0.008532423208191127,0.042662116040955635,0.07906712172923777,0.034129692832764506,0.2360637087599545,0.020477815699658702,0.0,0.12684869169510807,0.0,Сологуб,Тяжёлые сны
0.07386363636363637,0.06921487603305786,0.06508264462809918,0.011363636363636364,0.04132231404958678,0.027892561983471075,0.0010330578512396695,0.1472107438016529,0.0025826446280991736,0.04338842975206612,0.07283057851239669,0.040289256198347105,0.25981404958677684,0.017045454545454544,0.0005165289256198347,0.1265495867768595,0.0,Сологуб,Тяжёлые сны
0.07327586206896551,0.0814655172413793,0.06982758620689655,0.014224137931034483,0.045689655172413794,0.028017241379310345,0.0004310344827586207,0.16724137931034483,0.007758620689655172,0.03836206896551724,0.06422413793103449,0.03706896551724138,0.21594827586206897,0.015086206896551725,0.0,0.1413793103448276,0.0,Сологуб,Мелкий бес
0.04899135446685879,0.06580211335254563,0.059558117195004805,0.005763688760806916,0.04707012487992315,0.01729106628242075,0.0009606147934678194,0.11239193083573487,0.0033621517771373678,0.056676272814601344,0.10230547550432277,0.049951969260326606,0.25024015369836694,0.01825168107588857,0.0,0.16138328530259366,0.0,Сологуб,Мелкий бес
0.04021937842778794,0.06672760511882998,0.06535648994515539,0.012797074954296161,0.044789762340036565,0.02010968921389397,0.0004570383912248629,0.1183729433272395,0.003656307129798903,0.0603290676416819,0.09734917733089579,0.03930530164533821,0.23308957952468007,0.026508226691042046,0.0,0.16773308957952468,0.0031992687385740404,Сологуб,Мелкий бес
0.04411027568922306,0.058145363408521306,0.06817042606516291,0.009523809523809525,0.04862155388471178,0.01804511278195489,0.0,0.14736842105263157,0.005012531328320802,0.04711779448621554,0.07719298245614035,0.0380952380952381,0.24511278195488723,0.02055137844611529,0.0,0.17293233082706766,0.0,Сологуб,Мелкий бес
0.08108108108108109,0.06508549365692223,0.06287920573634859,0.011583011583011582,0.04688361831218974,0.02978488692774407,0.0011031439602868175,0.14175399889685603,0.0027578599007170436,0.04688361831218974,0.1141753998896856,0.0253723110865968,0.21897407611693326,0.014892443463872035,0.0,0.13678985107556535,0.0,Сологуб,Тяжёлые сны
0.08194154488517745,0.0662839248434238,0.06941544885177453,0.0041753653444676405,0.061586638830897704,0.030271398747390398,0.0010438413361169101,0.15396659707724425,0.0005219206680584551,0.04279749478079332,0.07254697286012526,0.02244258872651357,0.23643006263048016,0.012004175365344467,0.0,0.14457202505219208,0.0,Сологуб,Тяжёлые сны
0.06883867577509196,0.06673673147661587,0.05622700998423542,0.011035207566999475,0.05202312138728324,0.0325801366263794,0.0,0.1487125591171834,0.0005254860746190226,0.02995270625328429,0.09406200735680505,0.0325801366263794,0.2275354703100368,0.019968470835522858,0.0,0.15922228060956384,0.0,Сологуб,Тяжёлые сны
0.05158968206358728,0.0653869226154769,0.052189562087582485,0.010797840431913617,0.04259148170365927,0.022195560887822437,0.001799640071985603,0.122375524895021,0.003599280143971206,0.06778644271145771,0.09418116376724656,0.03719256148770246,0.26874625074985004,0.016196760647870425,0.0,0.14277144571085784,0.0005998800239952009,Сологуб,Тяжёлые сны
0.05619203491543917,0.058919803600654665,0.06928532460447354,0.009819967266775777,0.03927986906710311,0.019639934533551555,0.0005455537370430987,0.11456628477905073,0.008183306055646482,0.07583196944899072,0.0894708128750682,0.036552100381887616,0.29023458810692854,0.01309328968903437,0.0,0.11838516093835243,0.0,Сологуб,Тяжёлые сны
0.08271375464684015,0.0803903345724907,0.05901486988847584,0.014405204460966542,0.05065055762081784,0.02184014869888476,0.0,0.16031598513011153,0.004646840148698885,0.031598513011152414,0.06319702602230483,0.031598513011152414,0.2170074349442379,0.02648698884758364,0.0,0.15613382899628253,0.0,Сологуб,Тяжёлые сны
0.0800662617338487,0.06460519050248481,0.061292103810049695,0.011595803423522915,0.04583103257868581,0.029265599116510214,0.0011043622308117063,0.13970182219768085,0.0022087244616234127,0.049144119271120924,0.11264494754279404,0.027609055770292656,0.21976808393152955,0.014908890115958034,0.0,0.14025400331308668,0.0,Сологуб,Тяжёлые сны
0.0574400723654455,0.07327001356852103,0.06241519674355495,0.010854816824966078,0.04748982360922659,0.021709633649932156,0.0013568521031207597,0.14337403889642697,0.013568521031207599,0.04975124378109453,0.07372229760289462,0.0438715513342379,0.24513794663048394,0.012211668928086838,0.0,0.14382632293080055,0.0,Сологуб,Мелкий бес
0.08117706747843734,0.0654490106544901,0.0700152207001522,0.008625063419583967,0.052257737189244036,0.015220700152207,0.0,0.15626585489599187,0.0035514967021816335,0.04972095383054287,0.06341958396752917,0.03754439370877727,0.23845763571790968,0.014713343480466767,0.0,0.14358193810248604,0.0,Сологуб,Тяжёлые сны
0.04088219472834857,0.06831629908552986,0.06078536847767617,0.010758472296933835,0.03550295857988166,0.015599784830554062,0.0005379236148466917,0.12264658418504572,0.004841312533620226,0.04841312533620226,0.0844540075309306,0.05325443786982249,0.270575578267886,0.02151694459386767,0.0,0.16191500806885423,0.0,Сологуб,Мелкий бес
0.06344750140370578,0.07018528916339135,0.07355418304323413,0.011229646266142616,0.043795620437956206,0.023020774845592364,0.0,0.14879281302638966,0.0072992700729927005,0.04828747894441325,0.08590679393599102,0.03425042111173498,0.24536777091521617,0.01909039865244245,0.0,0.1257720381807973,0.0,Сологуб,Тяжёлые сны
0.046404895461499236,0.06884242733299337,0.06068332483426823,0.006629270780214177,0.0407955124936257,0.017848036715961243,0.0,0.1463539010708822,0.002039775624681285,0.05099439061703213,0.07547169811320754,0.04028556858745538,0.25497195308516063,0.019377868434472208,0.0,0.16624171341152474,0.0030596634370219276,Сологуб,Мелкий бес
0.04560729716754681,0.0657705232837254,0.06192990878540566,0.01200192030724916,0.041766682669227076,0.020163226116178587,0.00048007681228996637,0.12626020163226115,0.003840614498319731,0.05808929428708593,0.09361497839654345,0.04224675948151704,0.2313970235237638,0.025444071051368217,0.0,0.16946711473835813,0.0019203072491598655,Сологуб,Мелкий бес
0.0743801652892562,0.05844155844155844,0.05371900826446281,0.011216056670602124,0.04191263282172373,0.023022432113341203,0.0,0.15171192443919718,0.006493506493506494,0.04250295159386069,0.06316410861865407,0.048406139315230225,0.2485242030696576,0.017119244391971666,0.0,0.15938606847697756,0.0,Сологуб,Тяжёлые сны
0.07467532467532467,0.0774582560296846,0.055658627087198514,0.012059369202226345,0.055658627087198514,0.026437847866419294,0.0,0.17346938775510204,0.00510204081632653,0.039888682745825604,0.0728200371057514,0.023191094619666047,0.2277365491651206,0.014842300556586271,0.0,0.14053803339517626,0.00046382189239332097,Сологуб,Мелкий бес
0.05504587155963303,0.06422018348623854,0.05450620615218565,0.01025364274150027,0.033998920669185105,0.029681597409606044,0.0010793308148947653,0.1392336751214247,0.004856988667026443,0.058823529411764705,0.07933081489476525,0.044252563410685376,0.2601187263896384,0.018888289260658393,0.0,0.1457096600107933,0.0,Сологуб,Тяжёлые сны
0.06611570247933884,0.06865861411315957,0.052765416401780035,0.013350286077558804,0.04513668150031786,0.024793388429752067,0.0012714558169103624,0.16274634456452639,0.0019071837253655435,0.036236490781945324,0.0845518118245391,0.03242212333121424,0.24539097266369994,0.014621741894469168,0.0,0.15003178639542275,0.0,Сологуб,Тяжёлые сны
0.06442307692307692,0.07307692307692308,0.06490384615384616,0.008653846153846154,0.05144230769230769,0.023557692307692307,0.0,0.1639423076923077,0.0019230769230769232,0.04326923076923077,0.0673076923076923,0.03028846153846154,0.21778846153846154,0.022115384615384617,0.0,0.16538461538461538,0.0019230769230769232,Сологуб,Мелкий бес
0.04698258404212231,0.07735925475901174,0.04738760631834751,0.008100445524503848,0.04495747266099635,0.022681247468610773,0.0004050222762251924,0.15228837586067234,0.0044552450384771165,0.031186715269339815,0.09477521263669501,0.041312272174969626,0.233697853381936,0.021061158363710003,0.0,0.1709194005670312,0.002430133657351154,Сологуб,Мелкий бес
0.0550755939524838,0.06317494600431965,0.0642548596112311,0.00755939524838013,0.04643628509719223,0.017818574514038878,0.0005399568034557236,0.13822894168466524,0.008099352051835854,0.04913606911447084,0.06911447084233262,0.047516198704103674,0.265658747300216,0.01565874730021598,0.0,0.15064794816414687,0.0010799136069114472,Сологуб,Мелкий бес
0.04577822990844354,0.06561546286876907,0.07019328585961343,0.002034587995930824,0.04628687690742624,0.018311291963377416,0.002034587995930824,0.12512716174974567,0.00254323499491353,0.0422177009155646,0.07782299084435401,0.04679552390640895,0.26551373346897256,0.013733468972533061,0.0,0.17497456765005087,0.001017293997965412,Сологуб,Мелкий бес
0.07046070460704607,0.06558265582655827,0.07317073170731707,0.0065040650406504065,0.04552845528455285,0.026558265582655827,0.0,0.14254742547425475,0.004336043360433604,0.05582655826558266,0.07913279132791327,0.030894308943089432,0.25094850948509484,0.016260162601626018,0.0,0.13224932249322494,0.0,Сологуб,Тяжёлые сны
0.07718780727630285,0.061455260570304815,0.058997050147492625,0.010816125860373648,0.05211406096361849,0.025565388397246803,0.0,0.1543756145526057,0.003933136676499509,0.035398230088495575,0.07669616519174041,0.02704031465093412,0.23697148475909538,0.02015732546705998,0.0,0.15880039331366766,0.0004916420845624386,Сологуб,Тяжёлые сны
0.04483074107959744,0.07822506861848125,0.0768526989935956,0.010978956999085087,0.0384263494967978,0.021500457456541628,0.0004574565416285453,0.14089661482159194,0.007319304666056725,0.04666056724611162,0.0677035681610247,0.04483074107959744,0.23696248856358645,0.02333028362305581,0.0,0.1605672461116194,0.0004574565416285453,Сологуб,Мелкий бес
0.06850665352390341,0.056678166584524396,0.05914243469689502,0.008871365204534253,0.04484967964514539,0.02168555938886151,0.0004928536224741252,0.15179891572203055,0.005421389847215377,0.045342533267619514,0.08082799408575653,0.031542631838344014,0.26318383440118287,0.020699852143913258,0.0,0.1409561360275998,0.0,Сологуб,Тяжёлые сны
0.06462110646211065,0.07670850767085077,0.06369130636913063,0.00697350069735007,0.046490004649000466,0.02092050209205021,0.0,0.14830311483031147,0.005113900511390051,0.04602510460251046,0.07298930729893073,0.04137610413761041,0.2501162250116225,0.016271501627150162,0.0,0.1403998140399814,0.0,Сологуб,Мелкий бес
0.06597222222222222,0.08391203703703703,0.07233796296296297,0.009259259259259259,0.04282407407407408,0.029513888888888888,0.0,0.16493055555555555,0.0023148148148148147,0.017361111111111112,0.05960648148148148,0.041087962962962965,0.22685185185185186,0.019675925925925927,0.0,0.16435185185185186,0.0,Сологуб,Тяжёлые сны
0.07522935779816514,0.06513761467889909,0.06284403669724771,0.011926605504587157,0.0408256880733945,0.03302752293577982,0.0,0.13211009174311927,0.003669724770642202,0.04724770642201835,0.0779816513761468,0.0426605504587156,0.24357798165137615,0.02110091743119266,0.0,0.1426605504587156,0.0,Сологуб,Тяжёлые сны
0.04052443384982122,0.07151370679380215,0.060786650774731825,0.011918951132300357,0.03456495828367104,0.01132300357568534,0.0011918951132300357,0.12038140643623362,0.004767580452920143,0.05184743742550656,0.07568533969010727,0.05780691299165673,0.28486293206197855,0.016090584028605484,0.0,0.1567342073897497,0.0,Сологуб,Мелкий бес
0.08681800079649542,0.08641975308641975,0.06053365193150139,0.0067702110712863405,0.05973715651135006,0.025886101154918358,0.0,0.1752289924332935,0.0015929908403026682,0.023894862604540025,0.056551174830744726,0.03424930306650737,0.20509757068896853,0.018319394663480686,0.0,0.15850258861011549,0.00039824771007566706,Сологуб,Тяжёлые сны
0.0547945205479452,0.06691253951527924,0.06480505795574289,0.008956796628029505,0.04689146469968388,0.019494204425711276,0.001053740779768177,0.12592202318229714,0.004214963119072708,0.044783983140147525,0.09009483667017913,0.04794520547945205,0.2534246575342466,0.01422550052687039,0.0,0.1564805057955743,0.0,Сологуб,Тяжёлые сны
0.06646216768916155,0.06901840490797546,0.06441717791411043,0.0081799591002045,0.04550102249488753,0.02198364008179959,0.0005112474437627812,0.130879345603272,0.007668711656441718,0.06390593047034765,0.08640081799591003,0.0408997955010225,0.26431492842535786,0.011247443762781187,0.0,0.11860940695296524,0.0,Сологуб,Тяжёлые сны
0.11082206035379813,0.06763787721123829,0.05723204994797086,0.009365244536940686,0.047866805411030174,0.01716961498439126,0.001040582726326743,0.18470343392299687,0.0,0.02809573361082206,0.06711758584807492,0.019771071800208116,0.2294484911550468,0.01664932362122789,0.0,0.14308012486992716,0.0,Сологуб,Тяжёлые сны
0.07070101857399641,0.09286998202516476,0.05452366686638706,0.008987417615338526,0.044337926902336726,0.02696225284601558,0.0005991611743559018,0.18993409227082086,0.002396644697423607,0.01018573996405033,0.052726183343319355,0.04733373277411624,0.21090473337327742,0.01737567405632115,0.0,0.1701617735170761,0.0,Сологуб,Тяжёлые сны
0.05063848524878908,0.06605019815059446,0.06296785557023338,0.009687362395420519,0.04095112285336856,0.02774108322324967,0.0008806693086745927,0.12945838837516513,0.007926023778071334,0.055041831792162044,0.08674592690444738,0.03830911492734478,0.24922941435490972,0.01893439013650374,0.0,0.1554381329810656,0.0,Сологуб,Мелкий бес
0.06763555058692007,0.06931246506428172,0.05925097820011179,0.008384572386808273,0.046953605366126326,0.024594745667970933,0.0016769144773616546,0.15651201788708777,0.004471771939631079,0.044717719396310786,0.07043040804918949,0.0368921185019564,0.2554499720514254,0.013974287311347122,0.0,0.13974287311347122,0.0,Сологуб,Тяжёлые сны
0.061861861861861864,0.06426426426426426,0.06006006006006006,0.010810810810810811,0.04624624624624624,0.02702702702702703,0.0018018018018018018,0.15375375375375375,0.003003003003003003,0.05045045045045045,0.08888888888888889,0.023423423423423424,0.2510510510510511,0.015615615615615615,0.0,0.14174174174174173,0.0,Сологуб,Тяжёлые сны
0.08159392789373814,0.08681214421252371,0.05455407969639469,0.006641366223908918,0.04791271347248577,0.022296015180265655,0.0,0.1888045540796964,0.007115749525616698,0.04127134724857685,0.0683111954459203,0.022296015180265655,0.21631878557874762,0.016129032258064516,0.0,0.13946869070208728,0.0004743833017077799,Сологуб,Тяжёлые сны
0.05616797900262467,0.05406824146981627,0.05354330708661417,0.0068241469816272965,0.032020997375328084,0.028871391076115485,0.0026246719160104987,0.13543307086614173,0.0015748031496062992,0.05249343832020997,0.08031496062992126,0.03359580052493438,0.30551181102362207,0.013648293963254593,0.0,0.14330708661417324,0.0,Сологуб,Тяжёлые сны
0.07000569151963575,0.06260671599317018,0.061468412066021626,0.006260671599317018,0.03471826977803073,0.026750142287990893,0.0028457598178713715,0.16107000569151964,0.004553215708594195,0.050654524758110414,0.07057484348321001,0.02333523050654525,0.2811610700056915,0.010244735344336939,0.0,0.13375071143995446,0.0,Сологуб,Тяжёлые сны
0.06353919239904988,0.060570071258907364,0.062351543942992874,0.011282660332541567,0.04156769596199525,0.02494061757719715,0.0011876484560570072,0.1496437054631829,0.0035629453681710215,0.055819477434679333,0.07719714964370546,0.029691211401425176,0.26247030878859856,0.014251781472684086,0.0,0.14133016627078385,0.0005938242280285036,Сологуб,Тяжёлые сны
0.08800823468862584,0.08800823468862584,0.056613484302624806,0.007205352547606794,0.05198147195059187,0.024704065877509007,0.0,0.2007205352547607,0.007205352547606794,0.03962943901183737,0.056613484302624806,0.020586721564590838,0.2110138960370561,0.012352032938754504,0.0,0.13535769428718478,0.0,Сологуб,Тяжёлые сны
0.05412647374062165,0.07127545551982852,0.05680600214362272,0.010718113612004287,0.03858520900321544,0.030010718113612004,0.0010718113612004287,0.15166130760986066,0.003215434083601286,0.05305466237942122,0.08038585209003216,0.04019292604501608,0.24437299035369775,0.020364415862808145,0.0,0.14415862808145766,0.0,Сологуб,Тяжёлые сны
0.07374768089053803,0.06910946196660482,0.0663265306122449,0.013914656771799629,0.04823747680890538,0.030148423005565864,0.0,0.14981447124304267,0.006957328385899814,0.040352504638218926,0.06307977736549165,0.040352504638218926,0.23515769944341372,0.022263450834879406,0.0,0.14053803339517626,0.0,Сологуб,Тяжёлые сны
0.05484558040468584,0.06656017039403621,0.06283280085197018,0.006922257720979766,0.05218317358892439,0.01650692225772098,0.0,0.11714589989350373,0.007987220447284345,0.06336528221512247,0.07294994675186368,0.046858359957401494,0.2534611288604899,0.011182108626198083,0.0,0.16719914802981894,0.0,Сологуб,Мелкий бес
0.05470675209462789,0.055692459339576145,0.06407097092163627,0.007392804337111878,0.041399704287826515,0.024149827501232134,0.0004928536224741252,0.12419911286347955,0.003942828979793002,0.04780680137999014,0.08871365204534254,0.05224248398225727,0.2621981271562346,0.013799901429275506,0.0,0.15722030556924593,0.001971414489896501,Сологуб,Мелкий бес
0.07895917451772096,0.059668012561686856,0.05293853746074473,0.008524001794526694,0.05069537909376402,0.02512337371018394,0.0,0.15298340062808435,0.006280843427545985,0.04306864064602961,0.07222969941677883,0.028712427097353072,0.24315836698070883,0.023777478689995513,0.0,0.15388066397487662,0.0,Сологуб,Тяжёлые сны
0.07409133271202237,0.054520037278657965,0.06244175209692451,0.007921714818266543,0.05172413793103448,0.022367194780987885,0.001863932898415657,0.14259086672879775,0.004193849021435228,0.033550792171481825,0.06663560111835974,0.041472506989748366,0.2656104380242311,0.02096924510717614,0.0,0.14911463187325255,0.0009319664492078285,Сологуб,Мелкий бес
0.03945291951604419,0.07311941083640189,0.0483955812730142,0.007890583903208837,0.046291425565491845,0.016833245660178853,0.0005260389268805891,0.15886375591793792,0.007364544976328248,0.0241977906365071,0.07837980010520779,0.04681746449237244,0.2556549184639663,0.013150973172014729,0.0,0.18306154655444504,0.0,Сологуб,Мелкий бес
0.054354178842782,0.06078316773816481,0.07247223845704266,0.011104617182933957,0.046171829339567504,0.026300409117475162,0.0,0.12390414962010521,0.004091174751607247,0.04441846873173583,0.08007013442431327,0.04500292226767972,0.27586206896551724,0.018702513150204558,0.0,0.13676212741087085,0.0,Сологуб,Тяжёлые сны
0.057692307692307696,0.07291666666666667,0.07171474358974358,0.008814102564102564,0.04807692307692308,0.024839743589743588,0.0008012820512820513,0.1346153846153846,0.008814102564102564,0.03565705128205128,0.08493589743589744,0.04326923076923077,0.22516025641025642,0.02123397435897436,0.0,0.1594551282051282,0.002003205128205128,Сологуб,Мелкий бес
0.05817174515235457,0.05263157894736842,0.06260387811634349,0.009972299168975069,0.03656509695290859,0.02548476454293629,0.00110803324099723,0.11578947368421053,0.00110803324099723,0.057617728531855955,0.0853185595567867,0.043213296398891966,0.27313019390581716,0.019390581717451522,0.0,0.15678670360110802,0.00110803324099723,Сологуб,Тяжёлые сны
0.06542056074766354,0.06275033377837116,0.07165109034267912,0.0075656430796617715,0.040498442367601244,0.037383177570093455,0.0008900756564307966,0.1268357810413885,0.0026702269692923898,0.04806408544726302,0.09390298175344905,0.03693813974187806,0.2367601246105919,0.020471740097908322,0.0,0.14686248331108145,0.0013351134846461949,Сологуб,Мелкий бес
0.06421612046058459,0.07263064658990256,0.05580159433126661,0.008857395925597875,0.04295837023914969,0.030115146147032774,0.0008857395925597874,0.15987599645704162,0.006643046944198406,0.03897254207263064,0.07661647475642161,0.047829937998228524,0.23870682019486272,0.021257750221434897,0.0,0.13463241806908768,0.0,Сологуб,Тяжёлые сны
0.06819553409776705,0.06336753168376584,0.05793602896801448,0.012070006035003017,0.04103802051901026,0.028364514182257092,0.0006035003017501509,0.1412190706095353,0.0024140012070006035,0.04707302353651177,0.07845503922751962,0.03741701870850935,0.2576946288473144,0.015691007845503924,0.0,0.14846107423053712,0.0,Сологуб,Тяжёлые сны
0.0562015503875969,0.06686046511627906,0.06395348837209303,0.012112403100775194,0.041182170542635656,0.0188953488372093,0.0,0.12839147286821706,0.006298449612403101,0.044573643410852716,0.09011627906976744,0.045542635658914726,0.23594961240310078,0.02374031007751938,0.0,0.16327519379844962,0.0029069767441860465,Сологуб,Мелкий бес
0.08570251339101771,0.0869386073341574,0.06221672847136382,0.007004532344458179,0.059332509270704575,0.02266172229089411,0.0,0.17511330861145447,0.0016481252575195715,0.024721878862793572,0.05562422744128554,0.034610630407911,0.20395550061804696,0.018953440461475072,0.0,0.1611042439225381,0.00041203131437989287,Сологуб,Тяжёлые сны
0.04776378636561007,0.06860616587060356,0.059053408597481545,0.007815892314372557,0.04298740772904907,0.016500217108119844,0.0004342162396873643,0.12071211463308727,0.005644811115935736,0.04732957012592271,0.08858011289622232,0.058184976118106815,0.25227963525835867,0.020842379504993486,0.0,0.16239687364307426,0.0008684324793747286,Сологуб,Мелкий бес
0.05936599423631124,0.05994236311239193,0.06570605187319885,0.008069164265129682,0.04726224783861672,0.02478386167146974,0.0005763688760806917,0.15907780979827088,0.001729106628242075,0.03631123919308357,0.07089337175792507,0.044956772334293946,0.27146974063400575,0.014985590778097982,0.0,0.13429394812680115,0.0005763688760806917,Сологуб,Тяжёлые сны
0.06537216828478964,0.07572815533980583,0.04854368932038835,0.015533980582524271,0.042071197411003236,0.025889967637540454,0.0012944983818770227,0.16440129449838187,0.0025889967637540453,0.036245954692556634,0.08414239482200647,0.032362459546925564,0.24142394822006472,0.01488673139158576,0.0,0.14951456310679612,0.0,Сологуб,Тяжёлые сны
0.08399787347155768,0.06273258904837853,0.07123870281765018,0.013290802764486975,0.049973418394471024,0.026049973418394472,0.0,0.15311004784688995,0.004253056884635832,0.0531632110579479,0.07177033492822966,0.023923444976076555,0.2429558745348219,0.01541733120680489,0.0,0.12812333864965444,0.0,Сологуб,Тяжёлые сны
0.07842105263157895,0.06473684210526316,0.07052631578947369,0.009473684210526316,0.05105263157894737,0.016842105263157894,0.0,0.14473684210526316,0.0036842105263157894,0.05368421052631579,0.06894736842105263,0.03684210526315789,0.24526315789473685,0.015789473684210527,0.0,0.14,0.0,Сологуб,Тяжёлые сны
0.10060975609756098,0.06453252032520325,0.06707317073170732,0.007621951219512195,0.0625,0.023373983739837397,0.0005081300813008131,0.17733739837398374,0.0020325203252032522,0.02540650406504065,0.05030487804878049,0.022357723577235773,0.22510162601626016,0.011686991869918699,0.0,0.15955284552845528,0.0,Сологуб,Тяжёлые сны
0.04024621212121212,0.06439393939393939,0.06723484848484848,0.007102272727272727,0.046875,0.016571969696969696,0.0,0.12736742424242425,0.004261363636363636,0.052083333333333336,0.09611742424242424,0.038825757575757576,0.24289772727272727,0.02556818181818182,0.0,0.16808712121212122,0.0023674242424242425,Сологуб,Мелкий бес
0.05612520237452779,0.06475984889368591,0.07987048030221262,0.008634646519158122,0.04641122504047491,0.018888289260658393,0.0010793308148947653,0.15758229897463572,0.004317323259579061,0.05126821370750135,0.06691851052347544,0.04695089044792229,0.23745277927684835,0.010793308148947653,0.0,0.1489476524554776,0.0,Сологуб,Тяжёлые сны
0.05459183673469388,0.06173469387755102,0.06428571428571428,0.00510204081632653,0.047448979591836735,0.0163265306122449,0.0005102040816326531,0.11428571428571428,0.01020408163265306,0.06326530612244897,0.07091836734693878,0.05204081632653061,0.2586734693877551,0.015816326530612244,0.0,0.16479591836734694,0.0,Сологуб,Мелкий бес
0.049013747758517634,0.06694560669456066,0.05499103407053198,0.009563658099222952,0.042438732815301854,0.02211595935445308,0.0017931858936043037,0.12492528392109982,0.0035863717872086074,0.06694560669456066,0.09264793783622235,0.03705917513448894,0.26897788404064554,0.016138673042438732,0.0,0.14225941422594143,0.0005977286312014345,Сологуб,Тяжёлые сны
0.06984667802385008,0.06416808631459398,0.06927881885292447,0.01306076093128904,0.04145371947756956,0.027825099375354913,0.0005678591709256105,0.13458262350936967,0.0028392958546280523,0.045428733674048836,0.0760931289040318,0.04315729699034639,0.2737081203861442,0.016467915956842702,0.0005678591709256105,0.12095400340715502,0.0,Сологуб,Тяжёлые сны
0.061598951507208385,0.06596767147225863,0.06247269550021844,0.009611183923110528,0.04106596767147226,0.015727391874180863,0.00043687199650502403,0.1328090869375273,0.003931847968545216,0.05897771952817824,0.0891218872870249,0.0327653997378768,0.2608125819134993,0.022280471821756225,0.0,0.1419833988641328,0.00043687199650502403,Сологуб,Мелкий бес
0.05360934182590234,0.06157112526539278,0.06369426751592357,0.0074309978768577496,0.04617834394904458,0.01751592356687898,0.0005307855626326964,0.14225053078556263,0.009554140127388535,0.050955414012738856,0.06634819532908705,0.04777070063694268,0.2648619957537155,0.013800424628450107,0.0,0.15286624203821655,0.0010615711252653928,Сологуб,Мелкий бес
0.04847859721505931,0.05776173285198556,0.06498194945848375,0.008251676121712223,0.037132542547705004,0.020113460546673543,0.0005157297576070139,0.1000515729757607,0.0041258380608561115,0.05054151624548736,0.10572460030943785,0.05363589479112945,0.258896338318721,0.01701908200103146,0.0,0.17276946879834967,0.0,Сологуб,Мелкий бес
0.06594399277326106,0.06684733514001806,0.06278229448961156,0.006323396567299007,0.051942186088527555,0.025745257452574527,0.0,0.14453477868112014,0.0036133694670280035,0.058265582655826556,0.07588075880758807,0.037940379403794036,0.22312556458897922,0.023035230352303523,0.0,0.15221318879855464,0.0018066847335140017,Сологуб,Мелкий бес
0.05027932960893855,0.0670391061452514,0.05844434894714224,0.009024495058014611,0.04340352385045122,0.017189514396218308,0.0004297378599054577,0.1237645036527718,0.00558659217877095,0.047700902449505804,0.08809626128061883,0.05629565964761495,0.25354533734422,0.02019767941555651,0.0,0.15814353244520843,0.0008594757198109154,Сологуб,Мелкий бес
0.08074195308237861,0.07310420076377523,0.05946535733769776,0.014184397163120567,0.0463720676486634,0.02673213311511184,0.0,0.1685761047463175,0.0070921985815602835,0.03927986906710311,0.07746863066012002,0.03055100927441353,0.22967812329514456,0.020185488270594652,0.0,0.1265684669939989,0.0,Сологуб,Тяжёлые сны
0.06363636363636363,0.0803030303030303,0.06161616161616162,0.007070707070707071,0.03939393939393939,0.023232323232323233,0.0,0.16414141414141414,0.00202020202020202,0.03080808080808081,0.08080808080808081,0.02727272727272727,0.2398989898989899,0.012121212121212121,0.0,0.16616161616161615,0.0015151515151515152,Сологуб,Мелкий бес
0.0469437652811736,0.07090464547677261,0.06454767726161369,0.0058679706601467,0.04743276283618582,0.014669926650366748,0.0009779951100244498,0.12273838630806846,0.003911980440097799,0.05036674816625917,0.09682151589242054,0.04254278728606357,0.24938875305623473,0.018581907090464547,0.0,0.16430317848410758,0.0,Сологуб,Мелкий бес
0.06801681314482232,0.07986243790599924,0.06572411157814291,0.009935040122277417,0.047382499044707684,0.03247993886129155,0.00038211692777990065,0.16698509743981657,0.006495987772258311,0.03935804356132977,0.07565915170042033,0.03400840657241116,0.21551394726786396,0.019870080244554833,0.0,0.13832632785632404,0.0,Сологуб,Мелкий бес
0.055951727921009324,0.06911684037301152,0.06308283049917718,0.010970927043335162,0.03839824465167307,0.021393307734503566,0.0,0.14152495885902358,0.006582556226001097,0.03565551289083928,0.07405375754251234,0.053208996160175534,0.23806911684037302,0.021941854086670324,0.0,0.16785518376302797,0.0021941854086670325,Сологуб,Мелкий бес
0.0659965034965035,0.08041958041958042,0.06118881118881119,0.013986013986013986,0.043706293706293704,0.020104895104895104,0.0008741258741258741,0.17875874125874125,0.00743006993006993,0.045454545454545456,0.06993006993006994,0.035402097902097904,0.2229020979020979,0.016171328671328672,0.0,0.13723776223776224,0.00043706293706293706,Сологуб,Тяжёлые сны
0.04871323529411765,0.07123161764705882,0.06801470588235294,0.007352941176470588,0.051470588235294115,0.022058823529411766,0.0,0.1323529411764706,0.004595588235294118,0.03722426470588235,0.08088235294117647,0.04090073529411765,0.24724264705882354,0.012867647058823529,0.0,0.1723345588235294,0.0027573529411764708,Сологуб,Мелкий бес
0.063125,0.05625,0.058125,0.0075,0.053125,0.02375,0.001875,0.135,0.00125,0.055,0.108125,0.0175,0.266875,0.0175,0.0,0.135,0.0,Сологуб,Тяжёлые сны
0.05263157894736842,0.05202661826981246,0.05565638233514821,0.004839685420447671,0.0338777979431337,0.03145795523290986,0.0030248033877797943,0.13127646702964307,0.0018148820326678765,0.06110102843315184,0.08348457350272233,0.03145795523290986,0.30671506352087113,0.010889292196007259,0.0,0.1397459165154265,0.0,Сологуб,Тяжёлые сны
0.05302651325662831,0.061030515257628815,0.06453226613306653,0.007503751875937969,0.04552276138069034,0.018509254627313655,0.0005002501250625312,0.11555777888944473,0.009504752376188095,0.06453226613306653,0.06853426713356678,0.05652826413206603,0.2571285642821411,0.016008004002001,0.0,0.1615807903951976,0.0,Сологуб,Мелкий бес
0.07724425887265135,0.06419624217118998,0.06889352818371608,0.005741127348643006,0.061586638830897704,0.02870563674321503,0.0010438413361169101,0.15187891440501045,0.0010438413361169101,0.050626304801670144,0.07515657620041753,0.019832985386221295,0.23538622129436326,0.014091858037578288,0.0,0.14457202505219208,0.0,Сологуб,Тяжёлые сны
0.07478753541076487,0.056657223796033995,0.056657223796033995,0.013031161473087818,0.041359773371104816,0.02152974504249292,0.0011331444759206798,0.14277620396600565,0.0050991501416430595,0.04872521246458923,0.08385269121813031,0.037960339943342775,0.2651558073654391,0.014164305949008499,0.0,0.13711048158640227,0.0,Сологуб,Тяжёлые сны
0.09026028547439127,0.08312342569269521,0.05709487825356843,0.006717044500419815,0.05499580184718724,0.026028547439126783,0.0,0.18681780016792612,0.0012594458438287153,0.02392947103274559,0.05583543240973971,0.02686817800167926,0.21032745591939547,0.018471872376154493,0.0,0.15785054575986565,0.00041981528127623844,Сологуб,Тяжёлые сны
0.04708520179372197,0.05044843049327354,0.08464125560538116,0.0072869955156950675,0.05044843049327354,0.01569506726457399,0.002242152466367713,0.10594170403587444,0.0033632286995515697,0.04596412556053812,0.062219730941704035,0.04932735426008968,0.2881165919282511,0.010089686098654708,0.0,0.17600896860986548,0.0011210762331838565,Сологуб,Мелкий бес
0.06393718452047112,0.06449803701626472,0.08020190689848569,0.01065619742007852,0.045989904655075714,0.017386427369601793,0.0,0.16040381379697138,0.0033651149747616375,0.044868199663488505,0.06505888951205833,0.04655075715086932,0.23611890072910824,0.009534492428491307,0.0,0.1514301738642737,0.0,Сологуб,Тяжёлые сны
0.0734624145785877,0.06093394077448747,0.056378132118451024,0.011389521640091117,0.037015945330296125,0.029612756264236904,0.0017084282460136675,0.13838268792710706,0.0017084282460136675,0.05239179954441914,0.0979498861047836,0.0244874715261959,0.2613895216400911,0.01651480637813212,0.0,0.1366742596810934,0.0,Сологуб,Тяжёлые сны
0.05749596990865126,0.07200429876410532,0.05964535196131112,0.008597528210639442,0.05051047823750672,0.018807092960773777,0.0010746910263299302,0.1445459430413756,0.0032240730789897904,0.03922622246104245,0.08651262761955937,0.04406233207952714,0.24234282643739924,0.013433637829124127,0.0,0.15851692638366469,0.0,Сологуб,Тяжёлые сны
0.05759637188208617,0.0707482993197279,0.06439909297052154,0.010884353741496598,0.041723356009070296,0.02857142857142857,0.00045351473922902497,0.14331065759637188,0.006802721088435374,0.04580498866213152,0.07664399092970521,0.04036281179138322,0.23809523809523808,0.017233560090702947,0.0,0.15736961451247167,0.0,Сологуб,Мелкий бес
0.047619047619047616,0.06725576828669612,0.06381934216985763,0.005400098183603338,0.046146293568973984,0.015709376534118802,0.0009818360333824251,0.11389297987236131,0.003436426116838488,0.054491899852724596,0.09867452135493372,0.046637211585665195,0.2533136966126657,0.017673048600883652,0.0,0.16494845360824742,0.0,Сологуб,Мелкий бес
0.06930232558139535,0.06651162790697675,0.07348837209302325,0.009302325581395349,0.04325581395348837,0.027906976744186046,0.00046511627906976747,0.15023255813953487,0.0013953488372093023,0.04093023255813953,0.06790697674418604,0.03302325581395349,0.25069767441860463,0.01813953488372093,0.0,0.1474418604651163,0.0,Сологуб,Тяжёлые сны
0.049279404927940494,0.06369130636913063,0.06090190609019061,0.005113900511390051,0.04741980474198047,0.016736401673640166,0.0023245002324500234,0.12877731287773128,0.004649000464900047,0.04881450488145049,0.08368200836820083,0.0502092050209205,0.2733612273361227,0.013482101348210134,0.0,0.15016271501627151,0.001394700139470014,Сологуб,Мелкий бес
0.085007006071929,0.06959364782811771,0.0560485754320411,0.011209715086408221,0.04810836057916861,0.032227930873423634,0.0018682858477347033,0.1644091546006539,0.004670714619336758,0.027557216254086876,0.08687529191966371,0.014946286781877626,0.237739374124241,0.022886501634750117,0.0,0.13638486688463336,0.00046707146193367583,Сологуб,Тяжёлые сны
0.07237512742099898,0.06982670744138635,0.05606523955147808,0.012232415902140673,0.05147808358817533,0.022426095820591234,0.0,0.17533129459734964,0.0015290519877675841,0.040774719673802244,0.07849133537206932,0.03160040774719674,0.2237512742099898,0.019877675840978593,0.0,0.14424057084607544,0.0,Сологуб,Тяжёлые сны
0.0644431882419446,0.06331260599208592,0.05087620124364047,0.011871113623516111,0.046353872244205764,0.022046353872244205,0.0016958733747880158,0.1390616167326173,0.00395703787450537,0.06387789711701526,0.09779536461277558,0.025438100621820236,0.2515545505935557,0.018089315997738834,0.0,0.1390616167326173,0.0005652911249293386,Сологуб,Тяжёлые сны
0.06415432929564828,0.07357559443696725,0.05877074921489457,0.010767160161507403,0.04531179901301032,0.029609690444145357,0.0008972633467922835,0.15612382234185734,0.00762673844773441,0.038582323912068194,0.08299685957828623,0.048900852400179454,0.2234185733512786,0.02332884701659937,0.0,0.13593539703903096,0.0,Сологуб,Тяжёлые сны
0.09211775878442545,0.08167141500474834,0.051915163026274136,0.006014561570117125,0.04621715732826844,0.035770813548591324,0.000949667616334283,0.2038619816397594,0.01867679645457423,0.018043684710351376,0.06900918012029122,0.022475466919911365,0.21462488129154797,0.011396011396011397,0.0,0.1177587844254511,0.00949667616334283,Карамзин,Письма русского путешественника
0.05404323458767014,0.06725380304243395,0.05604483586869496,0.013610888710968775,0.027622097678142513,0.04123298638911129,0.007205764611689352,0.13290632506004804,0.005204163330664532,0.03682946357085669,0.11048839071257005,0.02602081665332266,0.25180144115292236,0.02642113690952762,0.0,0.1433146517213771,0.0,Карамзин,Бедная Лиза
0.07080651268458917,0.0825444907232109,0.0352139341158652,0.014009844755774327,0.045058689890193106,0.046573267701628174,0.002271866717152594,0.1730405149564559,0.0041650889814464215,0.0340780007572889,0.10261264672472548,0.014009844755774327,0.20333207118515714,0.015903067020068155,0.0,0.1563801590306702,0.0,Карамзин,Наталья боярская дочь
0.0930722891566265,0.0819277108433735,0.05210843373493976,0.008734939759036145,0.04006024096385542,0.03283132530120482,0.00030120481927710846,0.2003012048192771,0.00963855421686747,0.03042168674698795,0.06385542168674699,0.04006024096385542,0.2039156626506024,0.01897590361445783,0.0,0.11746987951807229,0.006325301204819277,Карамзин,Письма русского путешественника
0.0875281743050338,0.07362885048835462,0.038692712246431255,0.0067618332081141996,0.04770848985725019,0.0371900826446281,0.0003756574004507889,0.22802404207362886,0.004132231404958678,0.0236664162283997,0.0608564988730278,0.03643876784372652,0.20999248685199098,0.012772351615326822,0.0,0.1322314049586777,0.0,Карамзин,Марфа-Посадница или Покорение Новагорода
0.08125421443020904,0.06169925826028321,0.0428186109238031,0.004383007417397168,0.037086985839514496,0.03506405933917734,0.0013486176668914363,0.1935266351989211,0.010451786918408631,0.023937963587322995,0.05461901550910317,0.04484153742414026,0.22285906945380984,0.017194875252865813,0.0,0.10586648685097774,0.06304787592717465,Карамзин,Письма русского путешественника
0.0990990990990991,0.07616707616707617,0.039721539721539724,0.005323505323505323,0.03726453726453727,0.03153153153153153,0.0004095004095004095,0.22481572481572482,0.009828009828009828,0.018427518427518427,0.05118755118755119,0.03849303849303849,0.21703521703521703,0.01638001638001638,0.0,0.11384111384111384,0.020475020475020474,Карамзин,Письма русского путешественника
0.09178164367126575,0.07678464307138572,0.045290941811637675,0.008398320335932814,0.05188962207558488,0.026994601079784044,0.0,0.20395920815836832,0.010497900419916016,0.03239352129574085,0.06808638272345531,0.023695260947810437,0.1892621475704859,0.01889622075584883,0.0,0.15116976604679064,0.0008998200359928015,Карамзин,Граф NN
0.06853322189720017,0.09151692436272461,0.04931048892603427,0.010865022983702465,0.038863351441704976,0.025491015461763477,0.0004178854993731718,0.1893021312160468,0.014625992478061012,0.030087755954868366,0.08357709987463435,0.03092352695361471,0.21061429168407855,0.02381947346427079,0.0,0.12452987881320518,0.007521938988717091,Карамзин,Письма русского путешественника
0.07683037059355227,0.09822235613136487,0.05031636034950286,0.012955709551069599,0.036155468514612835,0.04519433564326605,0.00030129557095510696,0.19343175655317868,0.014462187405845135,0.01777643868635131,0.08827960228984634,0.023501054534498342,0.1828864115697499,0.015064778547755347,0.0,0.12895450436878578,0.01566736968966556,Карамзин,Письма русского путешественника
0.08490566037735849,0.08381712626995645,0.03737300435413643,0.009433962264150943,0.0330188679245283,0.031567489114658925,0.001451378809869376,0.23076923076923078,0.014876632801161103,0.030841799709724237,0.06313497822931785,0.023947750362844702,0.2071843251088534,0.015965166908563134,0.0,0.11538461538461539,0.01632801161103048,Карамзин,Письма русского путешественника
0.09252217997465145,0.07889733840304182,0.050063371356147024,0.010139416983523447,0.042458808618504436,0.02788339670468948,0.0003168567807351077,0.21831432192648922,0.013307984790874524,0.02376425855513308,0.057034220532319393,0.03580481622306717,0.2050063371356147,0.011406844106463879,0.0003168567807351077,0.10614702154626109,0.026615969581749048,Карамзин,Письма русского путешественника
0.07624181748170966,0.0908740854832499,0.047362341162880246,0.01078167115902965,0.03735078937235271,0.03927608779360801,0.0003850596842510589,0.19368502117828262,0.015402387370042356,0.023103581055063535,0.07354639969195226,0.027339237581825184,0.2144782441278398,0.013862148633038121,0.0003850596842510589,0.12629957643434733,0.009626492106276472,Карамзин,Письма русского путешественника
0.07713217804960924,0.08766564729867482,0.055385660890248045,0.008834522595990485,0.04111450900441726,0.040774719673802244,0.0,0.2164458036017669,0.011213047910295617,0.018688413183826028,0.07713217804960924,0.016649677200135916,0.19775739041794088,0.018008834522595992,0.0,0.1304791029561672,0.0027183146449201497,Карамзин,Письма русского путешественника
0.09485407066052227,0.06912442396313365,0.037250384024577574,0.006144393241167435,0.044162826420890935,0.038018433179723504,0.001152073732718894,0.20506912442396313,0.009216589861751152,0.022657450076804916,0.06490015360983103,0.043010752688172046,0.21351766513056836,0.013824884792626729,0.0,0.12672811059907835,0.010368663594470046,Карамзин,Письма русского путешественника
0.07475083056478406,0.08305647840531562,0.04119601328903655,0.007973421926910298,0.029900332225913623,0.03887043189368771,0.0009966777408637873,0.206312292358804,0.010299003322259137,0.014285714285714285,0.06079734219269103,0.022591362126245847,0.2009966777408638,0.010963455149501661,0.0003322259136212625,0.12558139534883722,0.07109634551495017,Карамзин,Письма русского путешественника
0.08271604938271605,0.07006172839506172,0.0367283950617284,0.008950617283950617,0.0367283950617284,0.03271604938271605,0.00030864197530864197,0.204320987654321,0.01574074074074074,0.029938271604938272,0.059876543209876544,0.04567901234567901,0.2074074074074074,0.015123456790123457,0.0,0.1339506172839506,0.019753086419753086,Карамзин,Письма русского путешественника
0.05446708463949843,0.07484326018808778,0.051332288401253916,0.014106583072100314,0.030956112852664575,0.04584639498432602,0.0054858934169279,0.14028213166144202,0.0054858934169279,0.02860501567398119,0.11050156739811912,0.025470219435736678,0.23746081504702193,0.025470219435736678,0.0,0.14968652037617555,0.0,Карамзин,Бедная Лиза
0.08974758491741976,0.07510127765659085,0.040511062636335304,0.005920847616079776,0.03396696790277345,0.03085073231536304,0.0006232471174820816,0.213773761296354,0.017762542848239325,0.017450919289498285,0.05359925210345902,0.042692427547522595,0.22561545652851356,0.011530071673418511,0.0,0.11280772826425678,0.028046120286693673,Карамзин,Письма русского путешественника
0.08820023837902265,0.08522050059594756,0.05154946364719905,0.012216924910607866,0.039928486293206195,0.03456495828367104,0.0005959475566150178,0.21096543504171633,0.00834326579261025,0.03247914183551848,0.07538736591179976,0.01728247914183552,0.19219308700834326,0.01936829558998808,0.0,0.13021454112038142,0.0014898688915375446,Карамзин,Граф нашего времени
0.08288994679361524,0.09885186222346681,0.05712685522262671,0.009241108933071968,0.04424530943713246,0.043405208625035004,0.0011201344161299357,0.2119854382525903,0.012041444973396808,0.018762251470176423,0.08260991318958275,0.015401848221786614,0.174180901708205,0.014281713805656678,0.0002800336040324839,0.12965555866704004,0.003920470456454775,Карамзин,Письма русского путешественника
0.08695652173913043,0.08152173913043478,0.046675191815856776,0.006713554987212276,0.04156010230179028,0.027813299232736573,0.0009590792838874681,0.2113171355498721,0.013107416879795396,0.019501278772378516,0.061381074168797956,0.04379795396419437,0.22410485933503838,0.011508951406649617,0.0,0.11764705882352941,0.005434782608695652,Карамзин,Письма русского путешественника
0.08248655110579797,0.09533771667662881,0.05439330543933055,0.015540944411237299,0.04303646144650329,0.02749551703526599,0.001195457262402869,0.19097429766885834,0.017334130304841603,0.0328750747160789,0.0744172145845786,0.02510460251046025,0.19306634787806337,0.020621637776449493,0.0,0.1210400478182905,0.005080693365212194,Карамзин,Письма русского путешественника
0.09375753193540612,0.0636297903109183,0.04097372860930345,0.011810074716799228,0.05398891299108219,0.04266088214027477,0.00048204386599180526,0.2306579898770788,0.0031332851289467343,0.03229693902145095,0.064352856109906,0.023138105567606652,0.19836105085562786,0.022897083634610748,0.0,0.11279826464208242,0.005061460592913955,Карамзин,"Нечто о науках, искусствах и просвещении"
0.08942632170978627,0.0874578177727784,0.043869516310461196,0.005343082114735658,0.045275590551181105,0.030371203599550055,0.00028121484814398203,0.23059617547806524,0.01265466816647919,0.019966254218222724,0.048650168728908885,0.03458942632170978,0.2080989876265467,0.016591676040494937,0.0,0.12485939257592801,0.001968503937007874,Карамзин,Письма русского путешественника
0.09714285714285714,0.0851948051948052,0.045454545454545456,0.005454545454545455,0.04285714285714286,0.026753246753246755,0.0,0.22233766233766233,0.011428571428571429,0.01922077922077922,0.04753246753246753,0.04909090909090909,0.20987012987012987,0.013766233766233767,0.0,0.1174025974025974,0.006493506493506494,Карамзин,Письма русского путешественника
0.07956715467854869,0.08497772119669,0.05187778485041375,0.00732017823042648,0.04614894971355824,0.04678548695098663,0.0006365372374283895,0.19096117122851686,0.014003819223424571,0.02514322087842139,0.06906429026098027,0.03373647358370465,0.18523233609166137,0.019732654360280075,0.00031826861871419476,0.1394016549968173,0.005092297899427116,Карамзин,Письма русского путешественника
0.05311077389984825,0.08801213960546282,0.04046535154274153,0.013151239251390997,0.03338391502276176,0.042488619119878605,0.004046535154274153,0.1441578148710167,0.00556398583712696,0.02276176024279211,0.11178553363682348,0.027314112291350532,0.22812341932220537,0.02276176024279211,0.0,0.16287303995953464,0.0,Карамзин,Бедная Лиза
0.09271955599085864,0.06072477962781587,0.03885079986940908,0.009141364675155077,0.05386875612144956,0.039177277179236046,0.000326477309826967,0.23343127652628143,0.005223636957231472,0.0287300032647731,0.0555011426705844,0.03493307215148547,0.20111002285341167,0.019915115899444988,0.0,0.12634671890303623,0.0,Карамзин,Марфа-Посадница или Покорение Новагорода
0.08132911392405064,0.0949367088607595,0.05443037974683544,0.01170886075949367,0.04430379746835443,0.029430379746835444,0.0012658227848101266,0.1889240506329114,0.017721518987341773,0.030379746835443037,0.07784810126582278,0.028164556962025317,0.19778481012658228,0.018354430379746836,0.0,0.11962025316455696,0.0037974683544303796,Карамзин,Письма русского путешественника
0.04439428141459744,0.06621519939804364,0.042136945071482315,0.008276899924755455,0.024830699774266364,0.029345372460496615,0.0030097817908201654,0.19714070729872085,0.005267118133935289,0.03611738148984198,0.08502633559066967,0.0346124905944319,0.28216704288939054,0.0218209179834462,0.0,0.11361926260346125,0.006019563581640331,Карамзин,Письма русского путешественника
0.0702887537993921,0.0797872340425532,0.051291793313069906,0.015577507598784195,0.03609422492401216,0.03913373860182371,0.0007598784194528875,0.14437689969604864,0.0060790273556231,0.030395136778115502,0.11740121580547112,0.037613981762917935,0.21162613981762918,0.023936170212765957,0.0,0.128419452887538,0.007218844984802432,Карамзин,Письма русского путешественника
0.07888923950773115,0.08456926475228779,0.04891132849479331,0.007257810034711265,0.04544020195645314,0.049226885452824234,0.0012622278321236984,0.18838750394446196,0.014831177027453455,0.027137898390659516,0.06942253076680341,0.031240138845061535,0.18964973177658567,0.019880088355948247,0.0003155569580309246,0.1385295045755759,0.0050489113284947935,Карамзин,Письма русского путешественника
0.08828722778104768,0.08181283107710417,0.04473219540906415,0.008828722778104767,0.050618010594467334,0.02736904061212478,0.0,0.20600353148911124,0.01059446733372572,0.030900529723366685,0.06768687463213655,0.026486168334314303,0.18687463213655092,0.020600353148911125,0.0,0.14920541494997058,0.0,Карамзин,Граф NN
0.09204712812960236,0.07952871870397643,0.04381443298969072,0.011413843888070692,0.03865979381443299,0.04344624447717231,0.0003681885125184094,0.20655375552282768,0.011045655375552283,0.02466863033873343,0.06995581737849779,0.015095729013254787,0.20471281296023564,0.01877761413843888,0.0,0.13807069219440354,0.001840942562592047,Карамзин,Письма русского путешественника
0.09891554387117976,0.07689779822543542,0.03614853762734144,0.0069010844561288205,0.045021360499507064,0.03581991455800197,0.0006572461386789353,0.23233651002300362,0.006572461386789352,0.01807426881367072,0.05652316792638843,0.035162668419323036,0.20966151823858034,0.012816299704239238,0.0,0.12849162011173185,0.0,Карамзин,Марфа-Посадница или Покорение Новагорода
0.08153347732181425,0.08045356371490281,0.03725701943844492,0.0091792656587473,0.03941684665226782,0.03941684665226782,0.0,0.20248380129589633,0.012958963282937365,0.02159827213822894,0.06911447084233262,0.02159827213822894,0.21922246220302377,0.017818574514038878,0.0,0.1447084233261339,0.0032397408207343412,Карамзин,Письма русского путешественника
0.07922824302134647,0.07389162561576355,0.0451559934318555,0.00451559934318555,0.03489326765188834,0.022988505747126436,0.00041050903119868636,0.19293924466338258,0.031609195402298854,0.018883415435139574,0.054187192118226604,0.040229885057471264,0.22701149425287356,0.015599343185550082,0.0,0.12766830870279147,0.03078817733990148,Карамзин,Письма русского путешественника
0.08401236302332116,0.08878898567013206,0.0497330710873841,0.01152008991289688,0.04523742624332678,0.03624613655521214,0.0014048890137679123,0.22309637538634447,0.008429334082607475,0.03343635852767631,0.06631076144984546,0.0160157347569542,0.189098061253161,0.017701601573475695,0.0,0.12756392245012643,0.0014048890137679123,Карамзин,Граф нашего времени
0.11029411764705882,0.09803921568627451,0.05718954248366013,0.017973856209150325,0.05392156862745098,0.04411764705882353,0.0,0.2034313725490196,0.004084967320261438,0.03839869281045752,0.07434640522875817,0.013888888888888888,0.1650326797385621,0.022058823529411766,0.0,0.09640522875816994,0.0008169934640522876,Карамзин,"О сравнении древней, а особливо греческой, с немецкою и новейшею литературою"
0.07622739018087855,0.07784237726098191,0.04263565891472868,0.010012919896640826,0.03875968992248062,0.035852713178294575,0.0006459948320413437,0.1902454780361757,0.004521963824289405,0.027777777777777776,0.08430232558139535,0.01937984496124031,0.2225452196382429,0.021640826873385012,0.00032299741602067185,0.14728682170542637,0.0,Карамзин,Наталья боярская дочь
0.07140214576396596,0.072881982981872,0.0436551979282279,0.007029226785053644,0.04661487236403995,0.040695523492415835,0.0011098779134295228,0.20273769885312615,0.007029226785053644,0.028486866444691086,0.073621901590825,0.025157232704402517,0.2149463559008509,0.01553829078801332,0.0,0.14909359970403255,0.0,Карамзин,Наталья боярская дочь
0.055597867479055596,0.05864432597105865,0.03274942878903275,0.00456968773800457,0.024371667936024372,0.03427265803503427,0.0007616146230007616,0.17136329017517135,0.006092916984006093,0.02513328255902513,0.04112718964204113,0.04798172124904798,0.16450875856816452,0.015232292460015232,0.0,0.09063214013709063,0.22696115765422697,Карамзин,Генриада
0.08775313404050145,0.06878817100610736,0.045644487303117966,0.009964641594342655,0.036322725811636127,0.03182256509161042,0.0,0.20861459337833493,0.016072002571520413,0.028608164577306333,0.058823529411764705,0.046608807457409196,0.2073288331726133,0.015107682417229186,0.0,0.1211828993892639,0.017357762777242044,Карамзин,Письма русского путешественника
0.09252217997465145,0.07889733840304182,0.050063371356147024,0.010139416983523447,0.042458808618504436,0.02788339670468948,0.0003168567807351077,0.21831432192648922,0.013307984790874524,0.02376425855513308,0.057034220532319393,0.03580481622306717,0.2050063371356147,0.011406844106463879,0.0003168567807351077,0.10614702154626109,0.026615969581749048,Карамзин,Письма русского путешественника
0.09240040174087713,0.0780046869768999,0.05088717777033813,0.0077000334784064275,0.04084365584198192,0.03013056578506863,0.0006695681285570807,0.2092400401740877,0.012721794442584533,0.0190826916638768,0.05825242718446602,0.05021760964178105,0.2216270505523937,0.012387010378305993,0.00033478406427854036,0.11047874121191831,0.0050217609641781055,Карамзин,Письма русского путешественника
0.06364301389904901,0.09912216532553036,0.05596196049743965,0.008412582297000731,0.03401609363569861,0.03584491587417703,0.000731528895391368,0.17154352596927577,0.007681053401609363,0.025237746891002194,0.09765910753474762,0.030724213606437453,0.21104608632040966,0.01645940014630578,0.000731528895391368,0.14081931236283834,0.000365764447695684,Карамзин,Письма русского путешественника
0.09191295875284183,0.09061383566092887,0.03637544657356284,0.006495615459564794,0.0425462812601494,0.04189671971419292,0.0,0.22150048717115947,0.007469957778499512,0.023059434881455017,0.07372523546606041,0.003247807729782397,0.20168886001948685,0.012341669373173108,0.0,0.1471256901591426,0.0,Карамзин,Остров Бронгольм
0.08188720173535792,0.08080260303687635,0.03633405639913232,0.009219088937093275,0.039587852494577004,0.039587852494577004,0.0,0.20336225596529284,0.013015184381778741,0.021149674620390455,0.06941431670281996,0.021691973969631236,0.2185466377440347,0.01735357917570499,0.0,0.1447939262472885,0.0032537960954446853,Карамзин,Письма русского путешественника
0.07090301003344482,0.07090301003344482,0.04381270903010034,0.009030100334448161,0.042140468227424746,0.047157190635451506,0.00033444816053511704,0.1862876254180602,0.009364548494983277,0.020066889632107024,0.07023411371237458,0.04046822742474916,0.2117056856187291,0.014046822742474917,0.0,0.13010033444816055,0.033444816053511704,Карамзин,Письма русского путешественника
0.09191176470588236,0.07820855614973261,0.03442513368983957,0.006016042780748663,0.034759358288770054,0.03409090909090909,0.00033422459893048126,0.22894385026737968,0.013703208556149732,0.014037433155080214,0.048462566844919786,0.03910427807486631,0.21724598930481284,0.014705882352941176,0.0,0.11163101604278075,0.03241978609625668,Карамзин,Письма русского путешественника
0.07835218093699516,0.08669897684437264,0.04738826063543349,0.01050080775444265,0.04334948842218632,0.03796445880452343,0.001884760366182014,0.22482498653742597,0.00942380183091007,0.031233171782444804,0.06488960689283792,0.014539579967689823,0.20193861066235863,0.017770597738287562,0.0005385029617662897,0.12870220786214323,0.0,Карамзин,Граф нашего времени
0.07104984093319194,0.06998939554612937,0.05620360551431601,0.0,0.021208907741251327,0.027571580063626724,0.007423117709437964,0.1420996818663839,0.027571580063626724,0.02014846235418876,0.08907741251325557,0.030752916224814422,0.30010604453870626,0.010604453870625663,0.0,0.10816542948038176,0.018027571580063628,Карамзин,Письма русского путешественника
0.08858057630736393,0.08217716115261472,0.04411241551049449,0.008537886872998933,0.04304517965136962,0.048025613660619,0.0010672358591248667,0.215937388829598,0.007114905727499111,0.023479188900747065,0.08360014229811455,0.02774813233724653,0.18107435076485237,0.01814300960512273,0.0,0.12735681252223408,0.0,Карамзин,несколько слов о русской литературе
0.07629605477665471,0.09781545484186502,0.05412455167916531,0.010107597000326051,0.04597326377567656,0.033583306162373656,0.0,0.19041408542549723,0.011737854581023801,0.022171503097489404,0.08444734268014346,0.019563090968373,0.20410824910335834,0.014346266710140202,0.0,0.1317248125203782,0.0035865666775350504,Карамзин,Письма русского путешественника
0.07405022537025113,0.08918222794591114,0.04056664520283323,0.007405022537025113,0.03541532517707663,0.04185447520927238,0.0,0.18480360592401804,0.017385705086928525,0.016419832582099163,0.07759175788795879,0.028332260141661302,0.19285254346426273,0.015775917578879587,0.0003219575016097875,0.1310367031551835,0.04700579523502898,Карамзин,Письма русского путешественника
0.09067017082785808,0.09198423127463863,0.0328515111695138,0.002628120893561104,0.03613666228646518,0.028580814717477004,0.0,0.23291721419185282,0.02102496714848883,0.019053876478318004,0.05223390275952694,0.047963206307490146,0.20203679369250985,0.00985545335085414,0.0,0.11366622864651774,0.018396846254927726,Карамзин,Письма русского путешественника
0.08585718255070852,0.08891358710752988,0.04001111419838844,0.008891358710752986,0.04612392331203112,0.04362322867463184,0.0005557099194220616,0.19838844123367602,0.015837732703528756,0.021950541817171435,0.06446235065295916,0.037788274520700195,0.20366768546818562,0.011114198388441235,0.0,0.1269797165879411,0.005834954153931648,Карамзин,Письма русского путешественника
0.0775588048315321,0.08900190718372536,0.05435473617291799,0.012396694214876033,0.034329307056579786,0.03146853146853147,0.0006357279084551812,0.19071837253655435,0.01048951048951049,0.024475524475524476,0.08582326764144946,0.03464717101080737,0.20756516211061665,0.016846789574062302,0.0,0.12269548633184997,0.006993006993006993,Карамзин,Письма русского путешественника
0.04552129221732746,0.06681350954478708,0.04185022026431718,0.008076358296622614,0.027165932452276064,0.028634361233480177,0.002936857562408223,0.19897209985315711,0.005873715124816446,0.035976505139500736,0.08516886930983847,0.033773861967694566,0.2775330396475771,0.021292217327459617,0.0,0.11160058737151249,0.00881057268722467,Карамзин,Письма русского путешественника
0.0928597854236034,0.07436182019977802,0.033296337402885685,0.005549389567147614,0.04476507584165742,0.03736588975212726,0.0007399186089530152,0.22160562338142803,0.005179430262671106,0.01812800591934887,0.06252312245652979,0.03440621531631521,0.21790603033666298,0.012948575656677765,0.0,0.13836477987421383,0.0,Карамзин,Марфа-Посадница или Покорение Новагорода
0.07907477138246369,0.08068854222700376,0.05083378160301237,0.013179128563743949,0.04384077461000538,0.036309844002151696,0.0016137708445400753,0.2192038730500269,0.00914470145239376,0.03415814954276493,0.06428187197417967,0.013986013986013986,0.20548682087143624,0.017213555675094135,0.0005379236148466917,0.13044647660032274,0.0,Карамзин,Граф нашего времени
0.06629213483146068,0.09588014981273409,0.05393258426966292,0.009363295880149813,0.03408239700374532,0.039700374531835204,0.000749063670411985,0.17378277153558053,0.006367041198501872,0.027715355805243445,0.09588014981273409,0.027715355805243445,0.20861423220973782,0.01647940074906367,0.000749063670411985,0.14232209737827714,0.0003745318352059925,Карамзин,Письма русского путешественника
0.09203914308384026,0.08833641893678922,0.041523406506215284,0.005554086220576567,0.043110288283522875,0.040729965617561495,0.0002644802962179318,0.20179846601428195,0.01507537688442211,0.01957154192012695,0.06453319227717536,0.04469717006083047,0.20761703253107644,0.01348849510711452,0.0,0.11875165300185136,0.0029092832583972493,Карамзин,Письма русского путешественника
0.08819263127357121,0.07339715694807078,0.04902814041195242,0.009863649550333623,0.03684363214389324,0.03684363214389324,0.0002901073397156948,0.19379170293008413,0.011894400928343487,0.03510298810559907,0.06266318537859007,0.03278212938787351,0.2126486800116043,0.020887728459530026,0.0,0.11401218450826806,0.02175805047867711,Карамзин,Письма русского путешественника
0.0878740157480315,0.0894488188976378,0.050393700787401574,0.012598425196850394,0.047244094488188976,0.03338582677165354,0.00031496062992125983,0.19874015748031496,0.02204724409448819,0.025196850393700787,0.06708661417322835,0.0368503937007874,0.19716535433070867,0.01700787401574803,0.0,0.11433070866141733,0.00031496062992125983,Карамзин,Письма русского путешественника
0.06700091157702825,0.08659981768459435,0.05150410209662717,0.010027347310847767,0.037830446672743843,0.02643573381950775,0.00045578851412944393,0.1927985414767548,0.015496809480401094,0.02871467639015497,0.08067456700091158,0.03190519598906107,0.21969006381039197,0.02324521422060164,0.0,0.11941659070191431,0.008204193254329991,Карамзин,Письма русского путешественника
0.07757496740547588,0.08702737940026076,0.046610169491525424,0.007496740547588005,0.04432855280312908,0.029661016949152543,0.0,0.20990873533246415,0.016297262059973925,0.022816166883963495,0.059322033898305086,0.02998696219035202,0.21023468057366362,0.01499348109517601,0.0,0.13005215123859193,0.013689700130378096,Карамзин,Письма русского путешественника
0.08854612967723507,0.10025706940874037,0.0485575549842902,0.007712082262210797,0.046843758926021134,0.04198800342759212,0.00028563267637817766,0.19765781205369895,0.01342473578977435,0.019994287346472437,0.08140531276778064,0.02799200228506141,0.1830905455584119,0.017994858611825194,0.0,0.1228220508426164,0.0014281633818908884,Карамзин,Письма русского путешественника
0.08474046278924327,0.08724202626641651,0.050031269543464665,0.012195121951219513,0.04002501563477173,0.03439649781113196,0.00031269543464665416,0.20762976860537835,0.007817385866166354,0.032207629768605375,0.07598499061913697,0.016260162601626018,0.19824890556597874,0.01876172607879925,0.0,0.13258286429018137,0.0015634771732332708,Карамзин,Граф нашего времени
0.08399889837510328,0.0952905535665106,0.0542550261635913,0.009088405397961994,0.04571743321399064,0.03883227760947398,0.0002754062241806665,0.21343982374001652,0.019003029468465986,0.02093087303773065,0.06940236849352796,0.03167171578077665,0.16882401542274855,0.017901404571743322,0.0,0.12117873863949326,0.01019003029468466,Карамзин,Письма русского путешественника
0.07237715803452856,0.0753652058432935,0.04448871181938911,0.008300132802124834,0.03884462151394422,0.034528552456839307,0.0006640106241699867,0.18193891102257637,0.00398406374501992,0.03154050464807437,0.08665338645418327,0.018260292164674636,0.22742363877822044,0.02390438247011952,0.0006640106241699867,0.15106241699867198,0.0,Карамзин,Наталья боярская дочь
0.08926933659431367,0.08315499847141547,0.05411189238764904,0.007337205747477835,0.040354631611128094,0.035768878018954446,0.0,0.2149189850198716,0.011922959339651483,0.024763069397737696,0.05350045857535922,0.035157444206664626,0.21919902170590033,0.012840110058086213,0.0,0.11708957505350046,0.0006114338122898196,Карамзин,Письма русского путешественника
0.09072847682119205,0.10927152317880795,0.05132450331125828,0.0076158940397350995,0.04437086092715232,0.03774834437086093,0.00033112582781456954,0.22682119205298013,0.016225165562913906,0.01390728476821192,0.07350993377483443,0.023509933774834436,0.16225165562913907,0.010596026490066225,0.0,0.13013245033112583,0.0016556291390728477,Карамзин,Письма русского путешественника
0.06281118345461509,0.09000382995021065,0.057449253159708925,0.009574875526618154,0.03715051704327844,0.031022596706242817,0.0007659900421294523,0.17196476445806205,0.007276905400229797,0.02680965147453083,0.0938337801608579,0.0248946763692072,0.22481807736499426,0.01800076599004213,0.0007659900421294523,0.13826120260436614,0.004595940252776714,Карамзин,Письма русского путешественника
0.05896805896805897,0.060196560196560195,0.04914004914004914,0.004914004914004914,0.02702702702702703,0.01597051597051597,0.0018427518427518428,0.18611793611793612,0.016584766584766583,0.029484029484029485,0.06633906633906633,0.04668304668304668,0.26535626535626533,0.014742014742014743,0.0,0.12407862407862408,0.032555282555282554,Карамзин,Письма русского путешественника
0.09742500663658084,0.08229360233607645,0.04512874966817096,0.006902044066896735,0.0578709848685957,0.031855588001061856,0.0005309264666843643,0.21767985134058934,0.01008760286700292,0.03159012476771967,0.05972922750199097,0.019113352800637112,0.18502787363950093,0.022033448367401114,0.0,0.12981152110432706,0.002920095566764003,Карамзин,Письма русского путешественника
0.0661215783860647,0.08851759687166726,0.05225737646640597,0.014219694276573054,0.039459651617490224,0.03874866690366157,0.0007109847138286527,0.14930678990401705,0.006043370067543548,0.028794880910060435,0.11980092428012798,0.031283327408460716,0.1997867045858514,0.023107003199431212,0.0,0.1393530039104159,0.002488446498400284,Карамзин,Письма русского путешественника
0.07219083490269931,0.1007532956685499,0.053358443188951665,0.01349654739485248,0.038606403013182675,0.0423728813559322,0.00031387319522912746,0.19742623979912116,0.018518518518518517,0.018518518518518517,0.08662900188323917,0.02197112366603892,0.177338355304457,0.014438166980539862,0.0,0.13402385436283742,0.010043942247332079,Карамзин,Письма русского путешественника
0.06728444802578566,0.0926672038678485,0.06003223207091055,0.011281224818694601,0.03746978243352135,0.03908138597904915,0.0,0.1982272360999194,0.010878323932312651,0.028605962933118453,0.08742949234488316,0.018533440773569703,0.18412570507655115,0.023771152296535054,0.0,0.14061240934730057,0.0,Карамзин,Письма русского путешественника
0.07486437613019892,0.08571428571428572,0.04810126582278481,0.0065099457504520794,0.04014466546112116,0.040867992766726945,0.0007233273056057866,0.19132007233273057,0.010126582278481013,0.018083182640144666,0.06907775768535263,0.030018083182640144,0.21193490054249547,0.014104882459312839,0.0003616636528028933,0.12151898734177215,0.036528028933092226,Карамзин,Письма русского путешественника
0.07512626262626262,0.09343434343434344,0.041666666666666664,0.008838383838383838,0.036616161616161616,0.04734848484848485,0.0006313131313131314,0.20896464646464646,0.009154040404040404,0.017361111111111112,0.08112373737373738,0.018308080808080808,0.20202020202020202,0.017992424242424244,0.0,0.1388888888888889,0.0025252525252525255,Карамзин,Письма русского путешественника
0.07808398950131233,0.08431758530183726,0.04691601049868766,0.007545931758530184,0.04494750656167979,0.029855643044619424,0.00032808398950131233,0.21095800524934383,0.016076115485564306,0.023622047244094488,0.05905511811023622,0.029855643044619424,0.2099737532808399,0.015091863517060367,0.0,0.12959317585301838,0.013779527559055118,Карамзин,Письма русского путешественника
0.09087577867350678,0.08208134847929645,0.04470502015390253,0.008794430194210334,0.042506412605349944,0.04690362770245511,0.0010993037742762918,0.21289849761817514,0.007328691828508612,0.024184683034078416,0.08318065225357274,0.028215463539758154,0.18175155734701356,0.017955294979846097,0.0,0.12751923781604985,0.0,Карамзин,несколько слов о русской литературе
0.07998725302740599,0.10006373486297004,0.05289993626513703,0.009241555130656469,0.036328871892925434,0.035691523263224986,0.00031867431485022306,0.21223709369024857,0.014977692797960485,0.019757807520713832,0.0634161886551944,0.032823454429572976,0.18291905672402806,0.014340344168260038,0.0,0.12555768005098789,0.019439133205863608,Карамзин,Письма русского путешественника
0.08507549361207897,0.08420441347270616,0.04152148664343786,0.007549361207897794,0.03948896631823461,0.0313588850174216,0.0008710801393728223,0.19628339140534262,0.009872241579558653,0.01916376306620209,0.052555168408826944,0.040360046457607435,0.2038327526132404,0.014518002322880372,0.0,0.10975609756097561,0.06358885017421603,Карамзин,Письма русского путешественника
0.07315315315315316,0.08288288288288288,0.04288288288288288,0.014414414414414415,0.036036036036036036,0.04072072072072072,0.0007207207207207207,0.15387387387387388,0.005765765765765766,0.03099099099099099,0.11747747747747747,0.03423423423423423,0.21045045045045044,0.02054054054054054,0.0,0.129009009009009,0.006846846846846847,Карамзин,Письма русского путешественника
0.09488651900464862,0.08422203992343451,0.04593929450369155,0.006562756357670222,0.051955154498222585,0.034454470877768664,0.0008203445447087777,0.21192234071643423,0.010117582718074924,0.03171998906207274,0.06043204812687995,0.019414820891441073,0.18703855619360132,0.02269619907027618,0.0,0.13098167897183483,0.006836204539239814,Карамзин,Письма русского путешественника
0.0934795152914022,0.09059434506635891,0.03693017888055395,0.006058857472590883,0.0415464512406232,0.0415464512406232,0.0,0.22273514137334102,0.007212925562608194,0.022215810732833238,0.0727062896710906,0.006635891517599538,0.20109636468551645,0.012406231967686093,0.0,0.14425851125216388,0.0005770340450086555,Карамзин,Остров Бронгольм
0.08281389136242208,0.09884238646482636,0.0458593054318789,0.003116651825467498,0.03695458593054319,0.036064113980409616,0.0004452359750667854,0.19590382902938558,0.022707034728406055,0.018699910952804988,0.07880676758682101,0.0213713268032057,0.19857524487978628,0.012021371326803205,0.0,0.1433659839715049,0.004452359750667854,Карамзин,Письма русского путешественника
0.09256158813680937,0.08945228414254963,0.05166228175077733,0.0052618990672088015,0.04711791437455154,0.03157139440325281,0.00023917723032767282,0.2085625448457307,0.012915570437694332,0.020330064577852188,0.0633819660368333,0.03396316670652954,0.20473570916048792,0.01698158335326477,0.0,0.11839272901219804,0.0028701267639320736,Карамзин,Письма русского путешественника
0.0880893300248139,0.08436724565756824,0.05272952853598015,0.007133995037220843,0.03970223325062035,0.03535980148883375,0.00031017369727047146,0.21277915632754343,0.012096774193548387,0.02512406947890819,0.057692307692307696,0.03318858560794045,0.22022332506203474,0.01271712158808933,0.0,0.11786600496277916,0.0006203473945409429,Карамзин,Письма русского путешественника
0.09037037037037036,0.08246913580246913,0.05283950617283951,0.012839506172839505,0.045925925925925926,0.035555555555555556,0.0009876543209876543,0.21555555555555556,0.009135802469135803,0.03432098765432099,0.06222222222222222,0.013580246913580247,0.20222222222222222,0.01925925925925926,0.0004938271604938272,0.12222222222222222,0.0,Карамзин,Граф нашего времени
0.0963855421686747,0.0749665327978581,0.04049531459170013,0.007362784471218206,0.036479250334672024,0.025435073627844713,0.0006693440428380187,0.214524765729585,0.012048192771084338,0.018406961178045515,0.05187416331994645,0.053882195448460506,0.21084337349397592,0.009370816599732263,0.0,0.11847389558232932,0.028781793842034806,Карамзин,Письма русского путешественника
0.11029411764705882,0.09803921568627451,0.05718954248366013,0.017973856209150325,0.05392156862745098,0.04411764705882353,0.0,0.2034313725490196,0.004084967320261438,0.03839869281045752,0.07434640522875817,0.013888888888888888,0.1650326797385621,0.022058823529411766,0.0,0.09640522875816994,0.0008169934640522876,Карамзин,"О сравнении древней, а особливо греческой, с немецкою и новейшею литературою"
0.07974481658692185,0.09186602870813397,0.05135566188197767,0.005103668261562998,0.049441786283891544,0.030303030303030304,0.0006379585326953748,0.20637958532695375,0.01467304625199362,0.030303030303030304,0.06762360446570972,0.022966507177033493,0.19840510366826156,0.013397129186602871,0.0,0.13588516746411483,0.0019138755980861245,Карамзин,Письма русского путешественника
0.09433962264150944,0.07715633423180593,0.03537735849056604,0.009097035040431268,0.04043126684636118,0.03571428571428571,0.0006738544474393531,0.22742587601078168,0.011455525606469003,0.02425876010781671,0.05592991913746631,0.04716981132075472,0.1940700808625337,0.013814016172506738,0.0,0.11253369272237197,0.02055256064690027,Карамзин,Письма русского путешественника
0.07888198757763976,0.08229813664596274,0.04720496894409938,0.008695652173913044,0.04565217391304348,0.046894409937888196,0.0012422360248447205,0.19285714285714287,0.015527950310559006,0.02577639751552795,0.07267080745341616,0.03260869565217391,0.19006211180124225,0.018012422360248446,0.0,0.13788819875776398,0.0037267080745341614,Карамзин,Письма русского путешественника
0.07880521131236098,0.07816968541468065,0.040673657451541154,0.010168414362885288,0.040673657451541154,0.0374960279631395,0.0006355258976803305,0.19224658404829997,0.004766444232602479,0.025103272958373054,0.0823006037496028,0.01938353987925008,0.22179853829043533,0.02129011757229107,0.00031776294884016526,0.14617095646647602,0.0,Карамзин,Наталья боярская дочь
0.06604114038253338,0.09527246481414652,0.0534103211836882,0.009382894261999277,0.03356189101407434,0.04294478527607362,0.0007217610970768675,0.17502706604114038,0.006134969325153374,0.0277878022374594,0.09563334536268495,0.028148682785997834,0.20534103211836882,0.017683146878383255,0.0007217610970768675,0.1418260555756045,0.00036088054853843375,Карамзин,Письма русского путешественника
0.08741648106904232,0.10161469933184855,0.05846325167037862,0.008908685968819599,0.04482182628062361,0.04175946547884187,0.0011135857461024498,0.21520044543429845,0.013919821826280624,0.018374164810690423,0.0779510022271715,0.01475501113585746,0.16898663697104677,0.014198218262806235,0.0,0.13251670378619154,0.0,Карамзин,Письма русского путешественника
0.09259885096316323,0.07603920243325447,0.03818857722203447,0.00777289624873268,0.03954038526529233,0.03683676917877662,0.0,0.22980736735383575,0.012166272389320717,0.023994592767826967,0.05474822575194323,0.037850625211220006,0.21020615072659682,0.014193984454207503,0.0003379520108144643,0.11963501182832038,0.006083136194660358,Карамзин,Письма русского путешественника
0.09169418338836678,0.06477012954025908,0.042164084328168656,0.011938023876047752,0.04851409702819406,0.04318008636017272,0.000254000508001016,0.2319024638049276,0.004064008128016256,0.030988061976123953,0.06146812293624587,0.02667005334010668,0.19786639573279147,0.0254000508001016,0.0,0.11201422402844806,0.007112014224028448,Карамзин,"Нечто о науках, искусствах и просвещении"
0.08971620384498016,0.09002136100091547,0.0503509307293256,0.012511443393347574,0.04790967348184315,0.036313701556301495,0.0,0.20292950869697896,0.0183094293561184,0.01922490082392432,0.06774488861763808,0.035398230088495575,0.19774183704607873,0.01647848642050656,0.0,0.11504424778761062,0.0003051571559353067,Карамзин,Письма русского путешественника
0.09148793565683647,0.06668900804289545,0.035522788203753354,0.007372654155495978,0.04423592493297587,0.03351206434316354,0.0,0.23424932975871313,0.0070375335120643435,0.016420911528150135,0.05630026809651475,0.030160857908847184,0.21749329758713137,0.015750670241286863,0.0,0.1437667560321716,0.0,Карамзин,Марфа-Посадница или Покорение Новагорода
0.07273434461299105,0.09451575262543757,0.044340723453908985,0.012446518864255154,0.040840140023337225,0.039673278879813305,0.0,0.205756514974718,0.013613380007779074,0.019836639439906652,0.07001166861143523,0.026448852586542202,0.20770128354725786,0.010501750291715286,0.0,0.1380785686503306,0.003500583430571762,Карамзин,Письма русского путешественника
0.07900040306328093,0.07134220072551391,0.039500201531640466,0.0068520757758968156,0.0237807335751713,0.03466344216041919,0.0012091898428053204,0.19588875453446192,0.012091898428053204,0.014913341394598953,0.049576783555018135,0.041112454655380895,0.20878677952438532,0.012091898428053204,0.0,0.11366384522370013,0.09552599758162031,Карамзин,Письма русского путешественника
0.10230692076228685,0.07723169508525576,0.06018054162487462,0.012036108324974924,0.05215646940822467,0.031093279839518557,0.0,0.20260782347041123,0.0160481444332999,0.026078234704112337,0.05115346038114343,0.0320962888665998,0.19157472417251756,0.01905717151454363,0.0,0.12437311935807423,0.0020060180541624875,Карамзин,"Опыт нынешнего естественного, гражданского и политического состояния Швейцарии"
0.0871132472213878,0.08531090417542805,0.05256833884049264,0.012316010814058276,0.039951937518774405,0.03394412736557525,0.0006007810153199159,0.2084710123160108,0.008410934214478822,0.0321417843196155,0.07479723640732953,0.01622108741363773,0.19675578251727247,0.019525382997897266,0.0,0.13036948032442175,0.0015019525382997897,Карамзин,Граф нашего времени
0.09045956951716114,0.06922629435718441,0.040430482838859805,0.005817335660267597,0.03810354857475276,0.035485747527632346,0.0008726003490401396,0.19458987783595114,0.007853403141361256,0.02239674229203025,0.0447934845840605,0.05002908667830134,0.20215241419429902,0.01977894124490983,0.0,0.1099476439790576,0.06806282722513089,Карамзин,Письма русского путешественника
0.09217343877829288,0.0747204799563676,0.041178074720479955,0.0059994545950368145,0.03817834742296155,0.035724025088628306,0.0008181074447777475,0.19989091900736297,0.00763566948459231,0.020179983637851104,0.043359694573220614,0.04608671938914644,0.20125443141532587,0.019089173711480775,0.0,0.10962639760021817,0.06408508317425689,Карамзин,Письма русского путешественника
0.09129581151832461,0.09293193717277487,0.05039267015706806,0.010471204188481676,0.046793193717277484,0.03599476439790576,0.0,0.2032068062827225,0.018651832460732983,0.015379581151832461,0.06446335078534031,0.031413612565445025,0.2054973821989529,0.011452879581151832,0.0,0.11878272251308901,0.0032722513089005235,Карамзин,Письма русского путешественника
0.09545875810936053,0.08649984553599012,0.035526722273710225,0.003398208217485326,0.03707136237256719,0.02564102564102564,0.0,0.230151374729688,0.020080321285140562,0.01791782514674081,0.047574915044794566,0.05251776336113686,0.20481927710843373,0.009267840593141797,0.0,0.11337658325610132,0.020698177324683348,Карамзин,Письма русского путешественника
0.08588770864946889,0.08588770864946889,0.036418816388467376,0.010925644916540212,0.034597875569044007,0.03611532625189681,0.0009104704097116844,0.22610015174506828,0.012443095599393019,0.027921092564491653,0.06039453717754173,0.025189681335356602,0.21608497723823974,0.015477996965098634,0.00030349013657056146,0.12169954476479515,0.0036418816388467377,Карамзин,Письма русского путешественника
0.07384714608190907,0.0764269590454692,0.04288939051918736,0.009029345372460496,0.038697194453402126,0.033860045146726865,0.0006449532408900354,0.18606900999677523,0.00419219606578523,0.030957755562721703,0.08481135117703967,0.01805869074492099,0.2273460174137375,0.022573363431151242,0.0006449532408900354,0.14995162850693325,0.0,Карамзин,Наталья боярская дочь
0.0998003992015968,0.08882235528942116,0.04025282767797738,0.00665335994677312,0.039254823685961414,0.034264803725881574,0.0013306719893546241,0.2072521623419827,0.018962075848303395,0.023286759813705923,0.06054557551563539,0.028276779773785763,0.2025948103792415,0.014970059880239521,0.00033266799733865603,0.1157684630738523,0.01763140385894877,Карамзин,Письма русского путешественника
0.09372156505914468,0.06824385805277525,0.04913557779799818,0.015468607825295723,0.03548680618744313,0.06642402183803457,0.0,0.20473157415832574,0.011828935395814377,0.03366696997270246,0.05368516833484986,0.04094631483166515,0.18926296633303002,0.020018198362147407,0.0,0.11282984531392175,0.004549590536851683,Карамзин,О Шекспире
0.09814150635800456,0.06521030322791001,0.0345614607107923,0.008151287903488751,0.05021193348549071,0.04108249103358331,0.00032605151613955004,0.24160417345940657,0.007173133355070101,0.023475709162047602,0.04923377893707206,0.03619171829149005,0.20182588849038147,0.020215194000652102,0.0,0.12259537006847082,0.0,Карамзин,Марфа-Посадница или Покорение Новагорода
0.0775643349039507,0.0844508880028996,0.0395070677781805,0.010148604566872055,0.04566872055092425,0.04929322218194998,0.001812250815512867,0.1812250815512867,0.006524102935846321,0.026096411743385284,0.09931134469010511,0.016672707502718376,0.19717288872779992,0.013048205871692642,0.0,0.15150416817687568,0.0,Карамзин,Наталья боярская дочь
0.08123342175066313,0.0616710875331565,0.04177718832891247,0.004310344827586207,0.03680371352785146,0.03647214854111406,0.001326259946949602,0.1952917771883289,0.009946949602122016,0.023872679045092837,0.055039787798408485,0.04409814323607427,0.22281167108753316,0.01790450928381963,0.0,0.10510610079575597,0.0623342175066313,Карамзин,Письма русского путешественника
0.09535759096612297,0.09880803011292347,0.05144291091593475,0.008155583437892095,0.04548306148055207,0.0335633626097867,0.0003136762860727729,0.22835633626097868,0.015683814303638646,0.015683814303638646,0.06524466750313676,0.030740276035131745,0.16468005018820578,0.011606022584692597,0.0,0.12327478042659976,0.011606022584692597,Карамзин,Письма русского путешественника
0.09127382146439318,0.0779003677699766,0.03744567034436643,0.008692744901370779,0.04012036108324975,0.035439652290203946,0.0006686726847208291,0.22768304914744233,0.011367435640254095,0.02340354396522902,0.054496823804747574,0.04714142427281846,0.19558676028084251,0.013707790036776997,0.0,0.1146773654296222,0.02039451688398529,Карамзин,Письма русского путешественника
0.06654611211573237,0.08824593128390597,0.052079566003616636,0.014828209764918625,0.04014466546112116,0.03905967450271248,0.0007233273056057866,0.14719710669077757,0.006148282097649186,0.028933092224231464,0.12115732368896925,0.03074141048824593,0.1996383363471971,0.023869801084990958,0.0,0.13815551537070525,0.002531645569620253,Карамзин,Письма русского путешественника
0.054884742041712405,0.06695938529088913,0.03293084522502744,0.008781558726673985,0.03293084522502744,0.040889132821075744,0.0013721185510428102,0.15669593852908892,0.009604829857299671,0.021130625686059275,0.07546652030735455,0.030735455543358946,0.1863336992316136,0.018111964873765093,0.0005488474204171241,0.10867178924259056,0.1539517014270033,Карамзин,Письма русского путешественника
0.09416141957641672,0.09101316542644533,0.03720663995420721,0.006010303377218088,0.04293073840870063,0.0412135088723526,0.0,0.2209502003434459,0.007155123068116772,0.022610188895249,0.07212364052661706,0.007441327990841442,0.1991986262163709,0.013451631368059531,0.0,0.14396107613050946,0.0005724098454493417,Карамзин,Остров Бронгольм
0.07241495453014483,0.08757157292017514,0.047490737622094985,0.010778039744021556,0.03805995284607612,0.03334456045806669,0.0003368137420006736,0.16807005725833615,0.008083529808016167,0.028292354328056584,0.11047490737622095,0.029976423038059953,0.20781407881441563,0.01953519703603907,0.0,0.1316941731222634,0.006062647356012125,Карамзин,Письма русского путешественника
0.0794661813770094,0.09372156505914468,0.039429784652714586,0.011222323324234153,0.04094631483166515,0.051258720048528966,0.0,0.21474067333939945,0.010615711252653927,0.020928116469517744,0.08583560812860176,0.008492569002123142,0.17227782832878374,0.020928116469517744,0.0,0.1492265696087352,0.0009099181073703367,Карамзин,Моя исповель
0.07202216066481995,0.08240997229916898,0.037049861495844875,0.0110803324099723,0.043975069252077566,0.046398891966759004,0.0,0.1977146814404432,0.00796398891966759,0.018351800554016622,0.0664819944598338,0.04155124653739612,0.20706371191135733,0.013504155124653739,0.0,0.12707756232686981,0.027354570637119113,Карамзин,Письма русского путешественника
0.09180327868852459,0.09245901639344262,0.051147540983606556,0.010491803278688525,0.04622950819672131,0.036065573770491806,0.0,0.2036065573770492,0.018032786885245903,0.015081967213114755,0.06491803278688525,0.03016393442622951,0.20524590163934425,0.01180327868852459,0.0,0.11967213114754098,0.003278688524590164,Карамзин,Письма русского путешественника
0.08545770567786791,0.09443800695249131,0.04519119351100811,0.007531865585168019,0.046349942062572425,0.03852838933951332,0.00028968713789107763,0.1955388180764774,0.014194669756662804,0.021147161066048668,0.08400926998841252,0.026651216685979143,0.1929316338354577,0.017091541135573582,0.0,0.12601390498261877,0.004634994206257242,Карамзин,Письма русского путешественника
0.09403134378126042,0.06602200733577859,0.04001333777925975,0.008336112037345782,0.05235078359453151,0.039679893297765924,0.00033344448149383126,0.23507835945315106,0.0040013337779259755,0.02634211403801267,0.05268422807602534,0.03401133711237079,0.1993997999333111,0.020006668889629875,0.0,0.12770923641213738,0.0,Карамзин,Марфа-Посадница или Покорение Новагорода
0.07534466175056108,0.08977236293683873,0.042000641231163836,0.006412311638345623,0.03526771401090093,0.04007694773966015,0.0,0.18339211285668483,0.01923693491503687,0.01667201025969862,0.0785508175697339,0.02693170888105162,0.1923693491503687,0.015389547932029497,0.0003206155819172812,0.13401731324142355,0.0442449503045848,Карамзин,Письма русского путешественника
0.08253588516746412,0.06638755980861244,0.042165071770334926,0.004186602870813397,0.035287081339712915,0.0367822966507177,0.0008971291866028708,0.1928827751196172,0.009569377990430622,0.02452153110047847,0.04904306220095694,0.04724880382775119,0.21351674641148324,0.0215311004784689,0.0,0.10675837320574162,0.06668660287081339,Карамзин,Письма русского путешественника
0.08379888268156424,0.0782122905027933,0.048560378169316715,0.010313708637730984,0.04082509669101848,0.02578427159432746,0.0021486892995272885,0.19123334765792865,0.006446067898581865,0.017619252256123763,0.07219596046411689,0.03223033949290933,0.22862054146970348,0.017619252256123763,0.0,0.13450795015040826,0.009883970777825527,Карамзин,Письма русского путешественника
0.08929702343255225,0.0785307156428119,0.052564914502849905,0.01266624445851805,0.04116529449018366,0.04116529449018366,0.00031665611146295124,0.19569347688410385,0.008233058898036731,0.03261557948068398,0.07156428119062698,0.022482583913869536,0.20139328689043698,0.02311589613679544,0.0,0.12761241291956935,0.0015832805573147563,Карамзин,Письма русского путешественника
0.09310682783404116,0.07677229663508657,0.05129042796471741,0.010780790591310029,0.04181639986932375,0.028095393662201894,0.0003266906239790918,0.21300228683436787,0.01110748121528912,0.02319503430251552,0.05847762169225743,0.03691604050963737,0.21234890558640968,0.012414243711205489,0.0003266906239790918,0.10454099967330938,0.02548186867036916,Карамзин,Письма русского путешественника
0.0732375085557837,0.07597535934291581,0.038329911019849415,0.009582477754962354,0.04654346338124572,0.04654346338124572,0.0,0.1995208761122519,0.007186858316221766,0.018822724161533196,0.06331279945242985,0.040383299110198494,0.2032854209445585,0.012662559890485968,0.0,0.1293634496919918,0.035249828884325804,Карамзин,Письма русского путешественника
0.08977700550246162,0.06921517520996236,0.04083405734144222,0.005792064871126557,0.038517231392991604,0.035331595713872,0.0008688097306689834,0.19287576020851432,0.007819287576020852,0.02229944975383724,0.04459889950767448,0.05068056762235737,0.20330147697654213,0.01998262380538662,0.0,0.1103388357949609,0.0677671589921807,Карамзин,Письма русского путешественника
0.09685489635453895,0.07934238741958542,0.03323802716225876,0.006433166547533953,0.04503216583273767,0.03323802716225876,0.00035739814152966406,0.23624017155110794,0.006433166547533953,0.017155110793423873,0.056468906361686916,0.03323802716225876,0.2126518942101501,0.01322373123659757,0.0,0.13009292351679771,0.0,Карамзин,Марфа-Посадница или Покорение Новагорода
0.07700205338809035,0.06297056810403832,0.04243668720054757,0.004449007529089665,0.03764544832306639,0.03593429158110883,0.0013689253935660506,0.1947296372347707,0.01026694045174538,0.02087611225188227,0.05475701574264202,0.044490075290896644,0.22313483915126625,0.01574264202600958,0.0,0.11019849418206708,0.06399726214921286,Карамзин,Письма русского путешественника
0.07495133030499676,0.08208955223880597,0.043478260869565216,0.010058403634003893,0.04380272550292018,0.05223880597014925,0.001946787800129786,0.19143413367942894,0.0136275146009085,0.026606099935107073,0.08176508760545101,0.029526281635301754,0.1943543153796236,0.016872160934458143,0.0,0.13335496430889032,0.003893575600259572,Карамзин,Письма русского путешественника
0.07805299539170507,0.06365207373271889,0.039746543778801845,0.004032258064516129,0.033122119815668205,0.03225806451612903,0.0008640552995391706,0.18202764976958524,0.009792626728110598,0.02304147465437788,0.04406682027649769,0.05443548387096774,0.21025345622119815,0.02044930875576037,0.0,0.1005184331797235,0.10368663594470046,Карамзин,Письма русского путешественника
0.08442503639010189,0.09461426491994178,0.045414847161572056,0.008442503639010189,0.04192139737991266,0.0462882096069869,0.0008733624454148472,0.1970887918486172,0.011353711790393014,0.01950509461426492,0.0777292576419214,0.03435225618631732,0.188646288209607,0.016302765647743814,0.0,0.11906841339155749,0.013973799126637555,Карамзин,Письма русского путешественника
0.09372156505914468,0.06824385805277525,0.04913557779799818,0.015468607825295723,0.03548680618744313,0.06642402183803457,0.0,0.20473157415832574,0.011828935395814377,0.03366696997270246,0.05368516833484986,0.04094631483166515,0.18926296633303002,0.020018198362147407,0.0,0.11282984531392175,0.004549590536851683,Карамзин,О Шекспире
0.08783399658897101,0.0977828311540648,0.05230244457077885,0.009096077316657191,0.046617396247868106,0.03524729960204662,0.0005685048322910744,0.21887436043206368,0.01847640704945992,0.01961341671404207,0.06679931779420126,0.030699260943718023,0.1662876634451393,0.015065378055713473,0.0,0.12421830585559977,0.010517339397384877,Карамзин,Письма русского путешественника
0.09372156505914468,0.06824385805277525,0.04913557779799818,0.015468607825295723,0.03548680618744313,0.06642402183803457,0.0,0.20473157415832574,0.011828935395814377,0.03366696997270246,0.05368516833484986,0.04094631483166515,0.18926296633303002,0.020018198362147407,0.0,0.11282984531392175,0.004549590536851683,Карамзин,О Шекспире
0.09676461858118136,0.08459483526268922,0.03561887800534283,0.003561887800534283,0.03680617393885426,0.024933214603739984,0.0,0.22796081923419412,0.019887206886316414,0.01751261501929356,0.04927278124072425,0.053725140991392105,0.20451172454734343,0.009201543484713566,0.0,0.11457405758385278,0.021074502819827843,Карамзин,Письма русского путешественника
0.10230692076228685,0.07723169508525576,0.06018054162487462,0.012036108324974924,0.05215646940822467,0.031093279839518557,0.0,0.20260782347041123,0.0160481444332999,0.026078234704112337,0.05115346038114343,0.0320962888665998,0.19157472417251756,0.01905717151454363,0.0,0.12437311935807423,0.0020060180541624875,Карамзин,"Опыт нынешнего естественного, гражданского и политического состояния Швейцарии"
0.07474554707379134,0.08301526717557252,0.041348600508905854,0.009541984732824428,0.04198473282442748,0.041666666666666664,0.0006361323155216285,0.19274809160305342,0.0057251908396946565,0.024173027989821884,0.0868320610687023,0.020674300254452927,0.21660305343511452,0.017493638676844784,0.0003180661577608143,0.14249363867684478,0.0,Карамзин,Наталья боярская дочь
0.07207207207207207,0.08974358974358974,0.05544005544005544,0.011088011088011088,0.04331254331254331,0.04054054054054054,0.0003465003465003465,0.19854469854469856,0.0148995148995149,0.023215523215523216,0.08385308385308385,0.016632016632016633,0.18711018711018712,0.020443520443520442,0.0,0.13894663894663895,0.0038115038115038116,Карамзин,Письма русского путешественника
0.09326599326599326,0.07811447811447811,0.047474747474747475,0.008417508417508417,0.04242424242424243,0.029966329966329967,0.00101010101010101,0.20976430976430976,0.014141414141414142,0.019865319865319864,0.05589225589225589,0.05117845117845118,0.2202020202020202,0.012457912457912458,0.0,0.10976430976430976,0.006060606060606061,Карамзин,Письма русского путешественника
0.07393436439079593,0.0950584685024519,0.04564315352697095,0.01093926820067899,0.03734439834024896,0.04111655978875896,0.0003772161448509996,0.19388909845341382,0.016220294228592985,0.022632968691059976,0.07770652583930593,0.024896265560165973,0.2040739343643908,0.015465861938890985,0.0003772161448509996,0.13278008298755187,0.007544322897019992,Карамзин,Письма русского путешественника
0.09452852153667055,0.08498253783469151,0.05238649592549476,0.006286379511059371,0.04749708963911525,0.04051222351571595,0.0011641443538998836,0.18626309662398138,0.005820721769499418,0.0370197904540163,0.06612339930151338,0.013969732246798603,0.19441210710128057,0.024679860302677534,0.0,0.14435389988358557,0.0,Карамзин,Наталья боярская дочь
0.09150541161036406,0.09183338799606429,0.05313217448343719,0.010823220728107576,0.04755657592653329,0.03574942604132503,0.0,0.20104952443424073,0.018694653984913087,0.01574286651361102,0.0610036077402427,0.0354214496556248,0.20465726467694326,0.012791079042308954,0.0,0.11675959330928173,0.0032797638570022957,Карамзин,Письма русского путешественника
0.09143222506393862,0.09047314578005115,0.03580562659846547,0.00639386189258312,0.04283887468030691,0.04219948849104859,0.0,0.2215473145780051,0.007352941176470588,0.022698209718670075,0.07448849104859336,0.004475703324808184,0.20172634271099743,0.012148337595907928,0.0,0.14641943734015345,0.0,Карамзин,Остров Бронгольм
0.10003049710277524,0.0936261055199756,0.04025617566331199,0.01036901494358036,0.03812137846904544,0.033546813052759986,0.000609942055504727,0.21713937175968284,0.021957913998170174,0.02683745044220799,0.06129917657822507,0.026532479414455627,0.19640134187252212,0.016773406526379993,0.0,0.11131442512961269,0.00518450747179018,Карамзин,Письма русского путешественника
0.07953216374269007,0.09473684210526316,0.03976608187134503,0.011111111111111112,0.04152046783625731,0.05087719298245614,0.0,0.21461988304093568,0.010818713450292398,0.021345029239766083,0.08567251461988304,0.00847953216374269,0.17134502923976608,0.020760233918128656,0.0,0.14853801169590644,0.0008771929824561404,Карамзин,Моя исповель
0.09014675052410902,0.07589098532494759,0.030607966457023062,0.005870020964360587,0.044444444444444446,0.03563941299790356,0.0004192872117400419,0.23438155136268343,0.005031446540880503,0.01761006289308176,0.05660377358490566,0.039412997903563944,0.20125786163522014,0.013836477987421384,0.0,0.14842767295597484,0.0004192872117400419,Карамзин,Марфа-Посадница или Покорение Новагорода
0.07138047138047138,0.08181818181818182,0.03569023569023569,0.011447811447811448,0.046464646464646465,0.04882154882154882,0.0,0.19764309764309765,0.007407407407407408,0.019865319865319864,0.06868686868686869,0.04208754208754209,0.19730639730639732,0.014141414141414142,0.0,0.13265993265993267,0.02457912457912458,Карамзин,Письма русского путешественника
0.08925204274041483,0.07448145820238844,0.04085480829666876,0.005971087366436203,0.0339409176618479,0.030798240100565682,0.0006285355122564425,0.21213073538654934,0.01759899434318039,0.017284726587052168,0.05311125078566939,0.04399748585795098,0.22532998114393463,0.011627906976744186,0.0,0.1125078566939032,0.03048397234443746,Карамзин,Письма русского путешественника
0.08385964912280702,0.09263157894736843,0.060350877192982454,0.010526315789473684,0.041403508771929824,0.03894736842105263,0.0010526315789473684,0.17087719298245613,0.014385964912280702,0.023859649122807018,0.08596491228070176,0.020701754385964912,0.19894736842105262,0.020701754385964912,0.0,0.13508771929824562,0.0007017543859649122,Карамзин,Письма русского путешественника
0.11029411764705882,0.09803921568627451,0.05718954248366013,0.017973856209150325,0.05392156862745098,0.04411764705882353,0.0,0.2034313725490196,0.004084967320261438,0.03839869281045752,0.07434640522875817,0.013888888888888888,0.1650326797385621,0.022058823529411766,0.0,0.09640522875816994,0.0008169934640522876,Карамзин,"О сравнении древней, а особливо греческой, с немецкою и новейшею литературою"
0.08526287115227459,0.0893489512394443,0.03977117951511849,0.008989376191773358,0.04767093435031327,0.04385725960228821,0.0005448106782892945,0.19776627621901388,0.015527104331244893,0.023426859166439662,0.06428766003813675,0.03677472078452738,0.2013075456278943,0.011441024244075185,0.0,0.12830291473712885,0.005720512122037592,Карамзин,Письма русского путешественника
0.08049242424242424,0.08869949494949494,0.047979797979797977,0.008522727272727272,0.04861111111111111,0.027777777777777776,0.0006313131313131314,0.20107323232323232,0.013573232323232324,0.027462121212121212,0.0634469696969697,0.026515151515151516,0.20012626262626262,0.018308080808080808,0.0,0.13667929292929293,0.010101010101010102,Карамзин,Письма русского путешественника
0.10230692076228685,0.07723169508525576,0.06018054162487462,0.012036108324974924,0.05215646940822467,0.031093279839518557,0.0,0.20260782347041123,0.0160481444332999,0.026078234704112337,0.05115346038114343,0.0320962888665998,0.19157472417251756,0.01905717151454363,0.0,0.12437311935807423,0.0020060180541624875,Карамзин,"Опыт нынешнего естественного, гражданского и политического состояния Швейцарии"
0.0964840556009812,0.07849550286181521,0.04129190515126738,0.00776778413736713,0.038430089942763694,0.029435813573180702,0.0012264922322158627,0.2097301717089125,0.009403107113654947,0.018806214227309895,0.06377759607522486,0.03638593622240392,0.21954210956663942,0.01757972199509403,0.0,0.11937857726901063,0.012264922322158627,Карамзин,Письма русского путешественника
0.08057784911717496,0.08475120385232744,0.05232744783306581,0.006741573033707865,0.043980738362760834,0.04462279293739968,0.0006420545746388443,0.19325842696629214,0.013162118780096307,0.022792937399678973,0.0709470304975923,0.035955056179775284,0.18587479935794543,0.02086677367576244,0.00032102728731942215,0.13804173354735153,0.005136436597110754,Карамзин,Письма русского путешественника
0.09378084896347483,0.06539980256663376,0.04072063178677197,0.011846001974333662,0.05380059230009872,0.04244817374136229,0.0004935834155972359,0.2295162882527147,0.0032082922013820336,0.032329713721618955,0.06515301085883514,0.023692003948667325,0.19743336623889438,0.023445212240868707,0.0,0.11154985192497532,0.005182625863770977,Карамзин,"Нечто о науках, искусствах и просвещении"
0.07502435855797336,0.08996427411497239,0.050341019811627155,0.01039298473530367,0.04449496589801884,0.037674569665475804,0.0,0.1955180253329003,0.01136732705423839,0.023708996427411498,0.08281909710945112,0.02143553101656382,0.20396232543033452,0.015589477102955504,0.0,0.13380967846703476,0.003897369275738876,Карамзин,Письма русского путешественника
0.07496307237813885,0.07902511078286559,0.04357459379615953,0.009970457902511078,0.05206794682422452,0.03212703101920236,0.0007385524372230429,0.21233382570162482,0.00812407680945347,0.030649926144756277,0.07496307237813885,0.02326440177252585,0.18500738552437224,0.02621861152141802,0.0,0.14697193500738553,0.0,Карамзин,Граф NN
0.09336677814938685,0.08639910813823858,0.04738015607580825,0.006688963210702341,0.051560758082497216,0.032329988851727984,0.0008361204013377926,0.21153846153846154,0.010869565217391304,0.030657748049052396,0.059921962095875136,0.019230769230769232,0.1886845039018952,0.022853957636566332,0.0,0.13071348940914157,0.006967670011148272,Карамзин,Письма русского путешественника
0.09381304640215199,0.07498318762609281,0.03463349024882313,0.00941492938802959,0.0410221923335575,0.03799596503026227,0.0006724949562878278,0.22797579018157363,0.0121049092131809,0.02488231338264963,0.05447209145931405,0.04774714189643578,0.1936785474108944,0.013449899125756557,0.0,0.11264290517821117,0.02051109616677875,Карамзин,Письма русского путешественника
0.053247277127874144,0.06776926179911255,0.05647438483259379,0.014118596208148447,0.027833803953206938,0.04154901169826543,0.007260992335619202,0.1319080274304155,0.0052440500201694235,0.03670835014118596,0.11173860427591771,0.025413473174667203,0.2517144009681323,0.02581686163775716,0.0,0.14320290439693426,0.0,Карамзин,Бедная Лиза
0.09778843591793232,0.08233413269384493,0.04476418864908074,0.007194244604316547,0.058353317346123104,0.03383959499067413,0.0007993605115907274,0.22168931521449506,0.010658140154543033,0.031441513455901945,0.058886224353850256,0.017319477751132427,0.18571809219291233,0.02291500133226752,0.0,0.12496669331201705,0.001332267519317879,Карамзин,Письма русского путешественника
0.09372156505914468,0.06824385805277525,0.04913557779799818,0.015468607825295723,0.03548680618744313,0.06642402183803457,0.0,0.20473157415832574,0.011828935395814377,0.03366696997270246,0.05368516833484986,0.04094631483166515,0.18926296633303002,0.020018198362147407,0.0,0.11282984531392175,0.004549590536851683,Карамзин,О Шекспире
0.0664,0.0932,0.0592,0.012,0.0396,0.0404,0.0,0.1972,0.0124,0.028,0.0848,0.0188,0.1828,0.0244,0.0,0.1408,0.0,Карамзин,Письма русского путешественника
0.08627542670095861,0.06944119710077157,0.04021510404489128,0.010755202244563947,0.04839841010053776,0.04021510404489128,0.00023380874444704232,0.2286649520692074,0.004909983633387889,0.03133037175590367,0.06453121346738368,0.025952770633621697,0.19897124152443302,0.0243161094224924,0.0,0.11480009352349778,0.01098901098901099,Карамзин,"Нечто о науках, искусствах и просвещении"
0.07979033197437391,0.0850320326150262,0.04047757716948165,0.00960978450786255,0.045719277810133956,0.04105998835177636,0.0008736167734420501,0.19481654047757718,0.0064065230052417,0.0244612696563774,0.0891089108910891,0.02009318578916715,0.20122306348281888,0.014560279557367502,0.0,0.14676761793826443,0.0,Карамзин,Наталья боярская дочь
0.08528486543166724,0.09786787836420832,0.06081789584061517,0.009087731562390773,0.04194337644180356,0.031807060468367704,0.0006990562740300594,0.18175463124781546,0.015728766165676335,0.02411744145403705,0.08318769660957707,0.020622160083886752,0.1918909472212513,0.020622160083886752,0.0,0.13421880461377142,0.0003495281370150297,Карамзин,Письма русского путешественника
0.07692307692307693,0.08193979933110368,0.050836120401337795,0.009364548494983277,0.03879598662207358,0.038461538461538464,0.0006688963210702341,0.16722408026755853,0.004347826086956522,0.04080267558528428,0.08394648829431438,0.016722408026755852,0.2180602006688963,0.02508361204013378,0.0006688963210702341,0.14615384615384616,0.0,Карамзин,Наталья боярская дочь
0.08666666666666667,0.09710144927536232,0.04521739130434783,0.00782608695652174,0.04666666666666667,0.04,0.0002898550724637681,0.19652173913043477,0.014782608695652174,0.01971014492753623,0.08318840579710145,0.027246376811594204,0.18753623188405796,0.01681159420289855,0.0,0.12608695652173912,0.004347826086956522,Карамзин,Письма русского путешественника
0.06075768406004289,0.07219442458899214,0.05110793423874196,0.010721944245889922,0.03859899928520372,0.03788420300214439,0.005360972122944961,0.15689778413152253,0.003931379556826304,0.0318084345961401,0.08720514653323802,0.02644746247319514,0.24517512508934952,0.022516082916368835,0.0,0.14939242315939957,0.0,Карамзин,Бедная Лиза
0.08926933659431367,0.08315499847141547,0.05411189238764904,0.007337205747477835,0.040354631611128094,0.035768878018954446,0.0,0.2149189850198716,0.011922959339651483,0.024763069397737696,0.05350045857535922,0.035157444206664626,0.21919902170590033,0.012840110058086213,0.0,0.11708957505350046,0.0006114338122898196,Карамзин,Письма русского путешественника
0.07509627727856226,0.09017971758664955,0.04749679075738126,0.007381258023106547,0.0417201540436457,0.03690629011553274,0.00032092426187419767,0.1826059050064185,0.009627727856225931,0.02503209242618742,0.10044929396662387,0.03080872913992298,0.19736842105263158,0.016046213093709884,0.0,0.13318356867779205,0.005776636713735558,Карамзин,Письма русского путешественника
0.06873920552677029,0.07564766839378238,0.049395509499136445,0.007944732297063902,0.043523316062176166,0.05043177892918826,0.0003454231433506045,0.18963730569948187,0.009671848013816925,0.019689119170984457,0.08082901554404145,0.0307426597582038,0.2086355785837651,0.015544041450777202,0.0,0.13609671848013816,0.013126079447322971,Карамзин,Письма русского путешественника
0.08082408874801902,0.08716323296354993,0.045007923930269415,0.012044374009508717,0.04469096671949287,0.041838351822503964,0.0003169572107765452,0.19904912836767036,0.012995245641838352,0.021870047543581617,0.08082408874801902,0.022187004754358162,0.19714738510301108,0.021553090332805072,0.0,0.12995245641838352,0.0025356576862123614,Карамзин,Письма русского путешественника
0.08324661810613944,0.09573361082206035,0.05619146722164412,0.01040582726326743,0.043010752688172046,0.025667707249392994,0.0,0.18730489073881373,0.01768990634755463,0.026014568158168574,0.08428720083246619,0.023239680887963927,0.19007977800901837,0.021852237252861603,0.0,0.1314602844259452,0.003815469996531391,Карамзин,Письма русского путешественника
0.07851511169513797,0.08705650459921156,0.053219448094612355,0.009198423127463863,0.03843626806833114,0.03482260183968462,0.000657030223390276,0.19349540078843627,0.010512483574244415,0.02102496714848883,0.07063074901445467,0.03613666228646518,0.18692509855453351,0.017739816031537452,0.000328515111695138,0.12220762155059132,0.039093298291721416,Карамзин,Письма русского путешественника
0.0807149034303834,0.08734505621216489,0.05621216488901701,0.00835975785528971,0.0478524070337273,0.03920438166618622,0.0,0.1885269530123955,0.012972038051311616,0.02767368117613145,0.08792159123666762,0.02450273854136639,0.19285096569616605,0.018737388296339003,0.0,0.11963101758431825,0.007494955318535601,Карамзин,Письма русского путешественника
0.07739791073124407,0.06647673314339982,0.039886039886039885,0.006172839506172839,0.022792022792022793,0.030389363722697058,0.001899335232668566,0.1728395061728395,0.011870845204178538,0.016619183285849954,0.05413105413105413,0.05128205128205128,0.21367521367521367,0.013770180436847104,0.0,0.10826210826210826,0.11253561253561253,Карамзин,Письма русского путешественника
0.0890527509926262,0.08933635847986386,0.0476460578559274,0.008508224617129892,0.04594441293250142,0.036585365853658534,0.0017016449234259785,0.235677821894498,0.008791832104367556,0.029778786159954624,0.05899035734543392,0.017016449234259785,0.1911514463981849,0.016732841747022123,0.0002836074872376631,0.12138400453771979,0.0014180374361883153,Карамзин,Граф нашего времени
0.0824295010845987,0.08315256688358641,0.03796095444685466,0.009038322487346349,0.03289949385394071,0.032176428054953,0.0014461315979754157,0.2292118582791034,0.01482284887924801,0.030730296456977585,0.0636297903109183,0.024584237165582067,0.20896601590744757,0.015907447577729574,0.0,0.11677512653651483,0.016268980477223426,Карамзин,Письма русского путешественника
0.08997772828507795,0.07126948775055679,0.03875278396436525,0.005790645879732739,0.048106904231625836,0.049443207126948774,0.0026726057906458797,0.23875278396436525,0.005345211581291759,0.024053452115812918,0.05968819599109131,0.012917594654788419,0.21158129175946547,0.01648106904231626,0.0,0.12516703786191538,0.0,Карамзин,Мелодор к Филалету
0.09074373484236055,0.09094583670169766,0.05800323362974939,0.011721907841552142,0.04042037186742118,0.06426839126919967,0.0,0.18957154405820534,0.00788197251414713,0.043249797898140666,0.07942603071948262,0.015157639450282943,0.16350040420371867,0.031729991915925626,0.0,0.1133791430881164,0.0,Гоголь,Выбранные места из переписки с друзьями
0.046781789638932494,0.06781789638932496,0.05996860282574568,0.01098901098901099,0.040188383045525904,0.03139717425431711,0.0006279434850863422,0.13783359497645212,0.012872841444270016,0.06467817896389325,0.08037676609105181,0.021350078492935635,0.269701726844584,0.02229199372056515,0.0,0.13312401883830455,0.0,Гоголь,Мертвые души Том первый
0.09315960912052117,0.08816503800217156,0.060152008686210644,0.0071661237785016286,0.04451682953311618,0.0503800217155266,0.0,0.20195439739413681,0.014115092290988056,0.04581976112920738,0.0753528773072747,0.02062975027144408,0.17046688382193267,0.020846905537459284,0.0,0.10662323561346362,0.0006514657980456026,Гоголь,Выбранные места из переписки с друзьями
0.08600158772161948,0.08176766340301667,0.06165652288965335,0.01296639322572109,0.0439269648055041,0.053188674252447735,0.0,0.20613919026197405,0.009790949986768986,0.028578989150568935,0.07673987827467584,0.004763164858428155,0.17861868219105584,0.016141836464673195,0.0,0.13971950251389256,0.0,Гоголь,Портрет
0.0578305720537668,0.08377618005626758,0.061581744295092215,0.01312910284463895,0.04063769928102532,0.03344795248515161,0.0006251953735542357,0.1738043138480775,0.0087527352297593,0.04626445764301344,0.06502031884964052,0.0175054704595186,0.2313222882150672,0.026883401062832137,0.0,0.13941856830259455,0.0,Гоголь,Мертвые души Том первый
0.08414409676571127,0.07967394162503287,0.06205627136471207,0.012095713910070997,0.04996055745464107,0.05022350775703392,0.0007888509071785432,0.17170654746252959,0.012095713910070997,0.04706810412831975,0.08940310281356824,0.017617670260320798,0.16697344201945832,0.02576912963449908,0.0,0.13042334998685248,0.0,Гоголь,Выбранные места из переписки с друзьями
0.08826638477801269,0.08853065539112051,0.056553911205074,0.007135306553911205,0.04043340380549683,0.04756871035940803,0.0,0.20692389006342496,0.014799154334038054,0.03858350951374207,0.07716701902748414,0.024577167019027485,0.18208245243128965,0.022463002114164906,0.0,0.10465116279069768,0.0002642706131078224,Гоголь,Выбранные места из переписки с друзьями
0.05542676501580611,0.0678609062170706,0.06448893572181244,0.010748155953635406,0.039831401475237095,0.04657534246575343,0.00021074815595363542,0.16227608008429925,0.008429926238145416,0.04952581664910432,0.06469968387776608,0.014541622760800843,0.2600632244467861,0.022128556375131718,0.0,0.13319283456269757,0.0,Гоголь,Мертвые души Том первый
0.042404473438956196,0.06989748369058714,0.0750232991612302,0.011649580615097856,0.034482758620689655,0.0391425908667288,0.0032618825722274,0.14958061509785647,0.012581547064305684,0.05405405405405406,0.10065237651444547,0.0097856477166822,0.2287977632805219,0.024231127679403542,0.0,0.14119291705498602,0.0032618825722274,Гоголь,Записки сумасшедшего
0.055509297807382736,0.07327227310574522,0.058562309186788786,0.014154870940882597,0.04329725228975854,0.0263669164585068,0.0013877324451845685,0.16680543991118513,0.006938662225922842,0.05745212323064113,0.06577851790174855,0.03358312517346656,0.24479600333055787,0.019705800721620873,0.0,0.13238967527060783,0.0,Гоголь,Мертвые души Том первый
0.0566759388038943,0.08031988873435326,0.061543810848400556,0.014255910987482615,0.039638386648122394,0.031988873435326845,0.001043115438108484,0.16063977746870653,0.006258692628650904,0.037899860917941584,0.07267037552155772,0.06571627260083449,0.21349095966620307,0.02642559109874826,0.0,0.13143254520166897,0.0,Гоголь,"Повесть о том, как поссорился Иван Иванович с Иваном Никифоровичем"
0.06277274253105068,0.07653575025176233,0.06478684122188653,0.011077542799597181,0.04061765693185633,0.035246727089627394,0.0,0.14132259147364887,0.00906344410876133,0.04162470627727426,0.06948640483383686,0.06310842564619,0.22423632091305806,0.02920443101711984,0.0,0.1309164149043303,0.0,Гоголь,"Повесть о том, как поссорился Иван Иванович с Иваном Никифоровичем"
0.07889068389876144,0.10177705977382875,0.051427032848680665,0.011847065158858373,0.03042541733979537,0.04038772213247173,0.0,0.2065158858373721,0.016962843295638127,0.02827140549273021,0.05411954765751212,0.08696822832525579,0.16047388260635434,0.014808831448572967,0.002154011847065159,0.11497038233710286,0.0,Гоголь,Выбранные места из переписки с друзьями
0.08993486026476151,0.08321075856272327,0.06135742803109897,0.013448203404076486,0.04622819920151292,0.06177768438747636,0.0004202563563773902,0.1811304895986552,0.00987602437486867,0.049590250052532044,0.08447152763185543,0.00987602437486867,0.1586467745324648,0.02920781676822862,0.0,0.12082370245849969,0.0,Гоголь,Выбранные места из переписки с друзьями
0.07205746061167748,0.08827618164967563,0.06278962001853568,0.01830398517145505,0.0505097312326228,0.03521779425393883,0.0011584800741427247,0.18883225208526414,0.007182576459684893,0.05468025949953661,0.07761816496756256,0.006024096385542169,0.18211306765523633,0.0206209453197405,0.00023169601482854495,0.13438368860055608,0.0,Гоголь,Мертвые души Том первый
0.06216301934665398,0.08150967332699016,0.06977481763399937,0.014272121788772598,0.04471931493815414,0.029812876625436094,0.0,0.16460513796384396,0.006977481763399937,0.048525214081826834,0.09165873771011734,0.008246114811290834,0.2055185537583254,0.021249603552172536,0.0,0.1509673326990168,0.0,Гоголь,Портрет
0.0549949545913219,0.07467204843592332,0.058779011099899095,0.016145307769929364,0.04994954591321897,0.036074672048435924,0.0017658930373360242,0.17255297679112008,0.007063572149344097,0.057265388496468214,0.07467204843592332,0.016145307769929364,0.22073662966700303,0.02447023208879919,0.0,0.13471241170534815,0.0,Гоголь,Мертвые души Том первый
0.08626013122346585,0.08606715553840216,0.059629486684677734,0.016981860285604014,0.05055962948668468,0.034928598996526436,0.00038595137012736397,0.20629100733307604,0.011192589733693555,0.03627942879197221,0.058857583944423,0.008104978772674644,0.19683519876495562,0.021613276727132383,0.0,0.12601312234658432,0.0,Гоголь,Мертвые души Том первый
0.04971149578339991,0.060363959165557035,0.05770084332001776,0.006657789613848202,0.03683976919662672,0.02885042166000888,0.0022192632046160675,0.13670661340434975,0.006213936972924989,0.0758988015978695,0.09409675987572126,0.017310252996005325,0.2871726586773191,0.01908566355969818,0.0,0.12117177097203728,0.0,Гоголь,Мертвые души Том первый
0.059933774834437084,0.08443708609271523,0.06324503311258278,0.013576158940397352,0.04039735099337748,0.031788079470198675,0.0009933774834437086,0.16589403973509934,0.007947019867549669,0.03609271523178808,0.07052980132450332,0.06026490066225165,0.2096026490066225,0.025827814569536423,0.0,0.1294701986754967,0.0,Гоголь,"Повесть о том, как поссорился Иван Иванович с Иваном Никифоровичем"
0.050407331975560084,0.06924643584521385,0.06873727087576374,0.015274949083503055,0.04124236252545825,0.03513238289205703,0.006109979633401222,0.14409368635437883,0.007637474541751527,0.05295315682281059,0.09775967413441955,0.015784114052953158,0.22963340122199594,0.0280040733197556,0.0,0.12881873727087575,0.009164969450101833,Гоголь,Записки сумасшедшего
0.0722490931076179,0.07496977025392987,0.06136638452237001,0.013905683192261185,0.039600967351874246,0.05048367593712213,0.0,0.17714631197097944,0.007859733978234583,0.04171704957678356,0.09764207980652963,0.002720677146311971,0.1967956469165659,0.023881499395405077,0.0,0.13875453446191052,0.0009068923821039903,Гоголь,Портрет
0.09134615384615384,0.08719405594405595,0.05638111888111888,0.006337412587412587,0.04436188811188811,0.05026223776223776,0.0,0.20738636363636365,0.014641608391608392,0.04283216783216783,0.07670454545454546,0.021634615384615384,0.17285839160839161,0.023164335664335664,0.0,0.1042395104895105,0.0006555944055944056,Гоголь,Выбранные места из переписки с друзьями
0.09738151915169876,0.07574118156243237,0.0582125081151266,0.008006924908028566,0.042198658299069464,0.06318978576065787,0.0,0.17680155810430642,0.009738151915169876,0.05539926422852196,0.08374810647046094,0.008223328283921229,0.16987665007574118,0.026834018610690326,0.0,0.12464834451417442,0.0,Гоголь,Выбранные места из переписки с друзьями
0.05235204855842185,0.05993930197268589,0.06031866464339909,0.011380880121396054,0.033004552352048556,0.024279210925644917,0.0011380880121396055,0.13770864946889227,0.005690440060698027,0.0823216995447648,0.09066767830045523,0.014036418816388467,0.27996965098634297,0.02276176024279211,0.0,0.1244309559939302,0.0,Гоголь,Мертвые души Том первый
0.06631648063033486,0.07715036112934996,0.06533158240315168,0.012147078135259356,0.03775443204202233,0.030531845042678925,0.0,0.1490479317137229,0.010505581089954037,0.034471437951411686,0.07353906762967827,0.06369008535784636,0.22619829284307288,0.02495075508864084,0.0,0.12836506894287592,0.0,Гоголь,"Повесть о том, как поссорился Иван Иванович с Иваном Никифоровичем"
0.05016181229773463,0.06181229773462783,0.06893203883495146,0.016828478964401296,0.04401294498381877,0.02750809061488673,0.0016181229773462784,0.14983818770226537,0.009061488673139158,0.05889967637540453,0.061488673139158574,0.04271844660194175,0.258252427184466,0.018122977346278317,0.0,0.1307443365695793,0.0,Гоголь,Мертвые души Том первый
0.10606808090774544,0.08411445485939813,0.05204736063147509,0.00863344844597928,0.03576714356191416,0.06142081894425259,0.0,0.1909225456339418,0.010606808090774543,0.03453379378391712,0.07622101628021707,0.023186975826344353,0.17760236803157375,0.024420325604341393,0.0,0.1139615194869265,0.000493339911198816,Гоголь,Выбранные места из переписки с друзьями
0.09499247797120138,0.08704061895551257,0.061680636148721255,0.0070921985815602835,0.04448742746615087,0.05179454115624328,0.0,0.19643240919836666,0.013109821620459918,0.048570814528261334,0.07822909950569525,0.018482699333763165,0.16591446378680422,0.02192134107027724,0.0,0.1096067053513862,0.0006447453255963894,Гоголь,Выбранные места из переписки с друзьями
0.08220271348762968,0.07980845969672785,0.05985634477254589,0.011971268954509178,0.04655493482309125,0.05320563979781857,0.0,0.20031923383878691,0.009843043362596435,0.03192338387869114,0.08087257249268423,0.007714817770683693,0.17424847033785582,0.0186219739292365,0.0,0.14072891726523012,0.002128225591912743,Гоголь,Портрет
0.0834662413609782,0.08080808080808081,0.06034024455077087,0.012493354598617756,0.045720361509835196,0.05289739500265816,0.0,0.2038809144072302,0.009303561935140883,0.031366294524189264,0.07921318447634237,0.006113769271664009,0.17676767676767677,0.017543859649122806,0.0,0.1379585326953748,0.002126528442317916,Гоголь,Портрет
0.05083857442348008,0.06551362683438156,0.06708595387840671,0.011530398322851153,0.039832285115303984,0.033542976939203356,0.002620545073375262,0.14675052410901468,0.009433962264150943,0.0660377358490566,0.11635220125786164,0.011530398322851153,0.20073375262054508,0.03511530398322851,0.0,0.14046121593291405,0.002620545073375262,Гоголь,Записки сумасшедшего
0.0548213411649535,0.07733724914341654,0.06901615271659324,0.0149290259422418,0.04038179148311307,0.03255017131669114,0.0019579050416054823,0.16372980910425844,0.010034263338228096,0.05873715124816446,0.08002936857562408,0.01566324033284386,0.2126774351443955,0.027900146842878122,0.0,0.14023494860499267,0.0,Гоголь,Мертвые души Том первый
0.0718954248366013,0.08306100217864924,0.06481481481481481,0.014161220043572984,0.04765795206971678,0.05773420479302832,0.0,0.14678649237472766,0.011165577342047931,0.05855119825708061,0.10947712418300654,0.013616557734204794,0.16666666666666666,0.025326797385620915,0.0,0.12908496732026145,0.0,Гоголь,Выбранные места из переписки с друзьями
0.09160781055255504,0.08226007478188617,0.060656418778562524,0.012671375155795596,0.04860822600747819,0.061487328624844205,0.0004154549231408392,0.17656834233485666,0.009347735770668882,0.050270045700041545,0.08849189862899876,0.008724553385957623,0.15641877856252598,0.032197756543415036,0.0,0.12027420024927295,0.0,Гоголь,Выбранные места из переписки с друзьями
0.04954499494438827,0.06875631951466127,0.06167846309403438,0.009605662285136502,0.04095045500505561,0.03640040444893832,0.0015166835187057635,0.15267947421638017,0.009605662285136502,0.0672396359959555,0.1172901921132457,0.010111223458038422,0.19817997977755308,0.034378159757330634,0.0,0.14155712841253792,0.0005055611729019212,Гоголь,Записки сумасшедшего
0.06639722863741339,0.08631639722863742,0.06581986143187067,0.016454965357967668,0.042725173210161664,0.03464203233256351,0.0,0.1697459584295612,0.007505773672055427,0.047055427251732104,0.09035796766743649,0.006928406466512702,0.1951501154734411,0.022517321016166283,0.0,0.14838337182448036,0.0,Гоголь,Портрет
0.07654541397009595,0.08011604552555233,0.05467529569292569,0.01785315777728186,0.04485605891542067,0.05512162463735773,0.0,0.16960499888417763,0.00981923677750502,0.05690694041508592,0.09149743360856952,0.016960499888417763,0.16692702521758537,0.030796697165811203,0.0,0.12831957152421333,0.0,Гоголь,Выбранные места из переписки с друзьями
0.0732448866777225,0.07435046987285793,0.05113322277501382,0.007462686567164179,0.04339414040906578,0.03648424543946932,0.0008291873963515755,0.18269762299613046,0.008844665561083471,0.03399668325041459,0.06744057490326147,0.04173576561636263,0.23079049198452184,0.022388059701492536,0.0,0.1252072968490879,0.0,Гоголь,"Повесть о том, как поссорился Иван Иванович с Иваном Никифоровичем"
0.04756756756756757,0.06882882882882883,0.057297297297297295,0.012612612612612612,0.032432432432432434,0.02846846846846847,0.0018018018018018018,0.14198198198198198,0.005405405405405406,0.054414414414414414,0.08612612612612612,0.02666666666666667,0.2616216216216216,0.02882882882882883,0.0,0.14594594594594595,0.0,Гоголь,Мертвые души Том первый
0.08716965046888321,0.08546462063086104,0.06756180733162831,0.013213981244671782,0.045822676896845695,0.061167945439045183,0.0,0.18563512361466325,0.008738277919863598,0.04731457800511509,0.09292412617220801,0.004901960784313725,0.15025575447570333,0.030264279624893437,0.0,0.11956521739130435,0.0,Гоголь,Выбранные места из переписки с друзьями
0.05979030886936809,0.08841031453669594,0.05072258430150184,0.01728534995749504,0.030320204023802776,0.03570416548597336,0.001700198356474922,0.18163785775007085,0.00821762538962879,0.04137149334088977,0.07820912439784641,0.01643525077925758,0.24029470104845566,0.021252479455936526,0.0,0.12694814395012752,0.001700198356474922,Гоголь,Портрет
0.05069124423963134,0.06810035842293907,0.05683563748079877,0.010752688172043012,0.04045058883768561,0.03789042498719918,0.0015360983102918587,0.15668202764976957,0.009216589861751152,0.06656426011264721,0.11879160266257041,0.00819252432155658,0.19457245263696876,0.03533026113671275,0.0,0.1443932411674347,0.0,Гоголь,Записки сумасшедшего
0.06938300349243307,0.07147846332945285,0.07124563445867288,0.02142025611175786,0.04330616996507567,0.03608847497089639,0.0006984866123399302,0.17951105937136205,0.011641443538998836,0.051222351571594875,0.06495925494761351,0.01979045401629802,0.21420256111757857,0.025611175785797437,0.0,0.11920838183934808,0.00023282887077997672,Гоголь,Мертвые души Том первый
0.050743990843189625,0.07172834795879435,0.05913773368943152,0.008012209080503624,0.035482640213658906,0.026325829835940482,0.0015261350629530714,0.1518504387638306,0.008012209080503624,0.06714994276993513,0.09538344143456697,0.01411674933231591,0.25791682563906904,0.021365890881343,0.0,0.13124761541396412,0.0,Гоголь,Мертвые души Том первый
0.04452405322415558,0.06294779938587512,0.05527123848515865,0.007676560900716479,0.024053224155578302,0.0255885363357216,0.0010235414534288639,0.12384851586489252,0.00511770726714432,0.05885363357215967,0.09518935516888434,0.05885363357215967,0.29580348004094165,0.019447287615148412,0.0,0.1218014329580348,0.0,Гоголь,"Повесть о том, как поссорился Иван Иванович с Иваном Никифоровичем"
0.07708953205301596,0.07303218826075196,0.07654855288071409,0.015147416824452259,0.04003245875033811,0.03381119826886665,0.0010819583446037328,0.18230998106572896,0.013253989721395727,0.039220989991885315,0.053827427644035704,0.017852312685961592,0.23180957533134974,0.020557208547470923,0.0,0.12442520962942927,0.0,Гоголь,Мертвые души Том первый
0.09497788186312776,0.07676294561540463,0.0585480093676815,0.01249024199843872,0.04085349986989331,0.04918032786885246,0.0,0.20244600572469426,0.009107468123861567,0.03590944574551132,0.08170699973978662,0.004944054124381993,0.18397085610200364,0.0195160031225605,0.0,0.1288056206088993,0.00078064012490242,Гоголь,Портрет
0.09507415254237288,0.07944915254237288,0.06329449152542373,0.01350635593220339,0.03919491525423729,0.05296610169491525,0.0,0.21027542372881355,0.010328389830508475,0.02621822033898305,0.07441737288135593,0.002913135593220339,0.18246822033898305,0.014036016949152543,0.0,0.13585805084745764,0.0,Гоголь,Портрет
0.07721345229924502,0.07137954701441318,0.05422100205902539,0.011324639670555936,0.03603294440631435,0.02848318462594372,0.0,0.1578586135895676,0.01098146877144818,0.03740562800274537,0.07309540150995196,0.051818805765271106,0.24365133836650651,0.02367879203843514,0.0,0.12285518188057652,0.0,Гоголь,"Повесть о том, как поссорился Иван Иванович с Иваном Никифоровичем"
0.07860040567951318,0.10598377281947262,0.05096348884381339,0.013691683569979716,0.029411764705882353,0.040821501014198784,0.0005070993914807302,0.20309330628803246,0.016987829614604464,0.02636916835699797,0.056795131845841784,0.07783975659229209,0.16252535496957404,0.017241379310344827,0.002028397565922921,0.11663286004056796,0.0005070993914807302,Гоголь,Выбранные места из переписки с друзьями
0.0941374238285354,0.08720319394830847,0.06093717167472158,0.006724101702038243,0.04223576381592772,0.05673460811094768,0.0,0.19415843664635427,0.011767177978566926,0.05085101912166422,0.08026896406808152,0.01933179239335995,0.16221895356167262,0.02101281781886951,0.0,0.1117881907963858,0.0006303845345660853,Гоголь,Выбранные места из переписки с друзьями
0.055248618784530384,0.08189795255118622,0.058823529411764705,0.011699707507312317,0.04354891127721807,0.033799155021124475,0.0009749756256093598,0.17354566135846602,0.008124796880077998,0.048423789405264865,0.06759831004224895,0.019174520636984077,0.24374390640233995,0.021449463763405913,0.0,0.1319467013324667,0.0,Гоголь,Мертвые души Том первый
0.06053550640279395,0.05820721769499418,0.06140861466821886,0.012805587892898719,0.03317811408614668,0.03841676367869616,0.005238649592549476,0.1318393480791618,0.004074505238649592,0.06315483119906869,0.09254947613504075,0.018626309662398137,0.2590221187427241,0.028230500582072177,0.0,0.13271245634458673,0.0,Гоголь,Мертвые души Том первый
0.06028833551769332,0.08754914809960682,0.05792922673656618,0.015203145478374836,0.03145478374836173,0.03591087811271298,0.0005242463958060288,0.18505897771952817,0.012319790301441678,0.03407601572739188,0.0710353866317169,0.022542595019659238,0.22280471821756226,0.019921363040629095,0.0,0.13551769331585845,0.007863695937090432,Гоголь,Рим
0.07284382284382285,0.0777972027972028,0.06468531468531469,0.014568764568764568,0.0472027972027972,0.040501165501165504,0.0008741258741258741,0.1893939393939394,0.010198135198135198,0.03409090909090909,0.0780885780885781,0.011946386946386946,0.19201631701631702,0.022435897435897436,0.0,0.13986013986013987,0.0034965034965034965,Гоголь,Портрет
0.08736894658012981,0.07663504742885671,0.06665002496255616,0.018222666000998502,0.04268597104343485,0.063654518222666,0.00024962556165751375,0.16500249625561658,0.009236145781328009,0.05591612581128307,0.10134797803295058,0.0074887668497254116,0.1585122316525212,0.026460309535696454,0.0,0.12056914628057913,0.0,Гоголь,Выбранные места из переписки с друзьями
0.03961267605633803,0.07042253521126761,0.0721830985915493,0.009242957746478873,0.03125,0.037411971830985914,0.0022007042253521128,0.15316901408450703,0.014084507042253521,0.05941901408450704,0.10783450704225352,0.007922535211267605,0.2227112676056338,0.023327464788732395,0.0,0.14788732394366197,0.0013204225352112676,Гоголь,Записки сумасшедшего
0.06066176470588235,0.078125,0.06525735294117647,0.013480392156862746,0.035845588235294115,0.03278186274509804,0.0012254901960784314,0.17310049019607843,0.008884803921568627,0.043198529411764705,0.06862745098039216,0.017463235294117647,0.22518382352941177,0.027573529411764705,0.0,0.1485906862745098,0.0,Гоголь,Мертвые души Том первый
0.061068702290076333,0.07668285912560721,0.062456627342123525,0.0131852879944483,0.03747397640527411,0.03296321998612075,0.003122831367106176,0.1717557251908397,0.005898681471200555,0.03261623872310895,0.08327550312283137,0.01734906315058987,0.2366412213740458,0.024288688410825817,0.0,0.13775156141568357,0.0034698126301179735,Гоголь,Портрет
0.06983163124482474,0.07756003312172233,0.06431134418989788,0.01462876069555617,0.03726193762075628,0.038642009384487995,0.0024841291747170853,0.18023737234336185,0.005520287054926856,0.053546784432790505,0.06983163124482474,0.012144631520839083,0.23102401324868893,0.02456527739442451,0.0,0.11841015732818107,0.0,Гоголь,Мертвые души Том первый
0.10347470618293306,0.07664793050587634,0.05952989269289729,0.013796627491057742,0.04011241696474195,0.0487991824220746,0.0,0.21819110884006132,0.011752682677567705,0.03091466530403679,0.07000510986203373,0.005109862033725089,0.1801226366888094,0.014563106796116505,0.0,0.1262135922330097,0.0007664793050587634,Гоголь,Портрет
0.07899408284023669,0.0757396449704142,0.05621301775147929,0.014201183431952662,0.041124260355029585,0.04970414201183432,0.0,0.19023668639053254,0.007692307692307693,0.039349112426035504,0.09171597633136094,0.004142011834319527,0.18846153846153846,0.023372781065088756,0.0,0.13816568047337277,0.0008875739644970414,Гоголь,Портрет
0.0902535473365899,0.08839264945336124,0.051872528494998835,0.012095836240986277,0.03954408001860898,0.03442661083973017,0.0009304489416143289,0.21284019539427773,0.008839264945336125,0.031867876250290764,0.06769016050244243,0.013724121888811351,0.1977204000930449,0.01651546871365434,0.0,0.1270062805303559,0.00628053035589672,Гоголь,Рим
0.058573298429319375,0.08376963350785341,0.06577225130890052,0.015052356020942409,0.03926701570680628,0.03206806282722513,0.0006544502617801048,0.1655759162303665,0.007853403141361256,0.0350130890052356,0.07428010471204188,0.05660994764397906,0.20353403141361257,0.02650523560209424,0.0,0.1354712041884817,0.0,Гоголь,"Повесть о том, как поссорился Иван Иванович с Иваном Никифоровичем"
0.0420726306465899,0.0566873339238264,0.0562444641275465,0.00974313551815766,0.0283436669619132,0.027015057573073518,0.001328609388839681,0.12356067316209035,0.007528786536758193,0.09211691762621789,0.10008857395925598,0.016386182462356066,0.28255093002657217,0.029229406554472984,0.0,0.1271036315323295,0.0,Гоголь,Мертвые души Том первый
0.07451678535096642,0.0839267548321465,0.06688708036622584,0.008901322482197355,0.04984740590030519,0.04806714140386572,0.0,0.15437436419125128,0.014242115971515769,0.061037639877924724,0.10147507629704985,0.015005086469989827,0.16759918616480163,0.025686673448626653,0.0,0.12843336724313326,0.0,Гоголь,Выбранные места из переписки с друзьями
0.06195965417867435,0.08587896253602305,0.059654178674351584,0.017867435158501442,0.037752161383285306,0.036599423631123916,0.00028818443804034583,0.1717579250720461,0.0069164265129683,0.05014409221902017,0.08414985590778098,0.0077809798270893375,0.21152737752161382,0.022478386167146973,0.0,0.1452449567723343,0.0,Гоголь,Портрет
0.05743965780629392,0.07271616254201038,0.07882676443629698,0.013748854262144821,0.03819126183929117,0.029636419187289948,0.00030553009471432935,0.1622364802933089,0.012221203788573174,0.049801405438435684,0.07241063244729606,0.01924839596700275,0.2392300641613199,0.01833180568285976,0.0,0.13565536205316223,0.0,Гоголь,Мертвые души Том первый
0.08831274053068665,0.08932550131658902,0.061778407940044563,0.010127607859023698,0.04962527850921612,0.062386064411585986,0.0,0.19039902774964554,0.007696981972858011,0.0490176220376747,0.08446424954425764,0.006886773344136115,0.14988859631355073,0.02997771926271015,0.0,0.12011342920802107,0.0,Гоголь,Выбранные места из переписки с друзьями
0.08856905618599502,0.08939939108773873,0.05563243841682812,0.0071962358151120955,0.04123996678660393,0.045391641295322444,0.0,0.2073069471353446,0.015499584832549129,0.03764184887904788,0.0763908109604207,0.024910047052311098,0.18267367838361473,0.022972598948242457,0.0,0.10462219761970662,0.0005535566011624688,Гоголь,Выбранные места из переписки с друзьями
0.04491255961844197,0.07233704292527822,0.05763116057233704,0.012718600953895072,0.03577106518282989,0.028616852146263912,0.000794912559618442,0.13910969793322733,0.0051669316375198724,0.05087440381558029,0.08545310015898251,0.07114467408585055,0.24761526232114467,0.02384737678855326,0.0,0.12400635930047695,0.0,Гоголь,"Повесть о том, как поссорился Иван Иванович с Иваном Никифоровичем"
0.07258858267716535,0.08095472440944881,0.07209645669291338,0.01968503937007874,0.04601377952755906,0.034940944881889764,0.0004921259842519685,0.18553149606299213,0.00984251968503937,0.058809055118110236,0.06865157480314961,0.006643700787401575,0.18971456692913385,0.02140748031496063,0.00024606299212598425,0.13238188976377951,0.0,Гоголь,Мертвые души Том первый
0.07442946058091286,0.07650414937759337,0.06768672199170124,0.013485477178423237,0.046939834024896265,0.03449170124481328,0.0005186721991701245,0.17453319502074688,0.006224066390041493,0.05990663900414938,0.08169087136929461,0.012448132780082987,0.20617219917012447,0.01945020746887967,0.0,0.125,0.0005186721991701245,Гоголь,Мертвые души Том первый
0.04625655698617072,0.06485455412494039,0.05293276108726753,0.011921793037672867,0.02861230329041488,0.02670481640438722,0.0009537434430138292,0.12732474964234622,0.00619933237958989,0.05102527420123987,0.09680495946590367,0.0681926561754888,0.27753934191702434,0.02241297091082499,0.0,0.11826418693371483,0.0,Гоголь,"Повесть о том, как поссорился Иван Иванович с Иваном Никифоровичем"
0.060835435940566306,0.0768152509111298,0.07036725539669189,0.01233529576675077,0.03700588730025231,0.03588449677600224,0.000560695262125035,0.18138491729744885,0.010092514718250631,0.03420241098962714,0.063919259882254,0.03055789178581441,0.22792262405382674,0.022147462853938885,0.0,0.1295206055508831,0.006447995514437903,Гоголь,Рим
0.05764114691102572,0.0700561631687851,0.0768548625480343,0.014484185634052616,0.03635826189772391,0.031037540644398464,0.0002955956251847473,0.1681939107301212,0.011232633757020397,0.052320425657700266,0.0700561631687851,0.017735737511084836,0.23854566952409104,0.018622524386639076,0.0,0.13656517883535324,0.0,Гоголь,Мертвые души Том первый
0.09772816294555425,0.08010184097140619,0.05601253427340384,0.008617312965139052,0.04230317273795535,0.07148452800626713,0.0,0.1772424598511555,0.00881316098707403,0.053270661966314144,0.08715236976106541,0.010184097140618879,0.16314140227183704,0.026439482961222092,0.0,0.11750881316098707,0.0,Гоголь,Выбранные места из переписки с друзьями
0.07992895204262877,0.07578448786264061,0.057430432208407343,0.013913558318531676,0.041148608644168146,0.04854943753700414,0.0,0.19182948490230906,0.007400828892835998,0.03848431024274719,0.09147424511545293,0.0041444641799881585,0.1885731201894612,0.023090586145648313,0.0,0.1373593842510361,0.0008880994671403197,Гоголь,Портрет
0.0701344243132671,0.07802454704850964,0.06253652834599649,0.011396843950905903,0.03711279953243717,0.05172413793103448,0.0,0.18030391583869082,0.00847457627118644,0.04003506721215663,0.0967270601987142,0.0029222676797194622,0.19696084161309177,0.024254821741671536,0.0,0.1385154880187025,0.0008766803039158387,Гоголь,Портрет
0.07757644394110985,0.0818233295583239,0.06540203850509627,0.01868629671574179,0.0427519818799547,0.06511891279728199,0.0,0.1506228765571914,0.011325028312570781,0.05634201585503964,0.10928652321630804,0.010475651189127973,0.159682899207248,0.029728199320498302,0.0,0.12117780294450736,0.0,Гоголь,Выбранные места из переписки с друзьями
0.09078918443613981,0.08705209936249725,0.0569355902396131,0.006375027478566718,0.04396570674873598,0.05078039129479006,0.0,0.20751813585403386,0.014508683227082875,0.043086392613761265,0.07606067267531326,0.021763024840624312,0.17278522752253242,0.023081996043086393,0.0,0.10463838206199165,0.0006594856012310398,Гоголь,Выбранные места из переписки с друзьями
0.07701123080449232,0.08342883337153335,0.06280082512033004,0.009168003667201467,0.05959202383680953,0.0275040110016044,0.0016044006417602567,0.1925280770112308,0.006417602567041027,0.04492321796928719,0.061425624570249825,0.008480403392161356,0.20971808388723356,0.022232408892963556,0.0,0.13316525326610132,0.0,Гоголь,Мертвые души Том первый
0.05210800568450971,0.06726669824727617,0.058266224538133585,0.00994789199431549,0.037896731406916156,0.037423022264329704,0.0014211274277593558,0.15916627190904784,0.008053055423969682,0.05447655139744197,0.11747986736144007,0.01468498342018001,0.19943154902889626,0.037423022264329704,0.0,0.14495499763145428,0.0,Гоголь,Записки сумасшедшего
0.038616973506960035,0.05837449483610238,0.061517736865738665,0.009878760664571173,0.023798832510103278,0.025145936237090254,0.001347103726986978,0.12213740458015267,0.008531656937584195,0.07004939380332285,0.09025594970812753,0.02828917826672654,0.28917826672653796,0.02694207453973956,0.0,0.14593623709025594,0.0,Гоголь,Мертвые души Том первый
0.06157712849513038,0.07131636820609488,0.05623625510524662,0.010367577756833177,0.046497015394282123,0.033930254476908575,0.00031416902293433867,0.15959786365064405,0.012252591894439209,0.06377631165567076,0.07382972038956959,0.012252591894439209,0.24505183788878418,0.020420986490732013,0.0,0.13257932767829092,0.0,Гоголь,Мертвые души Том первый
0.046698393813206424,0.07138607971445568,0.055026769779892924,0.008030933967876264,0.0380725758477097,0.03390838786436645,0.000594883997620464,0.14425936942296252,0.010113027959547887,0.057406305770374776,0.08209399167162404,0.024390243902439025,0.27037477691850087,0.02379535990481856,0.0,0.1338488994646044,0.0,Гоголь,Мертвые души Том первый
0.047223994894703254,0.07083599234205488,0.059349074664964904,0.011805998723675814,0.047223994894703254,0.030312699425654115,0.0006381620931716656,0.1525207402680281,0.01148691767708998,0.07115507338864072,0.07849393746011486,0.01372048500319081,0.24696873005743458,0.023611997447351627,0.0,0.13465220165922145,0.0,Гоголь,Мертвые души Том первый
0.06099290780141844,0.08879432624113476,0.05446808510638298,0.016453900709219857,0.033191489361702124,0.035177304964539004,0.0005673758865248227,0.17815602836879432,0.006808510638297872,0.04425531914893617,0.08141843971631206,0.013049645390070922,0.22666666666666666,0.020425531914893616,0.0,0.13900709219858157,0.0005673758865248227,Гоголь,Портрет
0.0786197859794715,0.08779209434374317,0.06071194583970299,0.009172308364271676,0.05940161607337847,0.027735313387202445,0.0008735531775496833,0.2011356191308146,0.006551648831622625,0.0408386110504477,0.06442454684428915,0.007425202009172308,0.20135400742520201,0.021620441144354664,0.0,0.13234330639877703,0.0,Гоголь,Мертвые души Том первый
0.07329509241555131,0.07839388145315487,0.06086679413639261,0.0124282982791587,0.03919694072657744,0.030592734225621414,0.0,0.16061185468451242,0.011153601019757807,0.033779477374123644,0.07074569789674952,0.05449330783938815,0.22466539196940727,0.02581261950286807,0.0,0.12396430847673677,0.0,Гоголь,"Повесть о том, как поссорился Иван Иванович с Иваном Никифоровичем"
0.059230009871668314,0.08028956893715038,0.06284962158604804,0.013820335636722606,0.036854228364593615,0.031918394208621255,0.0006581112207963146,0.1727541954590326,0.007568279039157618,0.044422507403751234,0.06712734452122408,0.01809805857189865,0.23231326094109905,0.027640671273445213,0.0,0.14445541296479106,0.0,Гоголь,Мертвые души Том первый
0.05836764349721482,0.08258658270767741,0.06393799951562122,0.012109469605231292,0.03535965124727537,0.03535965124727537,0.0007265681763138775,0.18333736982320176,0.011140712036812788,0.03487527246306612,0.0666020828287721,0.028336158876241222,0.22596270283361589,0.021070477113102445,0.0,0.13441511261806732,0.00581254541051102,Гоголь,Рим
0.053061224489795916,0.07510204081632653,0.06918367346938775,0.012448979591836735,0.04244897959183674,0.03775510204081633,0.0006122448979591836,0.16551020408163264,0.01183673469387755,0.05163265306122449,0.06795918367346938,0.013061224489795919,0.23020408163265307,0.027551020408163266,0.0,0.1416326530612245,0.0,Гоголь,Мертвые души Том первый
0.08969866853538892,0.08853071712216772,0.05232422331231021,0.012146694697500585,0.039243167484232656,0.03433777154870357,0.000934361130576968,0.21163279607568325,0.008876430740481197,0.0322354590049054,0.06797477224947442,0.01401541695865452,0.1985517402476057,0.016584910067741182,0.0,0.12660593319317917,0.006306937631394534,Гоголь,Рим
0.07119021134593993,0.0842602892102336,0.06646273637374861,0.012235817575083427,0.05061179087875417,0.056451612903225805,0.0,0.1443270300333704,0.012791991101223582,0.0603448275862069,0.10845383759733036,0.015294771968854282,0.16546162402669634,0.02474972191323693,0.0,0.12736373748609567,0.0,Гоголь,Выбранные места из переписки с друзьями
0.03849518810148731,0.06299212598425197,0.06605424321959755,0.010936132983377077,0.03062117235345582,0.03805774278215223,0.0030621172353455816,0.15223097112860892,0.01268591426071741,0.06124234470691164,0.10498687664041995,0.006561679790026247,0.23753280839895013,0.02668416447944007,0.0,0.14785651793525809,0.0,Гоголь,Записки сумасшедшего
0.07248810523369717,0.07836551917156451,0.05737475510775259,0.01119507416736636,0.04897844948222782,0.029107192835152534,0.000279876854184159,0.17772180240694094,0.008396305625524769,0.04450041981528128,0.07220822837951302,0.019871256647075286,0.2278197593059054,0.021270640917996082,0.0,0.1304226140498181,0.0,Гоголь,Мертвые души Том первый
0.07692307692307693,0.0726643598615917,0.07532605802501996,0.014905509715198297,0.039925472451424006,0.03433590630822465,0.001064679265371307,0.181261644929465,0.013308490817141336,0.03939313281873835,0.05509715198296513,0.017567207878626565,0.23236624966728772,0.020761245674740483,0.0,0.12509981368112855,0.0,Гоголь,Мертвые души Том первый
0.04005006257822278,0.06424697538589905,0.0621610346266166,0.010429703796412181,0.03504380475594493,0.03754693366708386,0.002920317062995411,0.15060492282019192,0.01376720901126408,0.05548602419691281,0.10596579057154777,0.006257822277847309,0.23863162286191072,0.027117229870671673,0.0,0.14977054651647892,0.0,Гоголь,Записки сумасшедшего
0.07804037419990152,0.08296405711472181,0.06696208764155588,0.013293943870014771,0.04283604135893648,0.05760709010339734,0.0002461841457410143,0.14943377646479566,0.010585918266863614,0.051452486459871986,0.1051206302314131,0.01501723289020187,0.16420482520925653,0.03323485967503693,0.0,0.12826193993106844,0.0007385524372230429,Гоголь,Выбранные места из переписки с друзьями
0.07016658253407371,0.07799091367995961,0.06486622917718324,0.01060070671378092,0.041140837960625946,0.05123674911660778,0.0,0.15623422513881877,0.011357900050479555,0.06234225138818778,0.11408379606259465,0.006057546693589096,0.1751640585562847,0.03457849570923776,0.0,0.12367491166077739,0.0005047955577990914,Гоголь,Выбранные места из переписки с друзьями
0.057519280205655526,0.059447300771208224,0.06973007712082262,0.015424164524421594,0.034383033419023136,0.03374035989717224,0.0016066838046272494,0.1449228791773779,0.005462724935732648,0.04338046272493573,0.08065552699228792,0.02538560411311054,0.24967866323907456,0.030205655526992288,0.00032133676092544985,0.1481362467866324,0.0,Гоголь,Мертвые души Том первый
0.0772190162132454,0.08216543006320418,0.06760098928276999,0.017862050013740038,0.043693322341302555,0.06237977466336906,0.0,0.1483924154987634,0.011266831547128332,0.05825776312173674,0.11019510854630393,0.010442429238801869,0.15938444627644957,0.028854080791426217,0.0,0.12228634240175873,0.0,Гоголь,Выбранные места из переписки с друзьями
0.07108603667136812,0.07503526093088858,0.05049365303244006,0.007616361071932299,0.04315937940761636,0.0380818053596615,0.0011283497884344146,0.18392101551480958,0.009026798307475317,0.031029619181946404,0.06685472496473907,0.04541607898448519,0.2318758815232722,0.02172073342736248,0.0,0.1235543018335684,0.0,Гоголь,"Повесть о том, как поссорился Иван Иванович с Иваном Никифоровичем"
0.08726462846730107,0.09050415063778093,0.06155092123911723,0.012755618546264426,0.03867179591010326,0.06114598096780725,0.0,0.1913342781939664,0.008908685968819599,0.043733549301478034,0.07876088276979146,0.010528447054059526,0.16379833974488764,0.030775460619558614,0.0,0.12026726057906459,0.0,Гоголь,Выбранные места из переписки с друзьями
0.0731090311156084,0.08398684543384771,0.06349607892739692,0.013407538578294966,0.04502909182899064,0.05084745762711865,0.0,0.17606880849987352,0.008348090058183658,0.052618264609157604,0.09486465975208702,0.014672400708322793,0.1697444978497344,0.03136858082469011,0.0,0.12243865418669365,0.0,Гоголь,Выбранные места из переписки с друзьями
0.06847826086956521,0.08188405797101449,0.059782608695652176,0.011594202898550725,0.03768115942028986,0.04855072463768116,0.0,0.1894927536231884,0.010144927536231883,0.0391304347826087,0.0963768115942029,0.002173913043478261,0.1934782608695652,0.021014492753623187,0.0,0.14021739130434782,0.0,Гоголь,Портрет
0.0922890103217972,0.08338393037846589,0.06274033596437968,0.013560008095527222,0.04735883424408015,0.06294272414490994,0.0004047763610605141,0.17789921068609593,0.009107468123861567,0.049989880590973486,0.08439587128111718,0.009107468123861567,0.15745800445253996,0.030560615260068813,0.0,0.11880186197126087,0.0,Гоголь,Выбранные места из переписки с друзьями
0.056285810583080555,0.053926525109538256,0.0549376474553421,0.012807549713515335,0.026626221772834514,0.03471520053926525,0.00741489720256151,0.12133468149646107,0.002696326255476913,0.07044152342433435,0.09538254128749579,0.023592854735422986,0.2901921132457027,0.026963262554769128,0.0,0.12268284462419952,0.0,Гоголь,Мертвые души Том первый
0.08200238379022647,0.08390941597139452,0.0567342073897497,0.012395709177592373,0.041716328963051254,0.0629320619785459,0.0,0.1802145411203814,0.014541120381406437,0.05220500595947557,0.08796185935637664,0.019308700834326578,0.16424314660309894,0.025506555423122766,0.0,0.1163289630512515,0.0,Гоголь,Выбранные места из переписки с друзьями
0.0938496583143508,0.08314350797266515,0.06514806378132118,0.01275626423690205,0.03940774487471526,0.0571753986332574,0.00045558086560364467,0.18656036446469249,0.010933940774487472,0.04646924829157175,0.07904328018223235,0.014806378132118452,0.1662870159453303,0.026879271070615034,0.0,0.11708428246013668,0.0,Гоголь,Выбранные места из переписки с друзьями
0.04896142433234421,0.0712166172106825,0.058358061325420374,0.008902077151335312,0.026706231454005934,0.024727992087042534,0.0009891196834817012,0.13056379821958458,0.004945598417408506,0.050445103857566766,0.09446092977250248,0.06033630069238378,0.27398615232443124,0.019287833827893175,0.0,0.1261127596439169,0.0,Гоголь,"Повесть о том, как поссорился Иван Иванович с Иваном Никифоровичем"
0.07528696826468602,0.0675219446320054,0.05570560432140446,0.012491559756921,0.035449020931802834,0.03038487508440243,0.00033760972316002703,0.16407832545577314,0.011478730587440918,0.03646185010128292,0.07292370020256583,0.046927751519243756,0.2386900742741391,0.025320729237002026,0.0,0.12694125590817015,0.0,Гоголь,"Повесть о том, как поссорился Иван Иванович с Иваном Никифоровичем"
0.04254228600717581,0.05433111225012814,0.056381342901076374,0.009226037929267043,0.02409021014864172,0.026140440799589954,0.0010251153254741158,0.11173757047667862,0.0046130189646335215,0.05945668887749872,0.10456176319835982,0.058944131214761664,0.3054843669912865,0.020502306509482315,0.0,0.12096360840594567,0.0,Гоголь,"Повесть о том, как поссорился Иван Иванович с Иваном Никифоровичем"
0.062060140754958415,0.0745361484325016,0.07389635316698656,0.013435700575815739,0.04318618042226487,0.02783109404990403,0.0003198976327575176,0.163787587971849,0.007357645553422905,0.04830454254638516,0.08829174664107485,0.008317338451695458,0.22296865003198976,0.01695457453614843,0.0,0.14875239923224567,0.0,Гоголь,Портрет
0.08708633988554366,0.07663597909927843,0.06742970888280667,0.01841254043294352,0.04254789748693705,0.06369743717342623,0.0002488181139586962,0.16446877332669818,0.009455088330430456,0.05573525752674795,0.10126897238118936,0.007464543418760886,0.15824832047773077,0.026623538193580494,0.0,0.12067678526996765,0.0,Гоголь,Выбранные места из переписки с друзьями
0.04726134585289515,0.06666666666666667,0.060406885758998434,0.010954616588419406,0.038184663536776214,0.028794992175273867,0.0006259780907668231,0.13677621283255087,0.014397496087636933,0.06666666666666667,0.08169014084507042,0.020970266040688575,0.27104851330203444,0.0215962441314554,0.0,0.13395931142410017,0.0,Гоголь,Мертвые души Том первый
0.08479737643476223,0.08151791988756149,0.06793159990630124,0.011712344811431248,0.04193019442492387,0.05879597095338487,0.0,0.1820098383696416,0.012180838603888498,0.05083157648161162,0.08128367299133286,0.014289060669946124,0.15881939564300773,0.030452096509721246,0.0,0.12344811431248535,0.0,Гоголь,Выбранные места из переписки с друзьями
0.05620210048254329,0.07408458699971615,0.05904059040590406,0.01419244961680386,0.04314504683508374,0.02724950326426341,0.001419244961680386,0.16775475447062163,0.006812375816065853,0.05790519443655975,0.0647175702526256,0.03292648311098496,0.24354243542435425,0.01845018450184502,0.0,0.13255747942094806,0.0,Гоголь,Мертвые души Том первый
0.06734348561759729,0.08257191201353638,0.05888324873096447,0.01116751269035533,0.03857868020304569,0.050084602368866325,0.0,0.19018612521150594,0.009813874788494078,0.03925549915397631,0.09983079526226735,0.0020304568527918783,0.18849407783417935,0.02098138747884941,0.0,0.1407783417935702,0.0,Гоголь,Портрет
0.08497970230040595,0.08633288227334235,0.05493910690121786,0.009472259810554804,0.04248985115020298,0.06468200270635995,0.0,0.17753721244925574,0.013531799729364006,0.05277401894451962,0.08822733423545331,0.021380243572395128,0.16373477672530445,0.02652232746955345,0.0,0.11339648173207037,0.0,Гоголь,Выбранные места из переписки с друзьями
0.0773955773955774,0.08681408681408681,0.05343980343980344,0.01678951678951679,0.043202293202293206,0.06592956592956593,0.0,0.1672809172809173,0.011466011466011465,0.04586404586404586,0.10237510237510238,0.006756756756756757,0.1635954135954136,0.028255528255528257,0.0004095004095004095,0.13042588042588044,0.0,Гоголь,Выбранные места из переписки с друзьями
0.05964912280701754,0.07177033492822966,0.06889952153110047,0.011802232854864434,0.03508771929824561,0.03604465709728868,0.0012759170653907496,0.17065390749601275,0.007974481658692184,0.04433811802232855,0.0685805422647528,0.019138755980861243,0.23094098883572567,0.029027113237639554,0.0,0.1448165869218501,0.0,Гоголь,Мертвые души Том первый
0.055526992287917736,0.067866323907455,0.056555269922879174,0.008226221079691516,0.03444730077120823,0.04010282776349614,0.0010282776349614395,0.16760925449871467,0.006169665809768638,0.05347043701799486,0.1141388174807198,0.015424164524421594,0.20051413881748073,0.03444730077120823,0.0,0.14447300771208227,0.0,Гоголь,Записки сумасшедшего
0.05749032614704257,0.07435046987285793,0.05721393034825871,0.013266998341625208,0.0439469320066335,0.026257600884466555,0.0013819789939192924,0.16887783305693754,0.006909894969596462,0.05831951354339414,0.06605859590934218,0.03427307904919845,0.2410171365395246,0.019624101713653953,0.0,0.1310116086235489,0.0,Гоголь,Мертвые души Том первый
0.0640495867768595,0.08795749704840614,0.05667060212514758,0.013282172373081463,0.03305785123966942,0.0345336481700118,0.0023612750885478157,0.17739079102715466,0.007674144037780401,0.03778040141676505,0.08028335301062574,0.014462809917355372,0.23406139315230223,0.021251475796930343,0.0,0.1334120425029516,0.0017709563164108619,Гоголь,Портрет
0.03732014388489208,0.05890287769784173,0.043615107913669064,0.007643884892086331,0.028327338129496404,0.02697841726618705,0.0049460431654676255,0.13489208633093525,0.011241007194244604,0.06384892086330936,0.08588129496402877,0.022931654676258992,0.31384892086330934,0.02068345323741007,0.0,0.13803956834532374,0.0008992805755395684,Гоголь,Мертвые души Том первый
0.052342606149341143,0.07064421669106881,0.058931185944363106,0.0157393850658858,0.03587115666178624,0.03513909224011713,0.0,0.14494875549048317,0.008784773060029283,0.04685212298682284,0.07284040995607613,0.06844802342606149,0.21888726207906295,0.03404099560761347,0.0,0.13579795021961932,0.0007320644216691069,Гоголь,"Повесть о том, как поссорился Иван Иванович с Иваном Никифоровичем"
0.07142857142857142,0.07896205357142858,0.056640625,0.011160714285714286,0.048828125,0.030133928571428572,0.00027901785714285713,0.17661830357142858,0.008649553571428572,0.044642857142857144,0.07254464285714286,0.020647321428571428,0.228515625,0.021205357142857144,0.0,0.12974330357142858,0.0,Гоголь,Мертвые души Том первый
0.04962852897473997,0.07102526002971768,0.07161961367013372,0.01337295690936107,0.04665676077265973,0.027043090638930165,0.001188707280832095,0.16077265973254087,0.00950965824665676,0.044279346210995545,0.06151560178306092,0.036552748885586926,0.25468053491827636,0.017533432392273403,0.0,0.13462109955423476,0.0,Гоголь,Мертвые души Том первый
0.07018813314037627,0.0779064158224795,0.06439942112879884,0.014230583695127834,0.04003859141341052,0.03907380607814761,0.000964785335262904,0.17800289435600578,0.0074770863482875064,0.054027978774722624,0.06874095513748191,0.011577424023154847,0.220935841775205,0.027496382054992764,0.0,0.12493970091654606,0.0,Гоголь,Мертвые души Том первый
0.061153578874218205,0.08084317813296271,0.05906879777623349,0.017604818160759785,0.04586518415566365,0.03381978225619643,0.0016214964095436647,0.1880935835070651,0.007875839703497799,0.04841324994208941,0.06833449154505443,0.012740328932128793,0.21565902246930738,0.024554088487375492,0.0,0.13435255964790363,0.0,Гоголь,Мертвые души Том первый
0.07680908866386763,0.08298345270437145,0.06618918251420104,0.013336626327488268,0.04346752284514695,0.057051123734255374,0.0002469745616201531,0.14769078784885156,0.010372931588046431,0.05334650530995307,0.10521116325018523,0.01506544825882934,0.16349715979254137,0.03334156581872067,0.0,0.130649543097061,0.0007409236848604594,Гоголь,Выбранные места из переписки с друзьями
0.09944134078212291,0.0839851024208566,0.0590316573556797,0.0074487895716946,0.04264432029795158,0.06573556797020484,0.0,0.19273743016759776,0.010614525139664804,0.049348230912476726,0.07988826815642458,0.01675977653631285,0.16182495344506517,0.020297951582867783,0.0,0.10968342644320297,0.0005586592178770949,Гоголь,Выбранные места из переписки с друзьями
0.07565953210552513,0.07516177202588352,0.057989049278247884,0.009457441513190641,0.05674464907914385,0.03210552513688402,0.0017421602787456446,0.1839223494275759,0.009457441513190641,0.040567446490791435,0.06620209059233449,0.02040816326530612,0.22424091587854655,0.01642608262817322,0.0,0.12991538078646092,0.0,Гоголь,Мертвые души Том первый
0.06756756756756757,0.081547064305685,0.06267474370922647,0.014678471575023298,0.04007455731593663,0.05754892823858341,0.0,0.1586672879776328,0.006756756756756757,0.05405405405405406,0.12092264678471575,0.0027958993476234857,0.16612301957129544,0.03984156570363467,0.0,0.12604846225535882,0.0006989748369058714,Гоголь,Выбранные места из переписки с друзьями
0.07032146957520091,0.07548794489092997,0.05166475315729047,0.007749712973593571,0.043340987370838115,0.037600459242250285,0.001148105625717566,0.18484500574052812,0.00975889781859931,0.03071182548794489,0.06257175660160735,0.046785304247990815,0.23249138920780713,0.02123995407577497,0.0,0.12428243398392652,0.0,Гоголь,"Повесть о том, как поссорился Иван Иванович с Иваном Никифоровичем"
0.05603576751117735,0.06169895678092399,0.07034277198211625,0.015499254843517139,0.03546944858420268,0.03278688524590164,0.0017883755588673621,0.14754098360655737,0.00804769001490313,0.04292101341281669,0.07511177347242921,0.025633383010432192,0.25275707898658717,0.027123695976154993,0.00029806259314456036,0.14694485842026825,0.0,Гоголь,Мертвые души Том первый
0.05764114691102572,0.0700561631687851,0.0768548625480343,0.014484185634052616,0.03635826189772391,0.031037540644398464,0.0002955956251847473,0.1681939107301212,0.011232633757020397,0.052320425657700266,0.0700561631687851,0.017735737511084836,0.23854566952409104,0.018622524386639076,0.0,0.13656517883535324,0.0,Гоголь,Мертвые души Том первый
0.05675877520537715,0.07318894697535475,0.06011949215832711,0.016803584764749812,0.035474234503360715,0.0351008215085885,0.0,0.1463778939507095,0.008215085884988798,0.04480955937266617,0.07094846900672143,0.0660941000746826,0.22143390589992532,0.029499626587005227,0.0,0.1344286781179985,0.0007468259895444362,Гоголь,"Повесть о том, как поссорился Иван Иванович с Иваном Никифоровичем"
0.04957436154231347,0.06910365548322484,0.06159238858287431,0.010015022533800702,0.04156234351527291,0.03655483224837256,0.0015022533800701052,0.1542313470205308,0.009514271407110666,0.06609914872308463,0.11667501251877817,0.010015022533800702,0.19729594391587382,0.03355032548823235,0.0,0.14221331997996994,0.000500751126690035,Гоголь,Записки сумасшедшего
0.07881538094100789,0.1069978504896107,0.05182708383090518,0.011225220921901122,0.030570814425603058,0.03558633866730356,0.0004776689754000478,0.1958442799140196,0.016957248626701695,0.022928110819202294,0.06496298065440649,0.07451636016240745,0.17363267255791737,0.01839025555290184,0.0038213518032003822,0.1129687126821113,0.0004776689754000478,Гоголь,Выбранные места из переписки с друзьями
0.06338028169014084,0.07682458386683738,0.073303457106274,0.013764404609475032,0.04353393085787452,0.027848911651728554,0.0,0.16517285531370038,0.0076824583866837385,0.04769526248399488,0.088348271446863,0.008322663252240717,0.21991037131882202,0.016645326504481434,0.0,0.14756722151088347,0.0,Гоголь,Портрет
0.07434640522875817,0.08006535947712418,0.06481481481481481,0.014978213507625272,0.046296296296296294,0.044662309368191724,0.0002723311546840959,0.19117647058823528,0.008714596949891068,0.032407407407407406,0.08088235294117647,0.008986928104575163,0.1854575163398693,0.022603485838779955,0.0,0.14215686274509803,0.002178649237472767,Гоголь,Портрет
0.046396396396396394,0.06576576576576576,0.07027027027027027,0.014414414414414415,0.03738738738738739,0.04054054054054054,0.004954954954954955,0.14324324324324325,0.008108108108108109,0.04954954954954955,0.10225225225225225,0.012162162162162163,0.23648648648648649,0.025225225225225224,0.0,0.1382882882882883,0.004954954954954955,Гоголь,Записки сумасшедшего
0.09222269443263918,0.08266043348916277,0.06268593285167871,0.01296217594560136,0.04419889502762431,0.058223544411389716,0.00042498937526561835,0.18529536761580961,0.009349766255843604,0.04696132596685083,0.0832979175520612,0.012324691882702932,0.16085847853803656,0.029536761580960476,0.0,0.11899702507437314,0.0,Гоголь,Выбранные места из переписки с друзьями
0.0808104331625524,0.08290638099673964,0.053563111318118306,0.013740102468560783,0.03982300884955752,0.0624126688402422,0.0,0.18188169538891477,0.013740102468560783,0.05216581276199348,0.08896134140661388,0.02026082906380997,0.16488122962272939,0.02654867256637168,0.0,0.11830461108523521,0.0,Гоголь,Выбранные места из переписки с друзьями
0.10632846528311556,0.08583141173456316,0.04996156802459646,0.008967460927491674,0.034588777863182166,0.06277222649244171,0.0,0.18549833461439919,0.010504739943633103,0.035613630540609786,0.08173200102485267,0.022034332564693827,0.17729951319497822,0.024084037919549064,0.0,0.11427107353317961,0.0005124263387138099,Гоголь,Выбранные места из переписки с друзьями
0.09155844155844156,0.09913419913419913,0.04632034632034632,0.010606060606060607,0.03354978354978355,0.04177489177489178,0.0004329004329004329,0.21147186147186148,0.012554112554112554,0.023809523809523808,0.06277056277056277,0.05692640692640693,0.17597402597402598,0.01948051948051948,0.005194805194805195,0.10757575757575757,0.0008658008658008658,Гоголь,Выбранные места из переписки с друзьями
0.08644718238739649,0.09028479095132297,0.06301757220763482,0.012926681478489193,0.0381741062411634,0.06039184003231671,0.0,0.19046657240961423,0.009291052312664107,0.043223591193698244,0.08058977984245606,0.010704908099373864,0.16340133306402746,0.03090284790951323,0.0,0.12017774187032923,0.0,Гоголь,Выбранные места из переписки с друзьями
0.0854721549636804,0.07820823244552058,0.07021791767554479,0.00847457627118644,0.04891041162227603,0.05351089588377724,0.0,0.18184019370460047,0.012832929782082324,0.053026634382566586,0.08401937046004843,0.010653753026634382,0.15786924939467312,0.03026634382566586,0.0,0.12469733656174334,0.0,Гоголь,Выбранные места из переписки с друзьями
0.07837837837837838,0.09164619164619164,0.05454545454545454,0.01425061425061425,0.04742014742014742,0.05823095823095823,0.0,0.1597051597051597,0.01425061425061425,0.05110565110565111,0.09385749385749385,0.012776412776412777,0.16265356265356265,0.03095823095823096,0.0,0.12800982800982802,0.0022113022113022115,Гоголь,Выбранные места из переписки с друзьями
0.062428734321550744,0.08523375142531357,0.06499429874572406,0.017388825541619156,0.04161915621436716,0.03591790193842646,0.0,0.17303306727480045,0.007126567844925884,0.046180159635119726,0.08694412770809579,0.00855188141391106,0.19954389965792474,0.02280501710376283,0.0,0.14823261117445838,0.0,Гоголь,Портрет
0.08040901696490821,0.08040901696490821,0.06367650476411806,0.01487334417848013,0.043225656518707876,0.06460608877527306,0.00023239600278875203,0.1638391819660702,0.010690216128282594,0.05321868463862422,0.10202184522426214,0.006507088078085057,0.16407157796885893,0.028817104345805252,0.0,0.12340227748082733,0.0,Гоголь,Выбранные места из переписки с друзьями
0.03932584269662921,0.06352636127917027,0.06611927398444252,0.010803802938634399,0.03197925669835782,0.03889369057908384,0.003025064822817632,0.1525496974935177,0.012532411408815903,0.060933448573898014,0.10458081244598098,0.006050129645635264,0.23509075194468454,0.027225583405358685,0.0,0.14736387208297322,0.0,Гоголь,Записки сумасшедшего
0.07417447018235584,0.08181370133070479,0.06727451946771809,0.009364218827008379,0.045342533267619514,0.051256776737309016,0.0,0.15524889107934944,0.013553474618038443,0.06160670280926565,0.1067028092656481,0.009610645638245442,0.17077378018728437,0.02957121734844751,0.0,0.1232134056185313,0.0004928536224741252,Гоголь,Выбранные места из переписки с друзьями
0.09257175014068655,0.07681485649971863,0.056555993247045584,0.014068655036578503,0.04079909960607766,0.04811480022509848,0.0,0.19611705120990433,0.008722566122678672,0.03685987619583568,0.088351153629713,0.004501969611705121,0.1823297692740574,0.021102982554867755,0.0,0.13224535734383794,0.0008441193021947102,Гоголь,Портрет
0.0625,0.07775590551181102,0.058070866141732284,0.016486220472440943,0.043799212598425195,0.028297244094488187,0.0007381889763779527,0.1815944881889764,0.009104330708661417,0.050688976377952756,0.06200787401574803,0.02878937007874016,0.2330216535433071,0.021161417322834646,0.0,0.12598425196850394,0.0,Гоголь,Мертвые души Том первый
0.08301502419149479,0.07792207792207792,0.06391647568118157,0.012732365673542145,0.04787369493251846,0.05474917239623122,0.00025464731347084286,0.16653934300993126,0.01145912910618793,0.05653170359052712,0.09345556404379934,0.014769544181308887,0.16195569136745608,0.024191494779730073,0.0,0.1306340718105424,0.0,Гоголь,Выбранные места из переписки с друзьями
0.0467147740220281,0.07064185339916446,0.05507026205848842,0.012913026965438662,0.02924420812761109,0.0284846183061147,0.001139384732244588,0.14318268135206988,0.00569692366122294,0.05431067223699203,0.08735282947208507,0.028864413216862894,0.26205848841625523,0.026585643752373718,0.0,0.14774022028104825,0.0,Гоголь,Мертвые души Том первый
0.04432855280312908,0.06562364189482833,0.05780095610604085,0.006084311169056932,0.03780964797913951,0.02955236853541938,0.001303780964797914,0.13863537592351152,0.007388092133854845,0.07648848326814428,0.09169926119078661,0.016514558887440245,0.28683181225554105,0.022598870056497175,0.0,0.11734028683181226,0.0,Гоголь,Мертвые души Том первый
0.064993564993565,0.07754182754182753,0.059845559845559844,0.015122265122265123,0.04247104247104247,0.030566280566280565,0.0019305019305019305,0.1628056628056628,0.01126126126126126,0.05694980694980695,0.06402831402831403,0.017696267696267698,0.23552123552123552,0.02702702702702703,0.00032175032175032174,0.13191763191763192,0.0,Гоголь,Мертвые души Том первый
0.06281833616298811,0.08488964346349745,0.06508205998868138,0.01726089417091115,0.042444821731748725,0.03593661573288059,0.0,0.17374080362195812,0.007074136955291454,0.04640633842671194,0.08687040181097906,0.008488964346349746,0.19807583474816073,0.022920203735144314,0.0,0.14799094510469724,0.0,Гоголь,Портрет
0.06471004243281471,0.07178217821782178,0.05233380480905234,0.006718528995756719,0.03606789250353607,0.03288543140028288,0.0014144271570014145,0.16867043847241867,0.009900990099009901,0.03642149929278642,0.06683168316831684,0.045615275813295615,0.2591937765205092,0.020155586987270154,0.0,0.1272984441301273,0.0,Гоголь,"Повесть о том, как поссорился Иван Иванович с Иваном Никифоровичем"
0.06966743119266056,0.07110091743119266,0.07855504587155963,0.014908256880733946,0.040137614678899085,0.03583715596330275,0.0014334862385321102,0.1720183486238532,0.008600917431192661,0.034690366972477064,0.05819954128440367,0.022935779816513763,0.24139908256880735,0.020642201834862386,0.0,0.12987385321100917,0.0,Гоголь,Мертвые души Том первый
0.07877376794722546,0.07857974388824214,0.06790842064415988,0.012999611951882033,0.048894062863795114,0.03938688397361273,0.0007760962359332557,0.1643383779588669,0.00795498641831587,0.056461001164144355,0.07314707023670936,0.02017850213426465,0.20042685292976328,0.02405898331393093,0.0,0.12611563833915407,0.0,Гоголь,Мертвые души Том первый
0.0635470826112074,0.0854997111496245,0.060947429231658,0.017908723281340265,0.0415944540727903,0.03466204506065858,0.00028885037550548814,0.17157712305025996,0.007510109763142692,0.045060658578856154,0.08723281340265743,0.008665511265164644,0.20768341998844597,0.021374927787406125,0.0,0.1464471403812825,0.0,Гоголь,Портрет
0.0918475383800953,0.08073054526204342,0.06193753308628904,0.01296982530439386,0.03996823716251985,0.052143991529910005,0.0,0.20857596611964002,0.01085230280571731,0.028586553732133403,0.0757014293276866,0.003440974060349391,0.18131286394917945,0.015087347803070408,0.0,0.13684489147697193,0.0,Гоголь,Портрет
0.05367435158501441,0.07564841498559077,0.058717579250720464,0.010446685878962535,0.04106628242074928,0.027737752161383286,0.001080691642651297,0.15201729106628242,0.006844380403458214,0.06268011527377522,0.08789625360230548,0.016930835734870316,0.25504322766570603,0.021613832853025938,0.0,0.12860230547550433,0.0,Гоголь,Мертвые души Том первый
0.06283380458686773,0.07665724159597864,0.06566132579327678,0.014451775054979578,0.03989946591266101,0.03581526861451461,0.002827521206409048,0.17090794847628024,0.00942507068803016,0.03770028275212064,0.0845114671693371,0.014451775054979578,0.2111215834118756,0.029531888155827836,0.0,0.14043355325164938,0.003770028275212064,Гоголь,Портрет
0.05499838240051763,0.06729213846651569,0.07020381753477839,0.015205435134260757,0.03623422840504691,0.03170494985441605,0.0019411193788417987,0.1465545131025558,0.010029116790682626,0.03785182788741508,0.06470397929472663,0.028469750889679714,0.27531543189906177,0.021352313167259787,0.00032351989647363315,0.13781947589776772,0.0,Гоголь,Мертвые души Том первый
0.06789215686274509,0.07647058823529412,0.05784313725490196,0.013970588235294118,0.04191176470588235,0.05612745098039216,0.0,0.1607843137254902,0.00980392156862745,0.059803921568627454,0.11299019607843137,0.005392156862745098,0.17401960784313725,0.03602941176470588,0.0,0.12598039215686274,0.000980392156862745,Гоголь,Выбранные места из переписки с друзьями
0.073502955538422,0.07478797224363917,0.06296581855564122,0.008738113595476741,0.05345669493703418,0.02878437419686456,0.001799023387304035,0.1814443587766641,0.00719609354921614,0.04985864816242611,0.06399383191981496,0.013107170393215111,0.2259059367771781,0.02313030069390902,0.0,0.13132870727319454,0.0,Гоголь,Мертвые души Том первый
0.06892922915022362,0.07629571165482768,0.059458037358589844,0.010523546435148644,0.04946066824519863,0.026308866087871613,0.0023677979479084454,0.17232307287555906,0.0068403051828466194,0.05156537753222836,0.06971849513285977,0.0163114969744804,0.23704288345172322,0.021310181531176007,0.0,0.13154433043935806,0.0,Гоголь,Мертвые души Том первый
0.051759834368530024,0.06780538302277432,0.061076604554865424,0.008281573498964804,0.038302277432712216,0.03778467908902691,0.0015527950310559005,0.15631469979296067,0.008799171842650104,0.06625258799171843,0.11490683229813664,0.009316770186335404,0.19513457556935818,0.03674948240165631,0.0,0.14596273291925466,0.0,Гоголь,Записки сумасшедшего
0.08359213250517598,0.08592132505175984,0.05434782608695652,0.010869565217391304,0.04218426501035197,0.06392339544513458,0.0,0.17908902691511386,0.012163561076604554,0.05227743271221532,0.09083850931677019,0.021739130434782608,0.161231884057971,0.02562111801242236,0.0,0.1162008281573499,0.0,Гоголь,Выбранные места из переписки с друзьями
0.07400194741966894,0.075365141187926,0.06562804284323272,0.013631937682570594,0.04459591041869523,0.044011684518013634,0.0,0.17663096397273612,0.008958130477117819,0.04888023369036027,0.05978578383641675,0.01596884128529698,0.21616358325219084,0.03135345666991236,0.0,0.12482960077896786,0.00019474196689386563,Гоголь,Мертвые души Том первый
0.04946564885496183,0.07083969465648855,0.059541984732824425,0.008854961832061069,0.039083969465648856,0.03389312977099237,0.0003053435114503817,0.15175572519083969,0.007938931297709924,0.055572519083969464,0.07755725190839695,0.029618320610687022,0.2665648854961832,0.02198473282442748,0.0,0.1270229007633588,0.0,Гоголь,Мертвые души Том первый
0.06367535466842626,0.07060376113493896,0.07819201583635764,0.016166281755196306,0.03827119762454635,0.03530188056746948,0.001649620587264929,0.16496205872649292,0.009567799406136588,0.036291652919828436,0.05839656878917849,0.025734081161332894,0.255691191026064,0.019465522929726163,0.0,0.12603101286704058,0.0,Гоголь,Мертвые души Том первый
0.07612378585949853,0.08177095098260673,0.05985995030494692,0.015586175739778631,0.04269256833069799,0.06505534221820646,0.00022588660492432798,0.16354190196521345,0.012197876665913711,0.051050372712898126,0.10300429184549356,0.00677659814772984,0.16738197424892703,0.028687598825389654,0.0,0.12604472554777502,0.0,Гоголь,Выбранные места из переписки с друзьями
0.07377049180327869,0.07605794891345788,0.06614563476934808,0.013724742661075104,0.04460541364849409,0.04365230651925276,0.0,0.17842165459397635,0.008959207014868471,0.0478459778879146,0.06061761341974838,0.015630956919557758,0.2134959969500572,0.031452535264963784,0.0,0.12542889820815858,0.00019062142584826535,Гоголь,Мертвые души Том первый
0.0753370340999207,0.07850911974623315,0.06106264869151467,0.012159661644197727,0.05154639175257732,0.031456515992598466,0.000528680941052075,0.18001586042823156,0.008194554586307164,0.04493787998942638,0.06608511763150939,0.018768173407348664,0.21808088818398097,0.023790642347343377,0.0,0.1295268305577584,0.0,Гоголь,Мертвые души Том первый
0.08938089380893809,0.09163591635916359,0.05781057810578106,0.011480114801148012,0.04038540385403854,0.06416564165641657,0.0,0.18880688806888068,0.007995079950799507,0.04325543255432554,0.08015580155801558,0.014760147601476014,0.16359163591635917,0.03198031980319803,0.0,0.11459614596145962,0.0,Гоголь,Выбранные места из переписки с друзьями
0.07983193277310924,0.08883553421368548,0.07523009203681473,0.015406162464985995,0.04921968787515006,0.030212084833933575,0.0,0.19267707082833133,0.013605442176870748,0.04101640656262505,0.06362545018007203,0.010804321728691477,0.1910764305722289,0.023809523809523808,0.0,0.12444977991196479,0.00020008003201280514,Гоголь,Мертвые души Том первый
0.050226928895612706,0.07110438729198185,0.059001512859304085,0.008472012102874432,0.037821482602118005,0.03358547655068079,0.000605143721633888,0.14947049924357034,0.008472012102874432,0.05809379727685325,0.07927382753403933,0.026021180030257187,0.26959152798789715,0.022390317700453858,0.0,0.12586989409984872,0.0,Гоголь,Мертвые души Том первый
0.07733491969066032,0.08169740233987706,0.0727741423755701,0.01566527860400555,0.049970255800118976,0.037279397184215746,0.000793178663493952,0.17251635930993456,0.009121554630180448,0.05373785445171525,0.06841165972635337,0.01883799325798136,0.19274241522903035,0.023398770573071586,0.0,0.1255205234979179,0.000198294665873488,Гоголь,Мертвые души Том первый
0.04652605459057072,0.06885856079404466,0.05893300248138958,0.01054590570719603,0.03970223325062035,0.03287841191066997,0.0006203473945409429,0.13895781637717122,0.01240694789081886,0.06358560794044665,0.0794044665012407,0.022332506203473945,0.2704714640198511,0.02326302729528536,0.0,0.1315136476426799,0.0,Гоголь,Мертвые души Том первый
0.04755700325732899,0.06514657980456026,0.058957654723127036,0.010749185667752443,0.03615635179153094,0.028013029315960912,0.0006514657980456026,0.13322475570032574,0.014657980456026058,0.06938110749185668,0.08371335504885993,0.01986970684039088,0.2742671009771987,0.023127035830618894,0.0,0.13452768729641693,0.0,Гоголь,Мертвые души Том первый
0.06083086053412463,0.08679525222551929,0.06045994065281899,0.009272997032640949,0.039317507418397624,0.02336795252225519,0.000370919881305638,0.16580118694362017,0.005934718100890208,0.03338278931750742,0.06750741839762611,0.0712166172106825,0.22329376854599406,0.024851632047477746,0.0,0.12759643916913946,0.0,Гоголь,"Повесть о том, как поссорился Иван Иванович с Иваном Никифоровичем"
0.06010158013544018,0.0922686230248307,0.05869074492099323,0.01608352144469526,0.0358352144469526,0.03470654627539503,0.000564334085778781,0.17776523702031602,0.007618510158013544,0.04542889390519187,0.0806997742663657,0.007900677200902935,0.21218961625282168,0.022573363431151242,0.0,0.14757336343115124,0.0,Гоголь,Портрет
0.1101213040181956,0.08396512509476876,0.06690674753601213,0.01061410159211524,0.04416224412433662,0.039613343442001514,0.00018953752843062926,0.21304018195602728,0.0077710386656558,0.024260803639120546,0.05932524639878696,0.01838514025777104,0.17835481425322214,0.017626990144048522,0.0,0.11827141774071266,0.007391963608794541,Гоголь,Рим
0.05713159968479117,0.08195429472025216,0.06107171000788022,0.007880220646178092,0.03467297084318361,0.02206461780929866,0.0007880220646178094,0.15839243498817968,0.006698187549251379,0.037037037037037035,0.06973995271867613,0.07289204097714735,0.24231678486997635,0.02009456264775414,0.0,0.1272655634357762,0.0,Гоголь,"Повесть о том, как поссорился Иван Иванович с Иваном Никифоровичем"
0.07254901960784314,0.08627450980392157,0.06778711484593837,0.010084033613445379,0.04985994397759104,0.0546218487394958,0.0,0.14789915966386555,0.014285714285714285,0.05742296918767507,0.10532212885154062,0.015406162464985995,0.1649859943977591,0.02492997198879552,0.0,0.12857142857142856,0.0,Гоголь,Выбранные места из переписки с друзьями
0.08367768595041322,0.09349173553719008,0.04984504132231405,0.010072314049586776,0.03512396694214876,0.039514462809917356,0.0,0.21952479338842976,0.013429752066115703,0.03176652892561983,0.05371900826446281,0.07773760330578512,0.16012396694214875,0.014721074380165289,0.002840909090909091,0.11389462809917356,0.0005165289256198347,Гоголь,Выбранные места из переписки с друзьями
0.054682589566310495,0.0678818353236958,0.07039597737272156,0.016027655562539284,0.036769327467001886,0.03268384663733501,0.0018856065367693275,0.14739157762413577,0.00974230043997486,0.04085480829666876,0.06411062225015714,0.02796983029541169,0.2702702702702703,0.021684475172847266,0.00031426775612822125,0.13733500942803267,0.0,Гоголь,Мертвые души Том первый
0.05303392259913999,0.0716674629718108,0.0630673674151935,0.010033444816053512,0.037267080745341616,0.038222646918299095,0.0009555661729574773,0.15910176779741997,0.008600095556617296,0.05303392259913999,0.11610129001433349,0.01385570950788342,0.19015766841853798,0.040611562350692784,0.0,0.14429049211657907,0.0,Гоголь,Записки сумасшедшего
0.07625133120340788,0.08903088391906283,0.05047923322683706,0.016400425985090523,0.04238551650692226,0.065814696485623,0.0,0.17486687965921194,0.012140575079872205,0.04153354632587859,0.09456869009584665,0.01235356762513312,0.16570820021299254,0.02577209797657082,0.0008519701810436634,0.1314164004259851,0.0004259850905218317,Гоголь,Выбранные места из переписки с друзьями
0.06366423013440227,0.08276349917472295,0.06555057769394011,0.012261259136995991,0.05022400377269512,0.049045036547983964,0.0,0.15680264088658336,0.009903324687573685,0.057062013676019804,0.11341664701721292,0.010139118132515916,0.1657627917943881,0.042914406979485974,0.0,0.12049045036547984,0.0,Гоголь,Выбранные места из переписки с друзьями
0.07894736842105263,0.08147080028839221,0.07065609228550829,0.013338139870223503,0.04506128334534967,0.029560201874549386,0.0007209805335255948,0.18132660418168708,0.008651766402307137,0.0414563806777217,0.07426099495313626,0.010814708002883922,0.20908435472242248,0.022710886806056235,0.0,0.13193943763518384,0.0,Пришвин,Зеленый шум
0.08001461454146876,0.08184143222506395,0.0650347095359883,0.013153087321885276,0.04822798684691268,0.034344172451589335,0.0007307270734380709,0.18231640482279868,0.008403361344537815,0.04238217025940811,0.06941907197661673,0.0113262696382901,0.21227621483375958,0.018998903909389842,0.0,0.13153087321885276,0.0,Пришвин,Зеленый шум
0.07550200803212852,0.0751004016064257,0.06345381526104418,0.007630522088353414,0.05060240963855422,0.03253012048192771,0.0,0.1855421686746988,0.006827309236947791,0.040562248995983936,0.05903614457831325,0.01927710843373494,0.22730923694779118,0.021686746987951807,0.0,0.13493975903614458,0.0,Пришвин,Зеленый шум
0.055716054477919934,0.0800660338423442,0.059430458109781266,0.011555922410235245,0.05447791993396616,0.028477094510936857,0.0004127115146512588,0.1671481634337598,0.006190672719768881,0.048287247214197276,0.07965332232769294,0.01361947998349154,0.23565827486586877,0.01361947998349154,0.0,0.14568716467189435,0.0,Пришвин,Зеленый шум
0.0881630648330059,0.08914538310412573,0.06532416502946954,0.015471512770137525,0.046660117878192534,0.04494106090373281,0.0,0.20653241650294696,0.008104125736738703,0.03192534381139489,0.06556974459724951,0.021856581532416503,0.17018664047151277,0.021856581532416503,0.0,0.12401768172888016,0.0002455795677799607,Пришвин,Зеленый шум
0.07668944570994685,0.09668438370032903,0.0663123259934194,0.015186028853454821,0.046064287522146294,0.04732978992660086,0.0,0.21184510250569477,0.006580612503163756,0.03416856492027335,0.06884333080232853,0.022525942799291317,0.1536319919007846,0.021513540875727665,0.0,0.1326246519868388,0.0,Пришвин,Зеленый шум
0.057706093189964155,0.07885304659498207,0.06415770609318996,0.010752688172043012,0.05268817204301075,0.03655913978494624,0.00035842293906810036,0.16810035842293908,0.005017921146953405,0.04265232974910394,0.07741935483870968,0.02258064516129032,0.2125448028673835,0.023297491039426525,0.0,0.14731182795698924,0.0,Пришвин,Зеленый шум
0.07032348804500703,0.09106891701828411,0.052039381153305204,0.006680731364275668,0.04922644163150492,0.03410689170182841,0.0,0.19233473980309423,0.009142053445850914,0.04992967651195499,0.06188466947960619,0.003867791842475387,0.21272855133614627,0.02109704641350211,0.0,0.14556962025316456,0.0,Пришвин,Зеленый шум
0.07860945818979016,0.09395552771688068,0.06107109301597244,0.014719699342311305,0.049170059505167556,0.04384591293454432,0.0,0.20137801440651426,0.010648293141246476,0.035076730347635456,0.05950516755402443,0.027247103037895397,0.16066395239586595,0.025994362668336986,0.0,0.13811462574381458,0.0,Пришвин,Зеленый шум
0.06982543640897755,0.09164588528678304,0.06109725685785536,0.017456359102244388,0.03865336658354115,0.046758104738154616,0.0,0.19731920199501246,0.00841645885286783,0.03428927680798005,0.06701995012468828,0.021820448877805487,0.1673940149625935,0.031483790523690776,0.0,0.1468204488778055,0.0,Пришвин,Зеленый шум
0.0665896843725943,0.08814472671285604,0.07082371054657428,0.00962278675904542,0.05003849114703618,0.030792917628945343,0.0007698229407236335,0.1859122401847575,0.010007698229407237,0.03156274056966898,0.061200923787528866,0.021939953810623556,0.21247113163972287,0.016166281755196306,0.0,0.14395688991531946,0.0,Пришвин,Зеленый шум
0.06519591702337833,0.09911096476786302,0.04873230161343431,0.011524530786960816,0.04840302930523543,0.026341784655910437,0.00032927230819888045,0.20316101415870924,0.008231807704972012,0.038854132367467896,0.060915377016792886,0.017122160026341784,0.19492920645373724,0.020085610800131708,0.0,0.15706289101086598,0.0,Пришвин,Зеленый шум
0.08511306532663317,0.0932788944723618,0.06564070351758794,0.02135678391959799,0.04396984924623116,0.042085427135678394,0.0,0.20540201005025124,0.009422110552763818,0.038316582914572864,0.05841708542713568,0.016017587939698492,0.15483668341708542,0.02355527638190955,0.0,0.14258793969849246,0.0,Пришвин,Зеленый шум
0.054206265399507216,0.09151707145371347,0.0559662090813094,0.008095740936290039,0.0559662090813094,0.030623020063357972,0.00035198873636043646,0.1795142555438226,0.010911650827173531,0.04505455825413587,0.059134107708553325,0.03695881731784583,0.20837733192537838,0.021823301654347062,0.0,0.14149947201689547,0.0,Пришвин,Зеленый шум
0.0830301025471386,0.09725438306318226,0.07442937479325173,0.008269930532583526,0.04895798875289448,0.030102547138604035,0.0,0.2136950049619583,0.006615944426066821,0.04068805822031095,0.05358914985114125,0.007608336089976844,0.17201455507773736,0.023486602712537216,0.0,0.1402580218326166,0.0,Пришвин,Зеленый шум
0.07391304347826087,0.10380434782608695,0.08206521739130435,0.022282608695652174,0.043478260869565216,0.03641304347826087,0.0,0.22092391304347825,0.011684782608695652,0.04021739130434782,0.04809782608695652,0.00625,0.15081521739130435,0.026358695652173914,0.0,0.13342391304347825,0.0002717391304347826,Пришвин,Зеленый шум
0.06731371321227302,0.10018785222291797,0.06668753913587977,0.013462742642454603,0.04602379461490294,0.04226675015654352,0.0,0.20788979336255478,0.011584220413274891,0.042579837194740136,0.06731371321227302,0.010331872260488416,0.16781465247338762,0.021916092673763307,0.0,0.13462742642454603,0.0,Пришвин,Зеленый шум
0.05368852459016393,0.08729508196721311,0.05040983606557377,0.007377049180327869,0.05450819672131148,0.03114754098360656,0.001639344262295082,0.17950819672131146,0.011475409836065573,0.04672131147540984,0.0680327868852459,0.021311475409836064,0.2262295081967213,0.022950819672131147,0.0,0.1377049180327869,0.0,Пришвин,Зеленый шум
0.0775894538606403,0.08097928436911488,0.07156308851224105,0.012806026365348399,0.04331450094161959,0.02824858757062147,0.0007532956685499058,0.17966101694915254,0.008662900188323917,0.04180790960451977,0.07419962335216572,0.011676082862523541,0.2135593220338983,0.022975517890772127,0.0,0.13220338983050847,0.0,Пришвин,Зеленый шум
0.05628703094140882,0.10039499670836076,0.05102040816326531,0.0069124423963133645,0.05200789993416721,0.02468729427254773,0.0009874917709019092,0.1998025016458196,0.0069124423963133645,0.037524687294272545,0.07011191573403555,0.013166556945358789,0.19651086240947993,0.022053982883475973,0.0,0.16161948650427913,0.0,Пришвин,Зеленый шум
0.05023364485981308,0.09540498442367601,0.0529595015576324,0.008177570093457943,0.045950155763239874,0.024922118380062305,0.0011682242990654205,0.1530373831775701,0.0027258566978193145,0.048286604361370715,0.09618380062305296,0.017133956386292833,0.21884735202492211,0.01557632398753894,0.0,0.169392523364486,0.0,Пришвин,Зеленый шум
0.07186290768380321,0.07849640685461581,0.05638474295190713,0.004422332780541736,0.04311774461028192,0.03814262023217247,0.0,0.18518518518518517,0.007186290768380321,0.037037037037037035,0.08402432283029299,0.009950248756218905,0.2177998894416805,0.01824212271973466,0.0,0.14814814814814814,0.0,Пришвин,Зеленый шум
0.06840974212034384,0.08882521489971347,0.07091690544412607,0.01181948424068768,0.05945558739255014,0.03187679083094556,0.0,0.1819484240687679,0.0071633237822349575,0.03832378223495702,0.06411174785100286,0.027936962750716332,0.1765759312320917,0.019340974212034383,0.0,0.15293696275071633,0.00035816618911174784,Пришвин,Зеленый шум
0.07738273080370481,0.09441290708096803,0.0749925306244398,0.016731401254855095,0.041230953092321485,0.04272482820436212,0.00029877502240812666,0.21452046608903497,0.00717060053779504,0.036450552733791455,0.047206453540484014,0.015835076187630713,0.16850911263818344,0.018524051389303853,0.0,0.14400956080071706,0.0,Пришвин,Зеленый шум
0.06979542719614922,0.10138387484957882,0.0598676293622142,0.01263537906137184,0.046630565583634175,0.039711191335740074,0.0,0.2214199759326113,0.009927797833935019,0.04151624548736462,0.06438026474127558,0.009927797833935019,0.16967509025270758,0.02316486161251504,0.0,0.1299638989169675,0.0,Пришвин,Зеленый шум
0.09096901779828609,0.0922874093605801,0.07317073170731707,0.015161502966381015,0.04515491100856955,0.043506921555702044,0.0003295978905735003,0.19479235332893868,0.008239947264337508,0.04680290046143705,0.05932762030323006,0.02933421226104153,0.15886618325642715,0.018787079762689517,0.0,0.12326961107448912,0.0,Пришвин,Зеленый шум
0.04823825503355705,0.07046979865771812,0.05578859060402685,0.00587248322147651,0.04949664429530201,0.031459731543624164,0.0,0.18540268456375839,0.003355704697986577,0.03942953020134228,0.07172818791946309,0.02726510067114094,0.2462248322147651,0.016359060402684564,0.0,0.14890939597315436,0.0,Пришвин,Зеленый шум
0.05675675675675676,0.07513513513513513,0.06108108108108108,0.008648648648648649,0.036216216216216214,0.02216216216216216,0.0,0.16,0.010810810810810811,0.05027027027027027,0.09243243243243243,0.021621621621621623,0.24972972972972973,0.016756756756756756,0.0,0.13783783783783785,0.0005405405405405405,Пришвин,Зеленый шум
0.04863097670617082,0.07069881487535758,0.05762157744176543,0.005721291377196567,0.04944830404577033,0.032693093583980384,0.0,0.18471597874948917,0.004086636697997548,0.03677973028197793,0.0760114425827544,0.029015120555782592,0.23457294646505925,0.01879852881078872,0.0,0.15120555782590928,0.0,Пришвин,Зеленый шум
0.042105263157894736,0.08315789473684211,0.06157894736842105,0.007368421052631579,0.04421052631578947,0.026842105263157896,0.002631578947368421,0.17842105263157895,0.01263157894736842,0.038421052631578946,0.07684210526315789,0.004210526315789474,0.24,0.014736842105263158,0.0,0.1668421052631579,0.0,Пришвин,Зеленый шум
0.09955041746949261,0.0838150289017341,0.06840077071290944,0.007385998715478484,0.049132947976878616,0.03564547206165703,0.0003211303789338471,0.2241490044958253,0.007064868336544637,0.03500321130378934,0.04367373153500321,0.00449582530507386,0.1846499678869621,0.025048169556840076,0.0,0.13166345536287732,0.0,Пришвин,Зеленый шум
0.09895658027600135,0.09727364523729384,0.06159542241669472,0.008078088185796028,0.060922248401211715,0.0282733086502861,0.0,0.24671827667452037,0.00572197913160552,0.027263547627061596,0.041063614944463145,0.0063951531470885226,0.16088858970043757,0.02221474251093908,0.0,0.13227869404240997,0.0023561090541905083,Пришвин,Зеленый шум
0.08160489629377762,0.08840530431825909,0.06902414144848691,0.007480448826929616,0.05406324379462768,0.030941856511390683,0.00034002040122407346,0.19245154709282558,0.01088065283917035,0.045222713362801766,0.04726283577014621,0.01972118327099626,0.18871132267936075,0.020401224073444406,0.0,0.143488609316559,0.0,Пришвин,Зеленый шум
0.0665551839464883,0.08461538461538462,0.06354515050167224,0.014381270903010033,0.04749163879598662,0.028093645484949834,0.001003344481605351,0.16923076923076924,0.010033444816053512,0.04247491638795987,0.08963210702341137,0.011705685618729096,0.19832775919732443,0.021070234113712373,0.0,0.15183946488294314,0.0,Пришвин,Зеленый шум
0.05661140315406389,0.08855640921957138,0.0509502628386575,0.00646987464617873,0.05337646583097452,0.030731904569348968,0.0016174686615446825,0.1746866154468257,0.007682976142337242,0.04569348968863728,0.07278608976951072,0.021431459765467044,0.2256368782854832,0.022240194096239386,0.0,0.14152850788515972,0.0,Пришвин,Зеленый шум
0.09419100754840827,0.09123728257302265,0.06957663275352806,0.007876599934361668,0.05152609123728257,0.02888086642599278,0.0003281916639317361,0.2205447981621267,0.006892024942566459,0.036101083032490974,0.04463406629471611,0.003938299967180834,0.18116179849031835,0.022645224811289794,0.0,0.14046603216278306,0.0,Пришвин,Зеленый шум
0.06821705426356589,0.09250645994832041,0.07596899224806201,0.00516795865633075,0.040310077519379844,0.019638242894056846,0.0,0.18914728682170542,0.009302325581395349,0.029974160206718347,0.07855297157622738,0.017054263565891473,0.21136950904392765,0.019638242894056846,0.0,0.14160206718346252,0.0015503875968992248,Пришвин,Зеленый шум
0.07534642032332564,0.09266743648960739,0.07476905311778291,0.01905311778290993,0.04647806004618937,0.04647806004618937,0.0,0.20207852193995382,0.010392609699769052,0.032043879907621246,0.06495381062355658,0.013856812933025405,0.1651270207852194,0.02367205542725173,0.0,0.13308314087759815,0.0,Пришвин,Зеленый шум
0.06716672349130583,0.0968291851346744,0.06205250596658711,0.010228435049437436,0.049096488237299694,0.03818615751789976,0.0,0.22059324923286738,0.007500852369587453,0.041936583702693486,0.05932492328673713,0.014319809069212411,0.18172519604500512,0.01943402659393113,0.0,0.13160586430276167,0.0,Пришвин,Зеленый шум
0.0719720989220038,0.08877615726062144,0.06658211794546608,0.02092580849714648,0.046924540266328474,0.03836398224476855,0.0,0.19499048826886492,0.009194673430564362,0.03614457831325301,0.049778059606848446,0.02631578947368421,0.17882054533925174,0.025364616360177554,0.0,0.14584654407102093,0.0,Пришвин,Зеленый шум
0.0732899022801303,0.08577633007600434,0.07627578718783931,0.02035830618892508,0.04343105320304017,0.041802388707926165,0.0,0.1976112920738328,0.009500542888165039,0.03908794788273615,0.06704668838219327,0.014657980456026058,0.16856677524429967,0.02714440825190011,0.0,0.13545059717698155,0.0,Пришвин,Зеленый шум
0.0642548596112311,0.0755939524838013,0.056155507559395246,0.004319654427645789,0.03509719222462203,0.028617710583153346,0.0,0.17764578833693304,0.012958963282937365,0.04697624190064795,0.08099352051835854,0.021058315334773217,0.24244060475161988,0.014038876889848811,0.0,0.13930885529157666,0.0005399568034557236,Пришвин,Зеленый шум
0.07635530669381523,0.08806312038686688,0.07660982438279461,0.019852379740391956,0.04759480783914482,0.042758971748536524,0.0,0.19852379740391957,0.00941715449223721,0.03334181725629931,0.06744718757953677,0.011707813693051667,0.16492746245864087,0.026469839653855944,0.0,0.13693051667090864,0.0,Пришвин,Зеленый шум
0.09090909090909091,0.0935346242205448,0.07154578273711848,0.016409583196586808,0.04627502461437479,0.04496225795864785,0.0003281916639317361,0.19757138168690516,0.0062356416147029865,0.04725959960617,0.05776173285198556,0.024942566458811946,0.15687561535936986,0.020676074827699377,0.0,0.12471283229405973,0.0,Пришвин,Зеленый шум
0.07883597883597884,0.08677248677248678,0.061375661375661375,0.0026455026455026454,0.038624338624338624,0.028042328042328042,0.0,0.18888888888888888,0.009523809523809525,0.0417989417989418,0.08042328042328042,0.008994708994708995,0.22380952380952382,0.02857142857142857,0.0,0.12116402116402117,0.0005291005291005291,Пришвин,Зеленый шум
0.05309734513274336,0.07796038769490098,0.06026127265065318,0.011378002528445006,0.05604719764011799,0.029077117572692796,0.00042140750105351877,0.1685630004214075,0.005478297513695744,0.04677623261694058,0.07838179519595449,0.012220817530552043,0.2402022756005057,0.012220817530552043,0.0,0.14791403286978508,0.0,Пришвин,Зеленый шум
0.06598407281001138,0.08646188850967008,0.07584376185058779,0.011755783086841108,0.04626469472885855,0.020857034508911642,0.0007584376185058779,0.18240424725066362,0.015168752370117557,0.04740235115661737,0.07129313613955252,0.010238907849829351,0.18960940462646947,0.026924535456958665,0.0,0.149032992036405,0.0,Пришвин,Зеленый шум
0.06884480746791131,0.09218203033838973,0.07176196032672112,0.004084014002333722,0.03733955659276546,0.022753792298716453,0.0005834305717619603,0.17852975495915985,0.009334889148191364,0.046091015169194866,0.07526254375729288,0.008751458576429404,0.22695449241540255,0.01866977829638273,0.0,0.13885647607934656,0.0,Пришвин,Зеленый шум
0.04807692307692308,0.07148829431438126,0.05560200668896321,0.005434782608695652,0.04933110367892977,0.03260869565217391,0.0,0.18520066889632106,0.004180602006688963,0.038461538461538464,0.07483277591973245,0.027591973244147156,0.2382943143812709,0.01839464882943144,0.0,0.1505016722408027,0.0,Пришвин,Зеленый шум
0.06685962373371925,0.094356005788712,0.07322720694645442,0.012735166425470333,0.05007235890014472,0.03878437047756874,0.0,0.19131693198263386,0.006946454413892909,0.036468885672937774,0.06599131693198264,0.028364688856729377,0.15918958031837915,0.025470332850940667,0.0,0.1499276410998553,0.0002894356005788712,Пришвин,Зеленый шум
0.07906053589149852,0.08832285808799206,0.06946741647370162,0.007939133311280185,0.05524313595765796,0.03407211379424413,0.0003307972213033411,0.19318557724115118,0.007277538868673503,0.041680449884220976,0.04796559708898445,0.026794574925570625,0.1902084022494211,0.02117102216341383,0.0,0.13728084684088654,0.0,Пришвин,Зеленый шум
0.04801962846126884,0.09253417455310199,0.05538030143708377,0.005257623554153523,0.05362776025236593,0.03505082369435682,0.0003505082369435682,0.19313003855590608,0.008762705923589204,0.04591657903960743,0.05432877672625307,0.030844724851034,0.20715036803364878,0.022082018927444796,0.0,0.1475639677532422,0.0,Пришвин,Зеленый шум
0.07551299589603283,0.09931600547195622,0.07688098495212038,0.018331053351573187,0.04377564979480164,0.04487004103967168,0.00027359781121751026,0.21203830369357046,0.005745554035567715,0.035841313269493844,0.05417236662106703,0.01121751025991792,0.1573187414500684,0.024623803009575923,0.0,0.14008207934336525,0.0,Пришвин,Зеленый шум
0.07347167694896242,0.07291082445316882,0.050476724621424565,0.0005608524957936063,0.040381379697139654,0.022434099831744252,0.0016825574873808188,0.195176668536175,0.008412787436904094,0.03757711721817162,0.06618059450364554,0.009534492428491307,0.2619181155356141,0.014582164890633763,0.0,0.1446999439147504,0.0,Пришвин,Зеленый шум
0.052185699762792276,0.09217214503558116,0.05726872246696035,0.007793968146391054,0.05591324974584887,0.033209081667231445,0.00033886818027787193,0.18163334462893935,0.012876990850559133,0.04642494069806845,0.0579464588275161,0.03490342256862081,0.20670958996950187,0.021687563537783804,0.0,0.1389359539139275,0.0,Пришвин,Зеленый шум
0.08209924655754741,0.09353078721745908,0.06443232008313848,0.01558846453624318,0.050922317485061055,0.041309431021044424,0.0,0.21174330995063653,0.00857365549493375,0.028578851649779163,0.07040789815536502,0.01610808002078462,0.16757599376461418,0.021044427123928292,0.0,0.12782540919719407,0.0002598077422707197,Пришвин,Зеленый шум
0.0473186119873817,0.0918769716088328,0.05362776025236593,0.006309148264984227,0.04771293375394322,0.02720820189274448,0.0011829652996845426,0.15220820189274448,0.0031545741324921135,0.04968454258675079,0.09069400630914827,0.016167192429022082,0.22949526813880125,0.013406940063091483,0.0,0.16995268138801262,0.0,Пришвин,Зеленый шум
0.0549738219895288,0.10078534031413612,0.04799301919720768,0.005671902268760907,0.04712041884816754,0.02617801047120419,0.0,0.2238219895287958,0.005235602094240838,0.03446771378708551,0.05366492146596859,0.009598603839441536,0.2212041884816754,0.018760907504363003,0.0,0.1505235602094241,0.0,Пришвин,Зеленый шум
0.05459770114942529,0.09554597701149425,0.06573275862068965,0.007183908045977011,0.05531609195402299,0.02442528735632184,0.0010775862068965517,0.19827586206896552,0.005747126436781609,0.036637931034482756,0.07076149425287356,0.011135057471264368,0.1968390804597701,0.020833333333333332,0.0,0.15589080459770116,0.0,Пришвин,Зеленый шум
0.10342342342342342,0.08252252252252253,0.04540540540540541,0.00972972972972973,0.04936936936936937,0.05189189189189189,0.0,0.2410810810810811,0.003963963963963964,0.026306306306306305,0.05045045045045045,0.03099099099099099,0.18702702702702703,0.023783783783783784,0.0,0.09405405405405405,0.0,Пришвин,Зеленый шум
0.06505295007564296,0.08371154815935451,0.07665153807362582,0.004034291477559254,0.0453857791225416,0.018658598083711547,0.0,0.1880988401412002,0.008068582955118508,0.03227433182047403,0.0751386787695411,0.01664145234493192,0.2168431669188099,0.019162884518406455,0.0,0.1487644982349975,0.0015128593040847202,Пришвин,Зеленый шум
0.07853736089030207,0.08394276629570747,0.07090620031796502,0.00985691573926868,0.0534181240063593,0.03434022257551669,0.0,0.19141494435612083,0.005723370429252782,0.04006359300476948,0.05119236883942766,0.029570747217806042,0.18855325914149443,0.02448330683624801,0.0,0.13799682034976152,0.0,Пришвин,Зеленый шум
0.08027380211574363,0.10205351586807716,0.07125077784691973,0.006845052893590542,0.0507156191661481,0.03484754200373367,0.0,0.22153080273802117,0.0074673304293715,0.03671437461107654,0.04760423148724331,0.005289359054138146,0.17112632233976355,0.02209085252022402,0.0,0.14219041692594897,0.0,Пришвин,Зеленый шум
0.08550185873605948,0.09496451503886448,0.06049340993578912,0.01858736059479554,0.03954038526529233,0.04663737749239608,0.0,0.20074349442379183,0.010814464346062858,0.02805001689760054,0.054072321730314295,0.03954038526529233,0.1679621493747888,0.01858736059479554,0.0,0.13450490030415682,0.0,Пришвин,Зеленый шум
0.08228460793804453,0.10196837689577283,0.07034527266860277,0.006453694740238786,0.0500161342368506,0.03355921264924169,0.0,0.22426589222329785,0.007744433688286544,0.03484995159728945,0.04969344949983866,0.004194901581155212,0.17102291061632785,0.022587931590835754,0.0,0.14101323007421748,0.0,Пришвин,Зеленый шум
0.047053649956024624,0.09278803869832894,0.05452946350043975,0.006596306068601583,0.05452946350043975,0.030343007915567283,0.0008795074758135445,0.19525065963060687,0.008355321020228672,0.029023746701846966,0.0773966578715919,0.010114335971855761,0.22075637642919965,0.018469656992084433,0.0,0.15391380826737028,0.0,Пришвин,Зеленый шум
0.06720850265708034,0.09784307596123788,0.06595811190997186,0.013441700531416068,0.045639262269459205,0.04251328540168803,0.0,0.2050640825257893,0.012503907471084715,0.04157549234135667,0.07033447952485151,0.011253516723976243,0.1700531416067521,0.02188183807439825,0.0,0.13472960300093778,0.0,Пришвин,Зеленый шум
0.09471820596046031,0.0840956034228386,0.06698141044555916,0.006196518146946002,0.060489820005901446,0.035998819710829154,0.00029507229271171436,0.22779580997344348,0.007966951903216288,0.035998819710829154,0.04249041015048687,0.002360578341693715,0.1782236647978755,0.01976984361168486,0.0,0.1357332546473886,0.0008852168781351431,Пришвин,Зеленый шум
0.05646078059871163,0.08601743084501705,0.059113300492610835,0.006820765441455097,0.04926108374384237,0.023114816218264493,0.0,0.1788556271314892,0.00909435392194013,0.034482758620689655,0.08525956801818871,0.029556650246305417,0.2072754831375521,0.02235695339143615,0.0,0.15233042819249715,0.0,Пришвин,Зеленый шум
0.06637961966271977,0.08683171869393613,0.055256548259777535,0.007534983853606028,0.04664513814137065,0.030139935414424113,0.0,0.18442770003588088,0.010764262648008612,0.04700394689630427,0.06960889845712236,0.0057409400789379264,0.2185145317545748,0.02045209903121636,0.0,0.15069967707212056,0.0,Пришвин,Зеленый шум
0.04295942720763723,0.08782816229116945,0.05536992840095466,0.009069212410501194,0.051551312649164675,0.028639618138424822,0.002386634844868735,0.17995226730310263,0.012410501193317422,0.03866348448687351,0.07494033412887828,0.014319809069212411,0.23389021479713604,0.017183770883054894,0.0,0.15083532219570406,0.0,Пришвин,Зеленый шум
0.0688802543270929,0.0921935711762628,0.06075591663723066,0.013422818791946308,0.04980572235959025,0.03143765453903214,0.0,0.18403391027905333,0.006711409395973154,0.03496997527375486,0.06252207700459202,0.023666548922642177,0.20593429883433415,0.026139173436948077,0.0,0.13952666902154715,0.0,Пришвин,Зеленый шум
0.056150600454397924,0.09282700421940929,0.054527750730282376,0.005842259006815969,0.053554040895813046,0.0379746835443038,0.0003245699448231094,0.1973385264524505,0.007789678675754625,0.046413502109704644,0.05907172995780591,0.019149626744563452,0.19604024667315806,0.02564102564102564,0.0,0.14735475494969166,0.0,Пришвин,Зеленый шум
0.08320445406742963,0.09526755335601608,0.06557377049180328,0.02196102690999072,0.04113826167646149,0.04454067429631921,0.0,0.21156820290751624,0.009588617383235385,0.036189297865759355,0.05443860191772348,0.02103309619548407,0.15682029075162388,0.02721930095886174,0.0,0.13145685122177544,0.0,Пришвин,Зеленый шум
0.07469118069520253,0.09307670209709853,0.0755530020109164,0.019247342717609882,0.04625107727664464,0.04424016087331226,0.0,0.20425165182418845,0.01005458201666188,0.032749209997127264,0.06492387245044527,0.013214593507612756,0.1671933352484918,0.02212008043665613,0.0,0.13243320884803217,0.0,Пришвин,Зеленый шум
0.054734318817419095,0.0759089093088294,0.06711945665201757,0.011186576108669596,0.05033959248901319,0.02317219336795845,0.0,0.1781861765880943,0.007191370355573312,0.040351578106272476,0.06312425089892129,0.02796644027167399,0.21933679584498603,0.024770275669196963,0.0,0.15661206552137436,0.0,Пришвин,Зеленый шум
0.06834227619316577,0.10759672408924033,0.06071731149392827,0.015249929398475007,0.04405535159559446,0.04236091499576391,0.0,0.20982773227901722,0.006777746399322226,0.029370234397062978,0.07709686529229032,0.02315730019768427,0.15052245128494776,0.022310081897768994,0.0,0.14261508048573848,0.0,Пришвин,Зеленый шум
0.0819157288667888,0.09264590421355666,0.06359591729913636,0.01517927244176917,0.05024862601413243,0.040827008636482594,0.0,0.21486521852918083,0.008113059408531798,0.028003140539125882,0.0696152839570793,0.014917560847945564,0.16958911279769695,0.02093692750588851,0.0,0.12928552734886156,0.00026171159382360636,Пришвин,Зеленый шум
0.060015588464536244,0.08144972720187062,0.06625097427903351,0.012081060015588464,0.05066250974279034,0.033125487139516754,0.0,0.17848791893998442,0.005845674201091193,0.0362431800467654,0.08261886204208885,0.015198752922837101,0.21590023382696805,0.026500389711613406,0.0,0.13561964146531566,0.0,Пришвин,Зеленый шум
0.07673402512288367,0.099399235390497,0.07700709994538503,0.018022938285090113,0.04314582195521573,0.04533042053522665,0.00027307482250136535,0.212998361551065,0.005461496450027308,0.03577280174767886,0.05406881485527035,0.011742217367558712,0.1567449481157837,0.023484434735117424,0.0,0.13981430912069906,0.0,Пришвин,Зеленый шум
0.08047605553981298,0.09492774156984982,0.07254179654293001,0.01841881552847832,0.04108812694814395,0.04222159251912723,0.0,0.20544063474071975,0.009067724567866252,0.04335505809011051,0.05412298101445168,0.027486540096344575,0.16038537829413432,0.02521960895437801,0.0,0.1252479455936526,0.0,Пришвин,Зеленый шум
0.09000620732464308,0.07572936064556177,0.0670391061452514,0.0031036623215394167,0.03972687771570453,0.027932960893854747,0.0006207324643078833,0.1973929236499069,0.008690254500310366,0.0335195530726257,0.05524518932340161,0.0148975791433892,0.24084419615145872,0.013656114214773432,0.0,0.13159528243327126,0.0,Пришвин,Зеленый шум
0.07712,0.08288,0.07104,0.01056,0.05248,0.03584,0.0,0.1888,0.0048,0.04096,0.0528,0.03136,0.18912,0.02464,0.0,0.1376,0.0,Пришвин,Зеленый шум
0.06464379947229551,0.10224274406332454,0.04320580474934037,0.011873350923482849,0.046503957783641164,0.028034300791556728,0.00032981530343007914,0.2054749340369393,0.008905013192612138,0.038588390501319264,0.06365435356200527,0.016490765171503958,0.1929419525065963,0.01978891820580475,0.0,0.15732189973614777,0.0,Пришвин,Зеленый шум
0.045513095749248604,0.0674109059682267,0.05195362816659511,0.005152425933877201,0.051524259338772006,0.033061399742378705,0.00042936882782310007,0.17518248175182483,0.0030055817947617003,0.043795620437956206,0.072992700729927,0.030914555603263203,0.2541863460712752,0.017604121940747102,0.0,0.1472735079433233,0.0,Пришвин,Зеленый шум
0.0674373795761079,0.09120102761721259,0.07450224791265253,0.013808606294155427,0.04656390494540784,0.033397559409120106,0.0009633911368015414,0.18818240205523443,0.007707129094412331,0.040783558124598586,0.07000642260757868,0.00674373795761079,0.18143866409762363,0.022157996146435453,0.0,0.15510597302504817,0.0,Пришвин,Зеленый шум
0.07290470723306544,0.06946039035591274,0.06486796785304248,0.0057405281285878304,0.03960964408725603,0.024110218140068886,0.001148105625717566,0.16762342135476463,0.006314580941446613,0.03731343283582089,0.08495981630309989,0.022388059701492536,0.24454649827784156,0.01894374282433984,0.0,0.14006888633754305,0.0,Пришвин,Зеленый шум
0.05118755118755119,0.08927108927108927,0.05978705978705979,0.007371007371007371,0.04914004914004914,0.025798525798525797,0.0012285012285012285,0.15847665847665848,0.003276003276003276,0.051597051597051594,0.08312858312858312,0.012694512694512694,0.22072072072072071,0.01638001638001638,0.0,0.16994266994266993,0.0,Пришвин,Зеленый шум
0.06941972232111071,0.09149163403346387,0.06443574225703097,0.01067995728017088,0.05517977928088288,0.02491990032039872,0.000711997152011392,0.1961552153791385,0.012103951584193664,0.03310786756852972,0.06550373798504806,0.019935920256318976,0.19152723389106444,0.019935920256318976,0.0,0.14489142043431827,0.0,Пришвин,Зеленый шум
0.08835859400193485,0.09029345372460497,0.06643018381167365,0.012899064817800709,0.04869396968719768,0.037729764592067075,0.0003224766204450177,0.2128345694937117,0.013544018058690745,0.03418252176717188,0.05288616575298291,0.033215091905836824,0.17188003869719445,0.018381167365366012,0.0,0.11834891970332151,0.0,Пришвин,Зеленый шум
0.06601941747572816,0.08815533980582524,0.06990291262135923,0.009320388349514564,0.05087378640776699,0.029514563106796118,0.0007766990291262136,0.18446601941747573,0.010485436893203883,0.03223300970873787,0.0629126213592233,0.02174757281553398,0.2120388349514563,0.016310679611650485,0.0,0.14524271844660194,0.0,Пришвин,Зеленый шум
0.0851528384279476,0.09201497192763568,0.06207111665626949,0.009981285090455396,0.051154086088583905,0.036805988771054274,0.0,0.2292576419213974,0.007797878976918278,0.032439176543980035,0.051777916406737366,0.004054897067997504,0.1793512164691204,0.021210230817217717,0.0,0.13661883967560823,0.00031191515907673113,Пришвин,Зеленый шум
0.07550432276657061,0.09106628242074928,0.07694524495677234,0.01729106628242075,0.04697406340057637,0.04351585014409222,0.0,0.1962536023054755,0.010086455331412104,0.031988472622478385,0.06570605187319885,0.01527377521613833,0.1685878962536023,0.025072046109510086,0.0,0.13573487031700288,0.0,Пришвин,Зеленый шум
0.08096774193548387,0.09193548387096774,0.07451612903225806,0.007741935483870968,0.05580645161290323,0.03032258064516129,0.0003225806451612903,0.18419354838709678,0.00935483870967742,0.04419354838709678,0.05129032258064516,0.014516129032258065,0.19741935483870968,0.01903225806451613,0.0,0.13709677419354838,0.0012903225806451613,Пришвин,Зеленый шум
0.0606536769327467,0.08830923947203018,0.071024512884978,0.00785669390320553,0.056882463859208046,0.03236957888120679,0.00031426775612822125,0.180389692017599,0.005971087366436203,0.044626021370207415,0.07416719044626022,0.010999371464487744,0.1935889377749843,0.017913262099308613,0.0,0.15493400377121308,0.0,Пришвин,Зеленый шум
0.06757253029746603,0.08813808299669482,0.07528461255967683,0.01395519647447668,0.04663973558575101,0.02130003672420125,0.0007344840249724568,0.18251928020565553,0.015056922511935366,0.047006977598237236,0.07381564450973191,0.010650018362100624,0.18288652221814175,0.027175908923980904,0.0,0.1472640470069776,0.0,Пришвин,Зеленый шум
0.07788062559846792,0.08490264921800192,0.07117778487073093,0.00989466964570699,0.052984360038301946,0.035429300989466964,0.0,0.1911905521864028,0.005426109160548994,0.04021704436642196,0.051388445579316946,0.03000319182891797,0.1873603574848388,0.024577082668368975,0.0,0.13756782636450687,0.0,Пришвин,Зеленый шум
0.07716535433070866,0.08818897637795275,0.0673228346456693,0.01968503937007874,0.050393700787401574,0.027559055118110236,0.0,0.19409448818897637,0.01141732283464567,0.03740157480314961,0.07834645669291339,0.007086614173228346,0.18070866141732284,0.024409448818897637,0.0,0.13622047244094487,0.0,Пришвин,Зеленый шум
0.09660574412532637,0.08648825065274152,0.07212793733681462,0.009138381201044387,0.05221932114882506,0.03198433420365535,0.00032637075718015666,0.21964751958224543,0.006201044386422976,0.03720626631853786,0.04275456919060052,0.0026109660574412533,0.18178851174934726,0.023172323759791124,0.0,0.1377284595300261,0.0,Пришвин,Зеленый шум
0.07309616453585326,0.09282934963868816,0.06976097832128961,0.018343524180100056,0.038910505836575876,0.0433574207893274,0.0,0.20205669816564759,0.005836575875486381,0.03446359088382435,0.06948304613674264,0.016675931072818232,0.1678710394663702,0.027515286270150083,0.0,0.13979988882712618,0.0,Пришвин,Зеленый шум
0.08111615833874107,0.0953926022063595,0.07657365347177157,0.008436080467229072,0.04899415963659961,0.03406878650227125,0.0,0.21966255678131083,0.00681375730045425,0.03893575600259572,0.0499675535366645,0.008111615833874108,0.17229072031148604,0.02336145360155743,0.0,0.136275146009085,0.0,Пришвин,Зеленый шум
0.06118818925649235,0.08680184987548915,0.05158306652436855,0.004980434009249377,0.054429028815368194,0.03770900035574529,0.0003557452863749555,0.1718249733191035,0.004980434009249377,0.05016008537886873,0.0711490572749911,0.024190679473496977,0.21273568125222342,0.023479188900747065,0.0,0.14443258626823194,0.0,Пришвин,Зеленый шум
0.05095057034220532,0.07756653992395438,0.05931558935361217,0.006083650190114068,0.05209125475285171,0.03307984790874525,0.0,0.18479087452471482,0.0038022813688212928,0.037262357414448666,0.07718631178707225,0.0311787072243346,0.21977186311787072,0.019011406844106463,0.0,0.14790874524714828,0.0,Пришвин,Зеленый шум
0.07572082996496901,0.10374562112638103,0.08084074373484236,0.021827000808407437,0.042576125033683646,0.03664780382646187,0.0,0.22150363783346808,0.011048234977095122,0.040959310158986795,0.047696038803556995,0.007006197790353005,0.15117219078415522,0.026138507140932365,0.0,0.13284828887092429,0.00026946914578280785,Пришвин,Зеленый шум
0.08507976227713482,0.09289959336878323,0.06255864873318737,0.014075695964967157,0.053800437910541135,0.0356584297779168,0.0,0.2089458867688458,0.009383797309978105,0.03722239599624648,0.06130747575852362,0.02064435408195183,0.15952455426962778,0.02471066624960901,0.0,0.1341883015326869,0.0,Пришвин,Зеленый шум
0.0664576802507837,0.0890282131661442,0.06833855799373041,0.012539184952978056,0.04639498432601881,0.03542319749216301,0.0006269592476489029,0.17962382445141065,0.009404388714733543,0.042946708463949844,0.07335423197492164,0.011598746081504702,0.1877742946708464,0.02884012539184953,0.0,0.14764890282131662,0.0,Пришвин,Зеленый шум
0.06415343915343916,0.10416666666666667,0.06580687830687831,0.006613756613756613,0.04794973544973545,0.026124338624338623,0.0,0.20238095238095238,0.008928571428571428,0.03935185185185185,0.06779100529100529,0.005291005291005291,0.19014550264550265,0.02414021164021164,0.0,0.14715608465608465,0.0,Пришвин,Зеленый шум
0.06832901554404146,0.0935880829015544,0.07998704663212436,0.014896373056994818,0.045660621761658034,0.03270725388601036,0.0006476683937823834,0.1878238341968912,0.008419689119170985,0.03983160621761658,0.07512953367875648,0.005505181347150259,0.17713730569948186,0.023963730569948185,0.0,0.14637305699481865,0.0,Пришвин,Зеленый шум
0.06945169712793733,0.06370757180156658,0.059007832898172324,0.006266318537859008,0.0422976501305483,0.028198433420365536,0.0,0.17702349869451697,0.008877284595300261,0.0391644908616188,0.08093994778067885,0.02193211488250653,0.2485639686684073,0.020365535248041775,0.0,0.1342036553524804,0.0,Пришвин,Зеленый шум
0.06521070439864657,0.09843125192248539,0.06644109504767763,0.013841894801599508,0.046139649338665024,0.04121808674254076,0.0,0.20055367579206398,0.013226699477083975,0.04398646570286066,0.07013226699477083,0.011073515841279606,0.16948631190402952,0.02214703168255921,0.0,0.1381113503537373,0.0,Пришвин,Зеленый шум
0.07285429141716566,0.09181636726546906,0.06620093147039255,0.016300731869594146,0.046573519627411845,0.04324683965402528,0.0,0.18795741849634065,0.01330671989354624,0.04324683965402528,0.07651363938789088,0.008649367930805056,0.17265469061876249,0.025615435795076514,0.0,0.13506320691949433,0.0,Пришвин,Зеленый шум
0.05805350028457598,0.07797381900967558,0.055776892430278883,0.005122367672168469,0.0398406374501992,0.02902675014228799,0.0,0.18269778030734207,0.009675583380762664,0.043255549231644846,0.07626636311895275,0.02105862265224815,0.2367672168468981,0.014797951052931132,0.0,0.14968696642003415,0.0,Пришвин,Зеленый шум
0.09233668341708542,0.09830402010050251,0.07443467336683417,0.006909547738693468,0.05778894472361809,0.03925879396984925,0.0,0.2079145728643216,0.008165829145728644,0.035175879396984924,0.06344221105527638,0.0037688442211055275,0.15797738693467336,0.022613065326633167,0.0,0.13190954773869346,0.0,Пришвин,Зеленый шум
0.050895765472312705,0.0741042345276873,0.06270358306188925,0.011400651465798045,0.050895765472312705,0.021986970684039087,0.0,0.1775244299674267,0.006514657980456026,0.04071661237785016,0.06392508143322476,0.028501628664495113,0.2247557003257329,0.02687296416938111,0.0,0.15920195439739412,0.0,Пришвин,Зеленый шум
0.06761565836298933,0.08744280630401627,0.07574987290289781,0.004067107269954245,0.044229791560752414,0.019827147941026944,0.0,0.18708693441789528,0.009150991357397052,0.03253685815963396,0.07524148449415353,0.01626842907981698,0.21911540416878494,0.018301982714794104,0.0,0.1418403660396543,0.001525165226232842,Пришвин,Зеленый шум
0.050724637681159424,0.08540372670807453,0.054865424430641824,0.006728778467908903,0.042443064182194616,0.031055900621118012,0.0015527950310559005,0.17391304347826086,0.011904761904761904,0.034161490683229816,0.07815734989648034,0.006211180124223602,0.24378881987577639,0.013975155279503106,0.0,0.16511387163561075,0.0,Пришвин,Зеленый шум
0.09749552772808587,0.086463923673226,0.06320810971973763,0.005068574836016696,0.05933214072748957,0.037268932617769826,0.0002981514609421586,0.22450805008944544,0.004770423375074538,0.037268932617769826,0.043530113297555156,0.003875968992248062,0.17889087656529518,0.021168753726893263,0.0,0.1362552176505665,0.0005963029218843172,Пришвин,Зеленый шум
0.052078958420831586,0.10205795884082318,0.04577908441831163,0.00503989920201596,0.051658966820663586,0.029399412011759767,0.0,0.22133557328853423,0.005879882402351953,0.0377992440151197,0.05501889962200756,0.00881982360352793,0.21587568248635028,0.019739605207895843,0.0,0.1495170096598068,0.0,Пришвин,Зеленый шум
0.0864957264957265,0.09299145299145299,0.06632478632478632,0.008547008547008548,0.05811965811965812,0.024615384615384615,0.0,0.2382905982905983,0.005811965811965812,0.028376068376068375,0.041367521367521365,0.008888888888888889,0.17025641025641025,0.02358974358974359,0.0,0.14427350427350427,0.0020512820512820513,Пришвин,Зеленый шум
0.0802874101843174,0.09684473601999376,0.06497969384567323,0.01780693533270853,0.0443611371446423,0.04248672289909403,0.0,0.20868478600437362,0.011246485473289597,0.03561387066541706,0.05748203686348016,0.01874414245548266,0.15588878475476414,0.02218056857232115,0.0,0.14339268978444236,0.0,Пришвин,Зеленый шум
0.07484407484407485,0.09875259875259876,0.07380457380457381,0.0036382536382536385,0.0420997920997921,0.02182952182952183,0.0,0.19646569646569648,0.010914760914760915,0.037941787941787944,0.06964656964656965,0.011434511434511435,0.20374220374220375,0.016112266112266113,0.0,0.13877338877338877,0.0,Пришвин,Зеленый шум
0.08575478384124734,0.08221119773210489,0.03827072997873848,0.003543586109142452,0.04748405386250886,0.020552799433026223,0.0007087172218284905,0.19489723600283487,0.004252303330970942,0.03118355776045358,0.03614457831325301,0.014883061658398299,0.2742735648476258,0.012756909992912827,0.0,0.15308291991495393,0.0,Пришвин,Зеленый шум
0.047736625514403296,0.07613168724279835,0.05308641975308642,0.005761316872427984,0.047736625514403296,0.03333333333333333,0.0,0.18806584362139916,0.003703703703703704,0.037037037037037035,0.07489711934156379,0.027983539094650206,0.2382716049382716,0.01810699588477366,0.0,0.14814814814814814,0.0,Пришвин,Зеленый шум
0.0743801652892562,0.09194214876033058,0.06818181818181818,0.006198347107438017,0.04338842975206612,0.029442148760330578,0.0005165289256198347,0.21074380165289255,0.008264462809917356,0.04700413223140496,0.0506198347107438,0.007747933884297521,0.2040289256198347,0.0253099173553719,0.0,0.1322314049586777,0.0,Пришвин,Зеленый шум
0.08794466403162056,0.08942687747035573,0.06472332015810277,0.015810276679841896,0.04693675889328063,0.044713438735177864,0.0,0.2067687747035573,0.008399209486166008,0.032114624505928856,0.06521739130434782,0.02198616600790514,0.16946640316205533,0.02198616600790514,0.0,0.12425889328063242,0.00024703557312252963,Пришвин,Зеленый шум
0.07619423608369523,0.08764311093564943,0.0663245163837347,0.0189498618239242,0.048164232135807346,0.02763521515988946,0.0,0.19384129490722463,0.011843663639952625,0.03947887879984208,0.07935254638768259,0.008290564547966837,0.18081326490327676,0.024082116067903673,0.0,0.13738649822345045,0.0,Пришвин,Зеленый шум
0.0548474314407107,0.09501738122827347,0.061027423715720355,0.008111239860950173,0.05793742757821553,0.02974121282348397,0.0,0.20084974893781382,0.006952491309385863,0.030127462340672075,0.07531865585168018,0.008883738895326381,0.19505600617999228,0.021243723445345693,0.0,0.1548860563924295,0.0,Пришвин,Зеленый шум
0.05553615089067412,0.097799511002445,0.06322039818372337,0.007334963325183374,0.053091163115612995,0.023751309814879495,0.001047851903597625,0.1980440097799511,0.006636395389451624,0.03737338456164862,0.07020607754104087,0.011875654907439748,0.19769472581208522,0.020258470136220747,0.0,0.1561299336360461,0.0,Пришвин,Зеленый шум
0.0979020979020979,0.08362470862470862,0.06235431235431235,0.00641025641025641,0.06118881118881119,0.04079254079254079,0.0002913752913752914,0.22465034965034966,0.005244755244755245,0.03817016317016317,0.04079254079254079,0.003205128205128205,0.1789044289044289,0.023892773892773892,0.0,0.131993006993007,0.0005827505827505828,Пришвин,Зеленый шум
0.06036564332528458,0.09589513625388064,0.07140393239047947,0.0072438771990341495,0.05139703345981373,0.027940669196274578,0.0,0.19903414970679545,0.006209037599172128,0.04208347706105554,0.06967919972404277,0.0034494653328734047,0.18903070024146257,0.02242152466367713,0.0,0.15384615384615385,0.0,Пришвин,Зеленый шум
0.0795374912403644,0.09425367904695164,0.07358093903293624,0.010161177295024528,0.05991590749824807,0.03328661527680449,0.0,0.1874562018220042,0.007708479327259986,0.03328661527680449,0.06832515767344079,0.02102312543798178,0.16503153468815698,0.018220042046250877,0.0,0.14786264891380518,0.000350385423966363,Пришвин,Зеленый шум
0.08011789924973205,0.09994640943193998,0.08011789924973205,0.020364415862808145,0.04206859592711683,0.03938906752411576,0.0,0.2162379421221865,0.01045016077170418,0.03992497320471597,0.04876741693461951,0.009378349410503752,0.1535369774919614,0.02572347266881029,0.0,0.13370846730975347,0.0002679528403001072,Пришвин,Зеленый шум
0.0767522993973993,0.1014906438312718,0.06565176022835395,0.017443704408499842,0.041230574056454174,0.042182048842372345,0.0,0.19917538851887093,0.008880431335236283,0.029812876625436094,0.06343165239454487,0.03361877576910879,0.15794481446241673,0.017760862670472565,0.0,0.14462416745956233,0.0,Пришвин,Зеленый шум
0.08160535117056857,0.08929765886287626,0.06153846153846154,0.02140468227424749,0.04180602006688963,0.04247491638795987,0.0,0.20468227424749164,0.008695652173913044,0.0391304347826087,0.05986622073578595,0.01906354515050167,0.162876254180602,0.024414715719063545,0.0,0.1431438127090301,0.0,Пришвин,Зеленый шум
0.06480446927374302,0.08864059590316574,0.0659217877094972,0.01154562383612663,0.048789571694599625,0.03426443202979516,0.0,0.1877094972067039,0.00633147113594041,0.03873370577281192,0.0893854748603352,0.008938547486033519,0.18659217877094972,0.017504655493482308,0.0,0.15083798882681565,0.0,Пришвин,Зеленый шум
0.0666443402545211,0.0840589417280643,0.06430006697923643,0.014400535833891493,0.047555257870060284,0.02813127930341594,0.0010046885465505692,0.16845277963831212,0.010046885465505693,0.042866711319490956,0.09008707300736772,0.01172136637642331,0.19792364367046217,0.021098459477561955,0.0,0.15170797052913595,0.0,Пришвин,Зеленый шум
0.07918614242507561,0.09458344789661809,0.06598845202089634,0.019796535606268904,0.045092108880945836,0.04371734946384383,0.0,0.20126477866373385,0.010173219686554854,0.03739345614517459,0.06708825955457795,0.018421776189166895,0.1539730547154248,0.024195765740995325,0.0,0.13912565301072313,0.0,Пришвин,Зеленый шум
0.06047244094488189,0.09070866141732284,0.0721259842519685,0.012598425196850394,0.04566929133858268,0.03496062992125984,0.0009448818897637795,0.17921259842519685,0.009133858267716535,0.042834645669291335,0.07779527559055117,0.006929133858267717,0.18393700787401573,0.026456692913385826,0.0,0.1562204724409449,0.0,Пришвин,Зеленый шум
0.06502636203866433,0.08892794376098419,0.06045694200351494,0.00773286467486819,0.05026362038664323,0.03796133567662566,0.0017574692442882249,0.20210896309314588,0.01054481546572935,0.035852372583479786,0.06010544815465729,0.013708260105448155,0.1968365553602812,0.022847100175746926,0.0,0.14586994727592267,0.0,Пришвин,Зеленый шум
0.0684931506849315,0.09067188519243313,0.06555772994129158,0.005218525766470972,0.051532941943900845,0.033920417482061316,0.00032615786040443573,0.20678408349641225,0.005870841487279843,0.03881278538812785,0.06588388780169602,0.012393998695368558,0.1943900848010437,0.019243313763861708,0.0,0.14090019569471623,0.0,Пришвин,Зеленый шум
0.04894822006472492,0.09021035598705501,0.05461165048543689,0.0056634304207119745,0.04854368932038835,0.027103559870550162,0.0012135922330097086,0.15088996763754045,0.003236245954692557,0.04894822006472492,0.08940129449838188,0.015372168284789644,0.23098705501618122,0.013349514563106795,0.0,0.1715210355987055,0.0,Пришвин,Зеленый шум
0.07662082514734773,0.09795116474880719,0.07802413696323324,0.01768172888015717,0.042099354476564696,0.041818692113387596,0.000280662363177098,0.21498737019365702,0.005613247263541959,0.03592478248666854,0.05023856300870053,0.012629806342969408,0.16166152119000843,0.02329497614369913,0.0,0.14117316867808027,0.0,Пришвин,Зеленый шум
0.057611598626478445,0.10034338038916445,0.048836322014498286,0.00534147272033575,0.04769172071728348,0.035482640213658906,0.0,0.2159481114078596,0.007249141549027089,0.040824112933994655,0.0534147272033575,0.007249141549027089,0.21365890881343,0.022510492178557804,0.0,0.14383822968332696,0.0,Пришвин,Зеленый шум
0.0854788877445932,0.09337452797802952,0.06591143151390319,0.008925506350841057,0.057329213868863714,0.025060075523515277,0.0,0.23789907312049433,0.005835907998626845,0.027806385169927908,0.04291108822519739,0.008582217645039478,0.17061448678338484,0.024716786817713696,0.0,0.14349467902506008,0.0020597322348094747,Пришвин,Зеленый шум
0.05620219487861656,0.09743930828067841,0.050881277020286,0.007316262055204523,0.05154639175257732,0.022946458264050548,0.0009976720984369804,0.19886930495510474,0.006983704689058862,0.03757898237445959,0.06850681742600599,0.013302294645826405,0.20385766544728967,0.020951114067176587,0.0,0.1626205520452278,0.0,Пришвин,Зеленый шум
0.054441260744985676,0.08677855096193204,0.050347932869422844,0.006958657388456815,0.05280392959476054,0.032337290216946375,0.001637331150225133,0.1764224314367581,0.008186655751125664,0.04748260335652886,0.07204257060990585,0.02169463774048301,0.2271796970937372,0.022922636103151862,0.0,0.13876381498158002,0.0,Пришвин,Зеленый шум
0.06321510297482838,0.09982837528604119,0.06721967963386728,0.011727688787185355,0.04519450800915332,0.041475972540045765,0.0,0.19536613272311212,0.008581235697940504,0.03747139588100686,0.06407322654462243,0.031750572082379865,0.15818077803203662,0.02717391304347826,0.0,0.14845537757437072,0.0002860411899313501,Пришвин,Зеленый шум
0.06330472103004292,0.08762517882689556,0.06545064377682404,0.011444921316165951,0.057582260371959945,0.02753934191702432,0.0,0.18562231759656653,0.006437768240343348,0.03862660944206009,0.06366237482117311,0.02861230329041488,0.18705293276108725,0.02145922746781116,0.0,0.1555793991416309,0.0,Пришвин,Зеленый шум
0.060561299852289516,0.08604135893648449,0.06351550960118169,0.01070901033973412,0.04911373707533235,0.03286558345642541,0.0,0.1831610044313146,0.005539143279172821,0.03471196454948301,0.08899556868537666,0.015140324963072379,0.20974889217134415,0.02621861152141802,0.0,0.13367799113737075,0.0,Пришвин,Зеленый шум
0.06737012987012987,0.06858766233766234,0.07224025974025974,0.002840909090909091,0.04667207792207792,0.029626623376623376,0.0,0.18262987012987014,0.006493506493506494,0.04017857142857143,0.05844155844155844,0.020292207792207792,0.23417207792207792,0.021103896103896104,0.0,0.14935064935064934,0.0,Пришвин,Зеленый шум
0.08482758620689655,0.09551724137931035,0.0603448275862069,0.008620689655172414,0.05241379310344828,0.031724137931034485,0.0,0.22,0.007931034482758621,0.03206896551724138,0.056896551724137934,0.005517241379310344,0.17620689655172414,0.023448275862068966,0.0,0.14275862068965517,0.0017241379310344827,Пришвин,Зеленый шум
0.0943002088928678,0.08683974932855863,0.060280513279618024,0.005371530886302597,0.06057893166219039,0.03849597135183527,0.0002984183825723665,0.22411220531184722,0.00507311250373023,0.03849597135183527,0.0426738287078484,0.0035810205908683975,0.18024470307370935,0.023276633840644583,0.0,0.13578036407042673,0.000596836765144733,Пришвин,Зеленый шум
0.06878887669227955,0.08818148554701793,0.06147091108671789,0.010611050128064398,0.05122575923893158,0.03256494694474936,0.0,0.1884376143432126,0.00402488108305891,0.03293084522502744,0.09147457006952067,0.013904134650567142,0.19721917306988657,0.02451518477863154,0.0,0.13465056714233442,0.0,Пришвин,Зеленый шум
0.07602143335565975,0.09812458137977227,0.061620897521768254,0.016075016744809108,0.042866711319490956,0.04085733422638982,0.0,0.2103148024112525,0.014400535833891493,0.032150033489618215,0.05626255860683188,0.031815137307434696,0.16476892163429338,0.01942397856664434,0.0,0.13529805760214333,0.0,Пришвин,Зеленый шум
0.06316652994257588,0.0808039376538146,0.05127153404429861,0.009844134536505332,0.05045118949958983,0.02461033634126333,0.0,0.17596390484003283,0.009844134536505332,0.04840032813781788,0.07465135356849877,0.009844134536505332,0.2317473338802297,0.016406890894175553,0.0,0.15299425758818705,0.0,Пришвин,Зеленый шум
0.06790317510216913,0.08645080163470607,0.06475950958817982,0.01571832756994656,0.04589751650424395,0.02703552342030808,0.0009430996541967935,0.17007230430682174,0.012260295504558314,0.04181075133605784,0.08613643508330714,0.011317195850361521,0.1989940270355234,0.022320025149324112,0.0,0.14838101226029551,0.0,Пришвин,Зеленый шум
0.05129958960328317,0.07934336525307797,0.07797537619699042,0.01094391244870041,0.0560875512995896,0.028727770177838577,0.0,0.16723666210670315,0.006839945280437756,0.047879616963064295,0.07831737346101231,0.018467852257181942,0.1997264021887825,0.02222982216142271,0.0,0.15492476060191518,0.0,Пришвин,Зеленый шум
0.0848297213622291,0.09535603715170278,0.07275541795665634,0.018575851393188854,0.047058823529411764,0.045510835913312696,0.0,0.20061919504643963,0.004953560371517028,0.047987616099071206,0.05448916408668731,0.026625386996904025,0.15356037151702787,0.02043343653250774,0.0,0.12724458204334366,0.0,Пришвин,Зеленый шум
0.0661641541038526,0.07914572864321608,0.055695142378559465,0.010469011725293133,0.05150753768844221,0.02554438860971524,0.0,0.16959798994974876,0.009631490787269681,0.04690117252931323,0.07370184254606366,0.011306532663316583,0.23366834170854273,0.015494137353433836,0.0,0.15117252931323283,0.0,Пришвин,Зеленый шум
0.06414734836456018,0.08859955541441727,0.06859320419180692,0.007621467132422992,0.054302953318513814,0.03270879644331534,0.00031756113051762465,0.18100984439504605,0.006033661479834868,0.04477611940298507,0.07399174341060655,0.012067322959669736,0.19371228961575104,0.017465862178469356,0.0,0.1546522705620832,0.0,Пришвин,Зеленый шум
0.0937251787132645,0.07466243050039714,0.050833995234312944,0.013899920571882446,0.048451151707704525,0.04408260524225576,0.0,0.21286735504368545,0.007545671167593328,0.03534551231135822,0.057585385226370134,0.02938840349483717,0.20492454328832407,0.025814138204924543,0.0,0.10087370929308975,0.0,Пришвин,Зеленый шум
0.08085808580858085,0.08965896589658966,0.07095709570957096,0.0038503850385038503,0.0352035203520352,0.026402640264026403,0.0,0.19691969196919692,0.00825082508250825,0.03355335533553355,0.07920792079207921,0.006600660066006601,0.22002200220022003,0.0242024202420242,0.0,0.12431243124312431,0.0,Пришвин,Зеленый шум
0.05727235269880511,0.07828594973217964,0.06468891635764318,0.009476720230737536,0.053564070869386075,0.02843016069221261,0.0,0.17799752781211373,0.00288421920065925,0.03543469303667079,0.07993407498969922,0.029666254635352288,0.21631644004944375,0.01442109600329625,0.0,0.15162752369180058,0.0,Пришвин,Зеленый шум
0.08120721841941506,0.09614187927815805,0.06596141879278158,0.017423771001866834,0.04387056627255756,0.042314872433105166,0.0,0.20784069695084006,0.010889856876166771,0.035158680771624144,0.05849408836341008,0.018979464841319228,0.15650280024891103,0.021779713752333542,0.0,0.1434349719975109,0.0,Пришвин,Зеленый шум
0.07554874936191934,0.08728943338437979,0.04492087799897907,0.00816743236345074,0.05104645227156713,0.036753445635528334,0.0005104645227156713,0.18223583460949463,0.0071465033180193975,0.03777437468095967,0.06278713629402756,0.011230219499744768,0.23736600306278713,0.021949974476773864,0.0,0.13527309851965288,0.0,Пришвин,Зеленый шум
0.07142857142857142,0.09090909090909091,0.05266955266955267,0.007215007215007215,0.046536796536796536,0.03354978354978355,0.0,0.19733044733044733,0.010101010101010102,0.045454545454545456,0.06132756132756133,0.003968253968253968,0.21717171717171718,0.020923520923520924,0.0,0.1414141414141414,0.0,Пришвин,Зеленый шум
0.067591763652641,0.07699194270367055,0.05461056401074306,0.0022381378692927483,0.045210384959713516,0.023276633840644583,0.0013428827215756492,0.18666069829901522,0.006266786034019696,0.03939122649955237,0.085496866606983,0.011190689346463742,0.23187108325872874,0.018352730528200537,0.0,0.1495076096687556,0.0,Пришвин,Зеленый шум
0.051290760869565216,0.09273097826086957,0.05604619565217391,0.007472826086956522,0.05570652173913043,0.033627717391304345,0.00033967391304347825,0.18172554347826086,0.012907608695652174,0.04619565217391304,0.058423913043478264,0.034646739130434784,0.20652173913043478,0.021399456521739132,0.0,0.1409646739130435,0.0,Пришвин,Зеленый шум
0.050577459179609714,0.0736758263639984,0.0641178813221824,0.012345679012345678,0.053365193150139385,0.02429311031461569,0.0,0.18040621266427717,0.005973715651135006,0.04261250497809638,0.06212664277180406,0.027080844285145362,0.22062923138191956,0.026682596575069693,0.0,0.1561131023496615,0.0,Пришвин,Зеленый шум
0.08453002610966058,0.09366840731070496,0.06527415143603134,0.008485639686684074,0.047976501305483026,0.03524804177545692,0.0,0.21801566579634465,0.007506527415143603,0.04046997389033943,0.05580939947780679,0.007832898172323759,0.16775456919060053,0.029046997389033942,0.0,0.13838120104438642,0.0,Пришвин,Зеленый шум
0.07624521072796935,0.07816091954022988,0.07164750957854406,0.004597701149425287,0.04559386973180077,0.034482758620689655,0.0,0.19425287356321838,0.006896551724137931,0.03333333333333333,0.0524904214559387,0.019157088122605363,0.21915708812260537,0.01954022988505747,0.0,0.14444444444444443,0.0,Пришвин,Зеленый шум
0.07344096232985121,0.09939854384298828,0.07565685343463122,0.019626464070908515,0.04051915163026274,0.03640392529281418,0.0,0.2105096549540994,0.012978790756568534,0.0411522633744856,0.048116492560937,0.01646090534979424,0.16682494460272237,0.02437480215257993,0.0,0.13295346628679963,0.0015827793605571383,Пришвин,Зеленый шум
0.05939272605939273,0.10276943610276944,0.06873540206873541,0.009009009009009009,0.051718385051718385,0.028361695028361694,0.0,0.1931931931931932,0.008341675008341674,0.04371037704371038,0.07374040707374041,0.006339673006339673,0.18218218218218218,0.025025025025025027,0.0,0.14748081414748082,0.0,Пришвин,Зеленый шум
0.08369363804817789,0.0935762816553428,0.06578134651019148,0.019765287214329835,0.043545398394070414,0.04076590487955528,0.0,0.20568252007411983,0.009573810994441012,0.03829524397776405,0.05991352686843731,0.016985793699814702,0.15626930203829525,0.023162445954292774,0.0,0.1429894996911674,0.0,Пришвин,Зеленый шум
0.07587496660432808,0.09457654288004275,0.07106598984771574,0.017365749398877906,0.04808976756612343,0.04408228693561315,0.0,0.2003740315255143,0.009350788137857334,0.03125834891798023,0.06786000534330751,0.014694095645204382,0.15415442158696233,0.025380710659898477,0.0,0.1458722949505744,0.0,Пришвин,Зеленый шум
0.07777777777777778,0.08708708708708708,0.062162162162162166,0.02252252252252252,0.04474474474474475,0.044144144144144144,0.0,0.1921921921921922,0.007807807807807808,0.03963963963963964,0.054954954954954956,0.024324324324324326,0.16786786786786786,0.02942942942942943,0.0,0.14534534534534535,0.0,Пришвин,Зеленый шум
0.08105436573311367,0.09719934102141681,0.05502471169686985,0.021087314662273475,0.04514003294892916,0.03228995057660626,0.0,0.21120263591433278,0.012191103789126854,0.036902800658978586,0.06029654036243822,0.014168039538714991,0.17825370675453048,0.019110378912685338,0.0,0.1360790774299835,0.0,Пришвин,Зеленый шум
0.07670614777213762,0.09870276367738297,0.0775521714608009,0.01692047377326565,0.04258319232938522,0.04145516074450085,0.0002820078962210942,0.21573604060913706,0.0056401579244218835,0.03666102650874224,0.049633389734912575,0.012690355329949238,0.16243654822335024,0.022278623801466443,0.0,0.140721940214326,0.0,Пришвин,Зеленый шум
0.055591677503250975,0.09135240572171652,0.05494148244473342,0.005851755526657998,0.052990897269180756,0.03868660598179454,0.00032509752925877764,0.19505851755526657,0.009102730819245773,0.046163849154746424,0.06014304291287386,0.01918075422626788,0.19798439531859557,0.02600780234070221,0.0,0.14661898569570872,0.0,Пришвин,Зеленый шум
0.09713467048710601,0.0822349570200573,0.06418338108882521,0.006017191977077364,0.06017191977077364,0.04097421203438396,0.0005730659025787965,0.2197707736389685,0.0040114613180515755,0.03982808022922636,0.04011461318051576,0.0037249283667621777,0.1819484240687679,0.02521489971346705,0.0,0.1335243553008596,0.0005730659025787965,Пришвин,Зеленый шум
0.0836424957841484,0.0954468802698145,0.05902192242833052,0.01854974704890388,0.040134907251264756,0.045868465430016866,0.0,0.20134907251264755,0.01011804384485666,0.02833052276559865,0.056323777403035416,0.040134907251264756,0.16593591905564925,0.017537942664418212,0.0,0.13760539629005059,0.0,Пришвин,Зеленый шум
0.05291383625312835,0.09045405791919914,0.05648909545942081,0.008580622095101895,0.05648909545942081,0.03003217733285663,0.0003575259206292456,0.17840543439399356,0.010725777618877368,0.04504826599928495,0.06006435466571326,0.03789774758670004,0.2098677154093672,0.020736503396496245,0.0,0.1419377904898105,0.0,Пришвин,Зеленый шум
0.0710318620286466,0.10347851505407775,0.06489330605086233,0.015784858228588133,0.04238526746565332,0.04793919906460099,0.0,0.2069570301081555,0.009061677871967261,0.033031277404267756,0.05904706226249635,0.03273896521484946,0.15229465068693365,0.02572347266881029,0.0,0.1356328558900906,0.0,Пришвин,Зеленый шум
0.08071452199801522,0.09890836916969897,0.060535891498511414,0.008269930532583526,0.048296394310287795,0.0314257360238174,0.0,0.2183261660602051,0.007939133311280185,0.032087330466424084,0.05987429705590473,0.005623552762156798,0.17829970228250083,0.02447899437644724,0.0,0.14389679126695334,0.0013231888852133643,Пришвин,Зеленый шум
0.0848078096400244,0.0787065283709579,0.07077486272117145,0.0018303843807199512,0.03843807199511898,0.02867602196461257,0.0012202562538133007,0.19280048810250153,0.004881025015253203,0.03355704697986577,0.06589383770591824,0.01647345942647956,0.23794996949359365,0.013422818791946308,0.0,0.1305674191580232,0.0,Пришвин,Зеленый шум
0.06800445930880714,0.06633221850613155,0.059085841694537344,0.005574136008918618,0.039576365663322184,0.02508361204013378,0.0011148272017837235,0.1750278706800446,0.00947603121516165,0.037346711259754736,0.08361204013377926,0.021739130434782608,0.25195094760312153,0.017279821627647716,0.0,0.13879598662207357,0.0,Пришвин,Зеленый шум
0.06404494382022471,0.0747191011235955,0.05449438202247191,0.0044943820224719105,0.038202247191011236,0.029213483146067417,0.0,0.18202247191011237,0.011235955056179775,0.04662921348314607,0.07808988764044944,0.020786516853932586,0.24044943820224718,0.012359550561797753,0.0,0.14325842696629212,0.0,Пришвин,Зеленый шум
0.0681590377547611,0.09355162044771133,0.07784831272970263,0.017707985299031073,0.04710992315402606,0.03575008352823254,0.0,0.20046775810223855,0.013030404276645506,0.03608419645840294,0.05813564984964918,0.01804209822920147,0.1670564650851988,0.02071500167056465,0.0,0.14634146341463414,0.0,Пришвин,Зеленый шум
0.06317969963749352,0.08959088555152771,0.059036768513723456,0.004660797514241326,0.044536509580528225,0.02278612118073537,0.0,0.19471776281719316,0.009321595028482652,0.03417918177110305,0.07664422578974625,0.010357327809425169,0.22475401346452614,0.015018125323666495,0.0,0.1506991196271362,0.0005178663904712584,Пришвин,Зеленый шум
0.07476889613920609,0.09951060358890701,0.07694399129961936,0.017672648178357803,0.04404567699836868,0.04513322457857531,0.0002718868950516585,0.2128874388254486,0.005709624796084829,0.03588907014681892,0.053833605220228384,0.011691136487221317,0.15687873844480696,0.024197933659597607,0.0,0.14056552474170744,0.0,Пришвин,Зеленый шум
0.08401920438957476,0.09224965706447188,0.06138545953360768,0.01886145404663923,0.040123456790123455,0.04938271604938271,0.0,0.19513031550068588,0.01131687242798354,0.028120713305898493,0.050068587105624146,0.04458161865569273,0.1700960219478738,0.01954732510288066,0.0,0.13511659807956103,0.0,Пришвин,Зеленый шум
0.06418918918918919,0.09009009009009009,0.06456456456456457,0.007882882882882882,0.05555555555555555,0.03265765765765766,0.0018768768768768769,0.19932432432432431,0.0075075075075075074,0.028528528528528527,0.06531531531531531,0.013513513513513514,0.19557057057057056,0.019144144144144143,0.0,0.15427927927927929,0.0,Пришвин,Зеленый шум
0.06218202374222725,0.07687959299039004,0.055398530243075186,0.005087620124364048,0.03900508762012436,0.029395138496325607,0.0,0.18371961560203504,0.011305822498586773,0.04296212549462974,0.07574901074053138,0.02148106274731487,0.23516110797060485,0.014697569248162803,0.0,0.14697569248162803,0.0,Пришвин,Зеленый шум
0.07309388783868935,0.09892879647132956,0.07340894770006301,0.020163831127914304,0.03938248267170762,0.036546943919344675,0.0,0.21045998739760555,0.0129174543163201,0.04064272211720227,0.04883427851291745,0.01638311279143037,0.1704473850031506,0.026149968494013864,0.0,0.13106490233144297,0.001575299306868305,Пришвин,Зеленый шум
0.09105586051017113,0.09363900548918308,0.07523409751372295,0.014853083629318696,0.046496609622215045,0.04488214401033258,0.00032289312237649337,0.195027445915402,0.007103648692282854,0.047142395866968036,0.05812076202776881,0.02486277042298999,0.15724895059735228,0.021310946076848563,0.0,0.12269938650306748,0.0,Пришвин,Зеленый шум
0.06922257720979766,0.07454739084132056,0.05750798722044728,0.0005324813631522897,0.04046858359957402,0.021831735889243878,0.001597444089456869,0.19169329073482427,0.008519701810436636,0.036741214057507986,0.06922257720979766,0.009052183173588925,0.2582534611288605,0.014909478168264111,0.0,0.14589989350372737,0.0,Пришвин,Зеленый шум
0.09043077934889839,0.09043077934889839,0.07267346267675107,0.009207497533706017,0.05031239723775074,0.026964814205853338,0.0,0.21144360407760604,0.006576783952647156,0.043735613285103586,0.048010522854324236,0.007892140743176587,0.174613613942782,0.02663597500822098,0.0,0.1410720157842815,0.0,Пришвин,Зеленый шум
0.07638013612301488,0.09679858835391984,0.0650365515502899,0.01537685908747164,0.04613057726241492,0.048147214519788255,0.0,0.21174691202419965,0.007310310057978321,0.03428283337534661,0.07033022435089488,0.022183009831106628,0.1532644315603731,0.023191328459793294,0.0,0.12982102344340812,0.0,Пришвин,Зеленый шум
0.0936153544849197,0.07559733646690169,0.05013709361535448,0.01410105757931845,0.05013709361535448,0.04426165295730513,0.0,0.2154328241284763,0.007442224833529181,0.03486094790442616,0.05679592636114375,0.02937720329024677,0.2028985507246377,0.0254602428515472,0.0,0.099882491186839,0.0,Пришвин,Зеленый шум
0.05608803691870785,0.08058217962371317,0.059282925097621585,0.010294639687610933,0.04969826056088037,0.04011359602413916,0.0003549875754348598,0.16613418530351437,0.006034788782392616,0.04401845935392261,0.07738729144479943,0.024139155129570464,0.21405750798722045,0.023074192403265886,0.0,0.14873979410720625,0.0,Пришвин,Зеленый шум
0.05837037037037037,0.09125925925925926,0.06933333333333333,0.008296296296296296,0.056,0.033777777777777775,0.0002962962962962963,0.18162962962962964,0.005333333333333333,0.046814814814814816,0.07348148148148148,0.013925925925925927,0.18755555555555556,0.019555555555555555,0.0,0.15437037037037038,0.0,Пришвин,Зеленый шум
0.07,0.09055555555555556,0.07111111111111111,0.0038888888888888888,0.04055555555555555,0.022222222222222223,0.0005555555555555556,0.20277777777777778,0.009444444444444445,0.04777777777777778,0.06111111111111111,0.0077777777777777776,0.21222222222222223,0.024444444444444446,0.0,0.13555555555555557,0.0,Пришвин,Зеленый шум
0.07394366197183098,0.09282970550576185,0.073303457106274,0.008322663252240717,0.056338028169014086,0.028489116517285532,0.0006402048655569782,0.2090268886043534,0.008322663252240717,0.034250960307298337,0.056978233034571064,0.013444302176696543,0.18886043533930857,0.019206145966709345,0.0,0.13476312419974393,0.0012804097311139564,Пришвин,Зеленый шум
0.04726976365118175,0.07416462917685411,0.05990220048899755,0.013039934800325998,0.05419722901385493,0.02852485737571312,0.0,0.18133659331703342,0.003667481662591687,0.04360228198859006,0.06316218418907905,0.02567237163814181,0.2204563977180114,0.02689486552567237,0.0,0.15810920945395274,0.0,Пришвин,Зеленый шум
0.04923198109491926,0.09570697124852304,0.05356439543127216,0.008270972823946435,0.04647499015360378,0.024025206774320598,0.0011815675462780622,0.15124064592359196,0.0027569909413154787,0.049625836943678614,0.09649468294604174,0.01811736904293029,0.21662071681764475,0.015754233950374164,0.0,0.17093343836155966,0.0,Пришвин,Зеленый шум
0.04816797035817209,0.09345409633594072,0.054343351173322355,0.00699876492383697,0.05640181144503911,0.030053519967064634,0.0,0.19596541786743515,0.008233841086867023,0.03417044051049815,0.07863318237958007,0.01029230135858378,0.20543433511733222,0.020172910662824207,0.0,0.1576780568135035,0.0,Пришвин,Зеленый шум
0.0818040435458787,0.10046656298600311,0.07029548989113531,0.006842923794712286,0.05069984447900466,0.03576982892690513,0.0,0.22177293934681183,0.007153965785381027,0.03732503888024884,0.049766718506998445,0.006220839813374806,0.17013996889580094,0.02208398133748056,0.0,0.13965785381026438,0.0,Пришвин,Зеленый шум
0.08141420694129095,0.09892961401232565,0.056762893285760625,0.010055141096334739,0.05708725267596497,0.0405449237755433,0.0,0.21440155692507298,0.007460265974699967,0.03276029841063899,0.05935776840739539,0.010379500486539085,0.16866688290626014,0.028219266947778137,0.0,0.13396042815439507,0.0,Пришвин,Зеленый шум
0.08594815825375171,0.09788540245566166,0.06412005457025921,0.007503410641200546,0.06070941336971351,0.038881309686221006,0.0,0.2203274215552524,0.007503410641200546,0.034106412005457026,0.056616643929058665,0.005457025920873124,0.16439290586630287,0.024215552523874487,0.0,0.13233287858117326,0.0,Пришвин,Зеленый шум
0.055,0.07928571428571428,0.05714285714285714,0.008928571428571428,0.05071428571428571,0.040357142857142855,0.00035714285714285714,0.16142857142857142,0.005,0.05,0.07214285714285715,0.025,0.22107142857142856,0.022857142857142857,0.0,0.15071428571428572,0.0,Пришвин,Зеленый шум
0.05394839718530102,0.058639562157935886,0.06098514464425332,0.01563721657544957,0.03635652853792025,0.027365129007036748,0.001563721657544957,0.12314308053166537,0.008991399530883503,0.05746677091477717,0.0965598123534011,0.03440187646598905,0.26153244722439406,0.0308835027365129,0.0,0.12978889757623144,0.002736512900703675,Чернышевский,Что делать
0.06832442481989309,0.07808505693702068,0.0736695328840344,0.012781780153381363,0.04438763653265164,0.04462003253544039,0.00023239600278875203,0.15779688589356264,0.012781780153381363,0.06228212874738555,0.085289333023472,0.015338136184057634,0.19893097838717175,0.03183825238205903,0.0,0.11364164536369975,0.0,Чернышевский,Что делать
0.04,0.05650793650793651,0.06857142857142857,0.017777777777777778,0.02349206349206349,0.04126984126984127,0.005079365079365079,0.10857142857142857,0.006984126984126984,0.054603174603174605,0.11428571428571428,0.029841269841269842,0.27746031746031746,0.027936507936507936,0.0,0.12761904761904763,0.0,Чернышевский,Что делать
0.036813186813186814,0.05934065934065934,0.06043956043956044,0.006043956043956044,0.03021978021978022,0.01703296703296703,0.002197802197802198,0.11263736263736264,0.015934065934065933,0.045054945054945054,0.07527472527472527,0.045054945054945054,0.3384615384615385,0.015384615384615385,0.0,0.1401098901098901,0.0,Чернышевский,Что делать
0.07033639143730887,0.05548274355613805,0.03669724770642202,0.011795543905635648,0.04019222367846221,0.031017911751856708,0.001310615989515072,0.1328090869375273,0.0069899519440803845,0.04237658366098733,0.10484927916120576,0.03844473569244211,0.2782874617737003,0.01616426387068589,0.0,0.1310615989515072,0.00218435998252512,Чернышевский,Что делать
0.0521875,0.0784375,0.0634375,0.01375,0.040625,0.0346875,0.0003125,0.15,0.026875,0.04625,0.0965625,0.01875,0.2084375,0.029375,0.0,0.1384375,0.001875,Чернышевский,Что делать
0.04627487274409996,0.054141601110596946,0.06293382693197594,0.018047200370198982,0.03239241092086997,0.026839426191577972,0.0013882461823229986,0.0981027302174919,0.006478482184173994,0.06385932438685793,0.14946783896344285,0.014345210550670985,0.2586765386395187,0.03239241092086997,0.0,0.13465987968533086,0.0,Чернышевский,Что делать
0.056332703213610585,0.07183364839319471,0.077882797731569,0.021928166351606805,0.026465028355387523,0.04385633270321361,0.0011342155009451795,0.11266540642722117,0.007561436672967864,0.07183364839319471,0.14139886578449906,0.010964083175803403,0.2064272211720227,0.0332703213610586,0.0,0.1164461247637051,0.0,Чернышевский,Что делать
0.05683671092476124,0.0880503144654088,0.06312601910086187,0.017237363149312835,0.05217796412764966,0.03028185418122525,0.0,0.1509433962264151,0.02003261122757978,0.04379221989284882,0.09154437456324249,0.035872350337759144,0.2035872350337759,0.024924295364546937,0.0,0.1199627300256231,0.001630561378989052,Чернышевский,Что делать
0.050733752620545074,0.07085953878406709,0.056184486373165615,0.00880503144654088,0.03018867924528302,0.041928721174004195,0.0,0.11949685534591195,0.0037735849056603774,0.0649895178197065,0.14758909853249477,0.011740041928721174,0.22767295597484277,0.03270440251572327,0.0,0.13333333333333333,0.0,Чернышевский,Что делать
0.04967320261437908,0.07875816993464052,0.06568627450980392,0.016666666666666666,0.03627450980392157,0.030392156862745098,0.00130718954248366,0.12254901960784313,0.011111111111111112,0.04379084967320261,0.12124183006535948,0.038562091503267976,0.2281045751633987,0.024509803921568627,0.0,0.12745098039215685,0.00392156862745098,Чернышевский,Что делать
0.06491646778042959,0.057279236276849645,0.06062052505966587,0.014797136038186158,0.029116945107398567,0.0405727923627685,0.001431980906921241,0.1116945107398568,0.00477326968973747,0.057756563245823386,0.13221957040572793,0.019570405727923627,0.2496420047732697,0.028639618138424822,0.0,0.1269689737470167,0.0,Чернышевский,Что делать
0.061293436293436296,0.0719111969111969,0.07022200772200772,0.017615830115830115,0.04946911196911197,0.03137065637065637,0.0009652509652509653,0.13634169884169883,0.018581081081081082,0.060810810810810814,0.08035714285714286,0.032577220077220075,0.21814671814671815,0.02533783783783784,0.0,0.1237934362934363,0.0012065637065637065,Чернышевский,Что делать
0.0805414551607445,0.06565143824027073,0.06937394247038917,0.02571912013536379,0.03688663282571912,0.033164128595600674,0.00033840947546531303,0.11539763113367174,0.0077834179357022,0.06091370558375635,0.12081218274111676,0.018612521150592216,0.20642978003384094,0.033164128595600674,0.0,0.12487309644670051,0.00033840947546531303,Чернышевский,Что делать
0.053536821705426355,0.07630813953488372,0.061046511627906974,0.020348837209302327,0.0377906976744186,0.03221899224806202,0.00024224806201550387,0.13977713178294573,0.011385658914728682,0.049176356589147284,0.10973837209302326,0.025436046511627907,0.21632751937984496,0.027374031007751938,0.0,0.13905038759689922,0.00024224806201550387,Чернышевский,Что делать
0.057501080847384346,0.05101599654128837,0.06528318201469953,0.02464332036316472,0.03372243839169909,0.029399048854301772,0.0008646779074794639,0.11413748378728923,0.010808473843493299,0.07349762213575443,0.12667531344574146,0.029831387808041506,0.23000432338953739,0.02594033722438392,0.0,0.12667531344574146,0.0,Чернышевский,Что делать
0.05205811138014528,0.058918482647296204,0.06295399515738499,0.01735270379338176,0.035108958837772396,0.02744148506860371,0.0016142050040355124,0.11581920903954802,0.010088781275221953,0.05649717514124294,0.10573042776432606,0.03430185633575464,0.2598870056497175,0.02986279257465698,0.0,0.12953995157384987,0.002824858757062147,Чернышевский,Что делать
0.04264524103831891,0.06180469715698393,0.0834363411619283,0.012360939431396786,0.02904820766378245,0.029666254635352288,0.0006180469715698393,0.10321384425216316,0.008034610630407911,0.05871446229913473,0.1069221260815822,0.03955500618046971,0.2725587144622991,0.01792336217552534,0.0,0.1334981458590853,0.0,Чернышевский,Что делать
0.037116729424421735,0.06078536847767617,0.05809575040344271,0.006455083378160301,0.029585798816568046,0.018827326519634213,0.0016137708445400753,0.11242603550295859,0.01613770844540075,0.047337278106508875,0.07746100053792361,0.047875201721355565,0.3356643356643357,0.014523937600860678,0.0,0.13609467455621302,0.0,Чернышевский,Что делать
0.053961456102783724,0.05353319057815846,0.06252676659528908,0.02398286937901499,0.032119914346895075,0.03169164882226981,0.0008565310492505353,0.11349036402569593,0.010278372591006424,0.07665952890792291,0.1340471092077088,0.028265524625267664,0.22655246252676658,0.028265524625267664,0.0,0.12376873661670236,0.0,Чернышевский,Что делать
0.04760352135637431,0.06194978806651451,0.04434300619497881,0.013694163677861103,0.033583306162373656,0.036843821323769156,0.00097815454841865,0.13628953374633193,0.005542875774372351,0.052820345614607106,0.10009781545484187,0.035213563743071406,0.2461688946853603,0.0313009455493968,0.0,0.15161395500489078,0.0019563090968373,Чернышевский,Что делать
0.0631163708086785,0.07396449704142012,0.05654174884944116,0.01643655489809336,0.036817882971729124,0.04503616042077581,0.0006574621959237344,0.14299802761341224,0.009861932938856016,0.05555555555555555,0.1242603550295858,0.0210387902695595,0.20282708744247205,0.03057199211045365,0.0,0.1203155818540434,0.0,Чернышевский,Что делать
0.0625,0.0810287610619469,0.06028761061946902,0.02101769911504425,0.038993362831858405,0.034015486725663714,0.0,0.1504424778761062,0.010508849557522125,0.047289823008849555,0.10315265486725664,0.037887168141592924,0.19551991150442477,0.028484513274336282,0.0,0.1288716814159292,0.0,Чернышевский,Что делать
0.0650347095359883,0.07197661673364998,0.06284252831567409,0.01351845085860431,0.030690537084398978,0.04567044208987943,0.0007307270734380709,0.14285714285714285,0.006941907197661673,0.05663134819145049,0.12093533065400074,0.021191085129704055,0.20569967117281696,0.0288637194008038,0.0,0.12641578370478626,0.0,Чернышевский,Что делать
0.07341115434500649,0.07859922178988327,0.06407263294422827,0.012451361867704281,0.03683527885862516,0.04669260700389105,0.00025940337224383917,0.15330739299610896,0.007522697795071336,0.06251621271076524,0.10894941634241245,0.01530479896238651,0.19507133592736706,0.029571984435797664,0.0,0.11543450064850844,0.0,Чернышевский,Что делать
0.064030131826742,0.09439736346516008,0.06002824858757062,0.013653483992467044,0.038135593220338986,0.04001883239171375,0.00023540489642184556,0.1760828625235405,0.0423728813559322,0.03177966101694915,0.0769774011299435,0.019067796610169493,0.2106873822975518,0.0211864406779661,0.0,0.11087570621468927,0.00047080979284369113,Чернышевский,Что делать
0.050248756218905476,0.06318407960199005,0.08009950248756219,0.011940298507462687,0.03283582089552239,0.028358208955223882,0.0004975124378109452,0.10696517412935323,0.008955223880597015,0.06318407960199005,0.09004975124378109,0.041791044776119404,0.2746268656716418,0.021393034825870648,0.0,0.1253731343283582,0.0004975124378109452,Чернышевский,Что делать
0.05758683729433273,0.07007921998781232,0.06368068251066424,0.01858622790981109,0.032602071907373555,0.03290676416819013,0.0,0.13315051797684338,0.007007921998781231,0.04936014625228519,0.10999390615478367,0.03656307129798903,0.21084704448507008,0.033820840950639856,0.0,0.14381474710542352,0.0,Чернышевский,Что делать
0.05812417437252312,0.06560986349625715,0.06340819022457067,0.011448701012769706,0.032144429766622636,0.03126376045794804,0.0,0.13474240422721268,0.0066050198150594455,0.062087186261558784,0.13033905768383972,0.024218405988551298,0.22104799647732276,0.023778071334214,0.0,0.13518273888154997,0.0,Чернышевский,Что делать
0.06389452332657201,0.06964164976335362,0.06862745098039216,0.008451656524678837,0.04259634888438134,0.043272481406355645,0.000676132521974307,0.17714672075726842,0.015889114266396213,0.04293441514536849,0.08282623394185261,0.016903313049357674,0.22650439486139284,0.027721433400946585,0.0,0.10581473968897905,0.007099391480730223,Чернышевский,Что делать
0.06611969111969113,0.052123552123552123,0.04971042471042471,0.010135135135135136,0.032335907335907334,0.0472972972972973,0.0014478764478764478,0.11341698841698841,0.006756756756756757,0.06274131274131274,0.13561776061776062,0.01447876447876448,0.2625482625482625,0.019787644787644786,0.0,0.12548262548262548,0.0,Чернышевский,Что делать
0.05946857865879376,0.05946857865879376,0.05862505272037115,0.01433994095318431,0.03247574862927035,0.037115141290594685,0.0025305778152678194,0.08646140868831717,0.008013496415014762,0.08266554196541544,0.13580767608603964,0.011387600168705188,0.24082665541965415,0.03458456347532687,0.0,0.13622943905525095,0.0,Чернышевский,Что делать
0.07042656742055539,0.07643859146865159,0.06584597766962497,0.016890924706555968,0.04838247924420269,0.026052104208416832,0.0,0.1574577726882336,0.013455482393358144,0.05382192957343258,0.07586601774978528,0.02118522759805325,0.22702547953048954,0.02519324363011738,0.0,0.12195820211852276,0.0,Чернышевский,Что делать
0.06184798807749627,0.0793591654247392,0.05253353204172876,0.015275707898658718,0.043219076005961254,0.042473919523099854,0.0,0.14120715350223548,0.00819672131147541,0.05178837555886736,0.11102831594634874,0.021236959761549927,0.21870342771982115,0.029061102831594635,0.0,0.12146050670640834,0.0026080476900149033,Чернышевский,Что делать
0.0638708122439142,0.09472161966738973,0.05953241744998795,0.013497228247770547,0.03952759701132803,0.037840443480356714,0.00024102193299590263,0.1822125813449024,0.04169679440829115,0.033261026753434564,0.07061942636779947,0.01928175463967221,0.20993010363943118,0.021450952036635332,0.0,0.11183417691009882,0.00048204386599180526,Чернышевский,Что делать
0.06923682140047208,0.08130081300813008,0.05192761605035405,0.02176763703120902,0.03933910306845004,0.034880671387359036,0.00026226068712300026,0.16207710464201416,0.007867820613690008,0.057435090479937057,0.08103855232100708,0.038027799632835035,0.1969577760293732,0.03461841070023604,0.0,0.12326252294781012,0.0,Чернышевский,Что делать
0.07695153533111358,0.0732519422863485,0.07769145394006659,0.008879023307436182,0.027007029226785054,0.03699593044765076,0.0007399186089530152,0.15760266370699222,0.014058453570107288,0.0536440991490936,0.10358860525342212,0.011838697743248243,0.21235664076951535,0.0340362560118387,0.0,0.11135775064742878,0.0,Чернышевский,Что делать
0.06522497384025114,0.07220090687129403,0.06452738053714685,0.010115102895012208,0.04325078479246599,0.04359958144401814,0.0006975933031042902,0.18904778514126264,0.012905476107429368,0.0324380885943495,0.08196721311475409,0.018137425880711544,0.22671782350889433,0.026508545517963028,0.0,0.10533658876874782,0.007324729682595047,Чернышевский,Что делать
0.06422836752899197,0.0672019030627416,0.06779661016949153,0.012786202795123401,0.04073743681236991,0.04460303300624442,0.0011894142134998512,0.16294974724947964,0.015462384775498068,0.044900386559619386,0.09455842997323818,0.0053523639607493305,0.264347308950342,0.015462384775498068,0.0,0.0984240261671127,0.0,Чернышевский,Что делать
0.06457192274430672,0.07581435572211012,0.05823003747477659,0.010665897953300663,0.04525799942346498,0.030268088786393775,0.0,0.16863649466705102,0.013548573075814356,0.03949264917843759,0.07149034303833958,0.04064571922744307,0.21706543672528106,0.024791006053617757,0.0,0.13721533583165177,0.0023061400980109543,Чернышевский,Что делать
0.03951701427003293,0.047749725576289793,0.05872667398463227,0.010428100987925357,0.03457738748627882,0.02030735455543359,0.0005488474204171241,0.11690450054884742,0.0038419319429198683,0.06421514818880351,0.09879253567508232,0.03512623490669594,0.27991218441273324,0.03457738748627882,0.0,0.14818880351262348,0.006586169045005488,Чернышевский,Что делать
0.0669432918395574,0.07662517289073306,0.054771784232365145,0.023236514522821577,0.034854771784232366,0.03928077455048409,0.0,0.15518672199170125,0.006085753803596127,0.051452282157676346,0.08907330567081605,0.03900414937759336,0.2033195020746888,0.03734439834024896,0.0,0.12282157676348547,0.0,Чернышевский,Что делать
0.05921568627450981,0.06470588235294118,0.05607843137254902,0.019215686274509803,0.03803921568627451,0.025490196078431372,0.000392156862745098,0.13450980392156864,0.009411764705882352,0.05019607843137255,0.09254901960784313,0.00980392156862745,0.27176470588235296,0.01843137254901961,0.0,0.14588235294117646,0.004313725490196078,Чернышевский,Что делать
0.0582579185520362,0.06900452488687783,0.06334841628959276,0.012443438914027148,0.027149321266968326,0.034502262443438916,0.005656108597285068,0.12839366515837103,0.022058823529411766,0.0673076923076923,0.07805429864253394,0.02092760180995475,0.2833710407239819,0.02262443438914027,0.0,0.10690045248868778,0.0,Чернышевский,Что делать
0.07836500911221037,0.08174954438948191,0.06977349648529028,0.026034886748242645,0.03827128351991669,0.043478260869565216,0.0,0.14215048164540484,0.005988023952095809,0.05180942462900286,0.12444675865659985,0.006248372819578235,0.18276490497266337,0.030460817495443895,0.0,0.11845873470450403,0.0,Чернышевский,Что делать
0.050621926525889496,0.05640728955741973,0.0685565519236332,0.009835117153601388,0.0404975412207116,0.035290714492334396,0.0026034133641886026,0.09806190338443738,0.016777552791437663,0.0656638704078681,0.1165750650853341,0.021116575065085335,0.2632340179346254,0.0228521839745444,0.0,0.13190627711888922,0.0,Чернышевский,Что делать
0.06394316163410302,0.07307789901040346,0.07155544278102005,0.030956609997462574,0.03070286729256534,0.04719614311088556,0.0020299416391778738,0.12281146917026135,0.008880994671403197,0.0586145648312611,0.11519918802334433,0.03273280893174321,0.19208322760720628,0.03603146409540726,0.0,0.11418421720375539,0.0,Чернышевский,Что делать
0.06441270766540368,0.07461381521422326,0.062372486155639756,0.0136986301369863,0.040804430195278345,0.0440104925677645,0.001457301078402798,0.1623433401340717,0.012241329058583503,0.04197027105800058,0.10696589915476537,0.005829204313611192,0.2591081317400175,0.016030311862430778,0.0,0.09414164966482075,0.0,Чернышевский,Что делать
0.07131643866337743,0.08432383942588025,0.07759587351424087,0.01794124243103835,0.04418030948643194,0.03229423637586903,0.00022426553038797938,0.18771024893473873,0.02130522538685804,0.047768557972639604,0.054720789414666966,0.029154518950437316,0.19174702848172237,0.023099349629961876,0.0,0.11661807580174927,0.0,Чернышевский,Что делать
0.06016646848989298,0.07110582639714626,0.06183115338882283,0.019500594530321047,0.04185493460166469,0.04233055885850178,0.0,0.11700356718192628,0.007134363852556481,0.06254458977407848,0.11248513674197384,0.024019024970273483,0.20618311533888228,0.034720570749108205,0.0,0.13912009512485138,0.0,Чернышевский,Что делать
0.05357927097057532,0.05884936319718929,0.05357927097057532,0.014931927975406236,0.039525691699604744,0.025911286780852,0.000878348704435661,0.11989459815546773,0.005709266578831796,0.05753184014053579,0.10408432147562582,0.033816425120772944,0.2678963548528766,0.029863855950812472,0.0,0.13306982872200263,0.000878348704435661,Чернышевский,Что делать
0.057518796992481205,0.08345864661654136,0.06090225563909774,0.013909774436090226,0.039473684210526314,0.03571428571428571,0.0007518796992481203,0.12781954887218044,0.016917293233082706,0.035338345864661655,0.11390977443609022,0.035338345864661655,0.22857142857142856,0.03045112781954887,0.0,0.11804511278195488,0.0018796992481203006,Чернышевский,Что делать
0.056906837999082145,0.07113354749885269,0.06149609912804038,0.01698026617714548,0.04084442404772832,0.03809086737035337,0.0004589261128958238,0.1101422670949977,0.006424965580541533,0.048187241854061494,0.13308857273978889,0.02432308398347866,0.2312987608994952,0.03304268012849931,0.0,0.12574575493345572,0.0018357044515832951,Чернышевский,Что делать
0.05614900027389756,0.0780608052588332,0.06381813201862503,0.017529443987948506,0.04026294165981923,0.03396329772665023,0.0010955902492467817,0.14105724459052316,0.012325390304026294,0.04601479046836483,0.11175020542317174,0.03916735141057245,0.21117502054231718,0.021911804984935633,0.0,0.12380169816488633,0.001917282936181868,Чернышевский,Что делать
0.07167832167832168,0.06643356643356643,0.08041958041958042,0.01013986013986014,0.032867132867132866,0.03741258741258741,0.0013986013986013986,0.14685314685314685,0.016083916083916083,0.0534965034965035,0.09405594405594406,0.01888111888111888,0.23356643356643356,0.026223776223776224,0.0,0.11048951048951049,0.0,Чернышевский,Что делать
0.06227815424330429,0.07034527266860277,0.06711842529848339,0.017102291061632784,0.041949015811552116,0.032268473701193935,0.0,0.14069054533720554,0.010003226847370119,0.05485640529202969,0.09261051952242659,0.026782833171990966,0.218134882220071,0.03904485317844466,0.0,0.12520167796063247,0.0016134236850596966,Чернышевский,Что делать
0.052941176470588235,0.058823529411764705,0.0611764705882353,0.01568627450980392,0.03568627450980392,0.027450980392156862,0.001568627450980392,0.1207843137254902,0.009019607843137255,0.05725490196078432,0.0992156862745098,0.03490196078431373,0.2619607843137255,0.03137254901960784,0.0,0.12941176470588237,0.0027450980392156863,Чернышевский,Что делать
0.056714604010532715,0.06947538991290257,0.0599554385254203,0.012963338059550335,0.04962527850921612,0.030382823577071096,0.00040510431436094796,0.1541421916143407,0.01073526433056512,0.04577678752278712,0.07980554992910674,0.04942272635203565,0.21733846465464857,0.027344541219363985,0.0,0.13591249746809803,0.0,Чернышевский,Что делать
0.07084095063985375,0.07975319926873857,0.07335466179159049,0.012111517367458866,0.045475319926873856,0.042276051188299815,0.00022851919561243144,0.1585923217550274,0.013025594149908592,0.05827239488117002,0.08615173674588665,0.014625228519195612,0.2006398537477148,0.032221206581352836,0.0,0.11243144424131626,0.0,Чернышевский,Что делать
0.0566952629615815,0.0701230883998508,0.06937709809772473,0.015665796344647518,0.0391644908616188,0.024990675121223424,0.0,0.14061917195076465,0.014173815740395375,0.04923535994032078,0.07385303991048116,0.03618052965311451,0.25214472211861244,0.027228646027601642,0.0,0.1279373368146214,0.0026109660574412533,Чернышевский,Что делать
0.05468378506894912,0.05848787446504993,0.07132667617689016,0.015691868758915834,0.03471231573941987,0.024726581074655255,0.0014265335235378032,0.10461245839277224,0.007608178792201617,0.06942463147883975,0.09557774607703282,0.043747028055159294,0.275320970042796,0.019020446980504042,0.0,0.12315739419876368,0.00047551117451260106,Чернышевский,Что делать
0.05689102564102564,0.052083333333333336,0.06530448717948718,0.026842948717948716,0.03125,0.032852564102564104,0.00040064102564102563,0.10857371794871795,0.010016025641025642,0.0765224358974359,0.14463141025641027,0.02283653846153846,0.21834935897435898,0.030448717948717948,0.0,0.12299679487179487,0.0,Чернышевский,Что делать
0.044171779141104296,0.05562372188139059,0.05112474437627812,0.012678936605316974,0.03190184049079755,0.03680981595092025,0.00040899795501022495,0.12474437627811862,0.006134969325153374,0.05112474437627812,0.10797546012269939,0.04376278118609407,0.25644171779141106,0.026584867075664622,0.0,0.147239263803681,0.0032719836400817996,Чернышевский,Что делать
0.06265416872224963,0.07498766650222002,0.06980759743463247,0.015786877158362113,0.04736063147508633,0.03305377405032067,0.000493339911198816,0.13714849531327084,0.01726689689195856,0.0493339911198816,0.07868771583621115,0.036507153428712386,0.22101628021706957,0.030093734583127776,0.0,0.12456832757770103,0.00123334977799704,Чернышевский,Что делать
0.0557732196358608,0.06199585157870477,0.06222631942843973,0.013597603134362757,0.04816778059460705,0.031804563263424755,0.0,0.14173772758700162,0.008527310440193593,0.053007605439041254,0.08826918644849044,0.04655450564646232,0.22009679649688868,0.030191288315280018,0.0,0.13805024199124222,0.0,Чернышевский,Что делать
0.060945880058508047,0.07094100438810337,0.06923451974646513,0.017308629936616284,0.04973183812774257,0.030960507069722087,0.0009751340809361287,0.1355436372501219,0.017796196977084348,0.062408581179912236,0.08044856167723062,0.03315455875182838,0.21989273525109704,0.024865919063871283,0.0,0.12457337883959044,0.0012189176011701609,Чернышевский,Что делать
0.04013377926421405,0.05406911928651059,0.06298773690078038,0.017279821627647716,0.032329988851727984,0.03511705685618729,0.0033444816053511705,0.10590858416945373,0.005016722408026756,0.05964325529542921,0.11761426978818283,0.023411371237458192,0.28651059085841696,0.02508361204013378,0.0,0.13154960981047936,0.0,Чернышевский,Что делать
0.07078103207810321,0.06485355648535565,0.08577405857740586,0.010460251046025104,0.03207810320781032,0.03730822873082287,0.0010460251046025104,0.14679218967921898,0.015690376569037656,0.05613668061366806,0.09553695955369595,0.016736401673640166,0.22733612273361228,0.027545327754532774,0.0,0.11192468619246862,0.0,Чернышевский,Что делать
0.05469634100339495,0.06299509619011694,0.06978498679743493,0.023010184835910975,0.033572236891738966,0.03055450773293097,0.0007544322897019992,0.10826103357223689,0.010562052055827989,0.07129385137683893,0.13768389287061486,0.023764617125612977,0.21501320256506978,0.03281780460203697,0.0,0.12523576009053186,0.0,Чернышевский,Что делать
0.04435727217863609,0.05914302957151479,0.06517803258901629,0.014785757392878697,0.04828002414001207,0.024743512371756187,0.0009052504526252263,0.0823777911888956,0.00724200362100181,0.07936028968014484,0.13337356668678335,0.01780325890162945,0.23627036813518407,0.032589016294508145,0.0,0.1535908267954134,0.0,Чернышевский,Что делать
0.056343906510851416,0.05425709515859766,0.06135225375626043,0.024624373956594323,0.03213689482470785,0.0325542570951586,0.00041736227045075126,0.11435726210350584,0.01001669449081803,0.07595993322203673,0.13898163606010017,0.02378964941569282,0.22161936560934892,0.02921535893155259,0.0,0.12437395659432388,0.0,Чернышевский,Что делать
0.07091518926689028,0.04935313847628174,0.048394825107810256,0.010062290368950648,0.029707714422616195,0.047436511739338764,0.0014374700527072352,0.11212266411116435,0.004312410158121706,0.06085289889793963,0.13991375179683757,0.014374700527072353,0.26114039290848107,0.02635361763296598,0.0,0.12362242453282224,0.0,Чернышевский,Что делать
0.05415617128463476,0.07021410579345089,0.0626574307304786,0.01857682619647355,0.030856423173803528,0.030856423173803528,0.0,0.12720403022670027,0.0069269521410579345,0.05100755667506297,0.10831234256926953,0.03746851385390428,0.21662468513853905,0.036838790931989926,0.0,0.14829974811083124,0.0,Чернышевский,Что делать
0.05170821791320406,0.057248384118190214,0.05355493998153278,0.01061865189289012,0.030009233610341645,0.030932594644506,0.0013850415512465374,0.13019390581717452,0.009233610341643583,0.04662973222530009,0.11311172668513389,0.030932594644506,0.28116343490304707,0.0221606648199446,0.0,0.12927054478301014,0.0018467220683287165,Чернышевский,Что делать
0.06352459016393443,0.07351434426229508,0.06941598360655737,0.030225409836065573,0.03048155737704918,0.052766393442622954,0.0020491803278688526,0.12730532786885246,0.009221311475409836,0.05635245901639344,0.11501024590163934,0.0350922131147541,0.1882684426229508,0.03483606557377049,0.0,0.11193647540983606,0.0,Чернышевский,Что делать
0.05081967213114754,0.05737704918032787,0.05573770491803279,0.014344262295081968,0.038524590163934426,0.029508196721311476,0.001639344262295082,0.12622950819672132,0.005737704918032787,0.05,0.10450819672131148,0.03360655737704918,0.2709016393442623,0.028278688524590163,0.0,0.13155737704918033,0.0012295081967213116,Чернышевский,Что делать
0.047186932849364795,0.0751361161524501,0.07404718693284937,0.020326678765880218,0.032667876588021776,0.025045372050816698,0.001088929219600726,0.10344827586206896,0.009074410163339383,0.05335753176043557,0.1277676950998185,0.046823956442831216,0.22613430127041742,0.028312159709618874,0.0,0.12522686025408347,0.004355716878402904,Чернышевский,Что делать
0.0658853341780171,0.07348748812163447,0.056699398162812796,0.017421602787456445,0.03706050047513462,0.04656319290465632,0.0006335128286347799,0.1444409249287298,0.010136205258156478,0.05638264174849541,0.12163446309787773,0.020272410516312955,0.20367437440608172,0.029775102945834655,0.0,0.11593284764016472,0.0,Чернышевский,Что делать
0.04488912925905895,0.0578691184424013,0.07625743645213628,0.024337479718766902,0.03244997295835587,0.028664142779881017,0.001081665765278529,0.09951325040562466,0.007030827474310438,0.060032449972958354,0.11898323418063818,0.03136830719307734,0.2574364521362899,0.022174148188209845,0.0,0.13791238507301243,0.0,Чернышевский,Что делать
0.05814549180327869,0.06915983606557377,0.07146516393442623,0.011270491803278689,0.052766393442622954,0.03048155737704918,0.0005122950819672131,0.12167008196721311,0.008965163934426229,0.06096311475409836,0.08837090163934426,0.048924180327868855,0.22515368852459017,0.031762295081967214,0.0,0.12013319672131148,0.00025614754098360657,Чернышевский,Что делать
0.05348210850327049,0.0596383224317045,0.06156213928434013,0.016160061562139283,0.03809157368218546,0.02654867256637168,0.0015390534821085034,0.1265871489034244,0.008849557522123894,0.05732974220854175,0.09465178914967295,0.03501346671796845,0.2585609849942285,0.03039630627164294,0.0,0.12889572912658714,0.0026933435936898806,Чернышевский,Что делать
0.058385093167701865,0.07279503105590063,0.05763975155279503,0.0168944099378882,0.04074534161490683,0.04248447204968944,0.0,0.12273291925465839,0.006459627329192546,0.06434782608695652,0.12322981366459627,0.021366459627329193,0.20521739130434782,0.035527950310559005,0.0,0.13217391304347825,0.0,Чернышевский,Что делать
0.06722498868266184,0.07808963331824355,0.07446808510638298,0.014259846084200997,0.042326844726120416,0.04640108646446356,0.00022634676324128565,0.15436849253055682,0.012222725215029425,0.0631507469443187,0.0882752376641014,0.01607062019013128,0.19624264373019465,0.031914893617021274,0.0,0.11475780896333182,0.0,Чернышевский,Что делать
0.05433238636363636,0.06924715909090909,0.060369318181818184,0.006392045454545455,0.03977272727272727,0.023082386363636364,0.001065340909090909,0.12890625,0.020241477272727272,0.04261363636363636,0.07279829545454546,0.040838068181818184,0.29154829545454547,0.020596590909090908,0.0,0.12677556818181818,0.0014204545454545455,Чернышевский,Что делать
0.07164971251658558,0.08314904909332153,0.07695709862892526,0.017912428129146396,0.043343653250773995,0.032507739938080496,0.00022114108801415304,0.18752764263600177,0.021450685537372845,0.047103051747014596,0.05661211853162318,0.029632905793896505,0.1901813356921716,0.02476780185758514,0.0,0.11698363555948696,0.0,Чернышевский,Что делать
0.04547975596228508,0.059345535219079315,0.07542983915696062,0.02107598447032723,0.03161397670549085,0.028840820854132,0.0011092623405435386,0.100942872989462,0.007210205213533,0.06045479755962285,0.11203549639489739,0.03549639489739324,0.2612312811980033,0.021630615640599003,0.0,0.13810316139767054,0.0,Чернышевский,Что делать
0.04992585269401879,0.05190311418685121,0.08205635195254572,0.024715768660405337,0.03163618388531883,0.03608502224419179,0.001977261492832427,0.1314878892733564,0.010380622837370242,0.057834898665348494,0.1166584280771132,0.02422145328719723,0.2263964409293129,0.021749876421156698,0.0,0.1329708353929807,0.0,Чернышевский,Что делать
0.06690430490814368,0.0819851933095695,0.05127502056484782,0.021935837674801208,0.03921030984370716,0.03564573622155196,0.0010967918837400603,0.15958321908417877,0.009048533040855497,0.05621058404167809,0.08582396490265971,0.041952289553057305,0.19961612284069097,0.03345215245407184,0.0,0.11625993967644639,0.0,Чернышевский,Что делать
0.048664374504099446,0.07273208145993124,0.06585559375826501,0.009785770960063476,0.04601957154192013,0.02406770695583179,0.0010579211848717272,0.13938111610685003,0.012166093626024862,0.04760645331922772,0.0724676011637133,0.05421846072467601,0.23670986511504893,0.02512562814070352,0.0,0.1441417614387728,0.0,Чернышевский,Что делать
0.04982363315696649,0.06481481481481481,0.068342151675485,0.029541446208112873,0.029541446208112873,0.03218694885361552,0.002204585537918871,0.11022927689594356,0.007936507936507936,0.04717813051146384,0.12918871252204586,0.025573192239858905,0.24029982363315697,0.0291005291005291,0.0,0.1335978835978836,0.0004409171075837742,Чернышевский,Что делать
0.04239663629992992,0.07778556412053259,0.06482130343377715,0.014365802382620883,0.03889278206026629,0.030833917309039945,0.001751927119831815,0.13945339873861248,0.006306937631394534,0.05360896986685354,0.10336370007007709,0.04414856341976174,0.21829011913104415,0.024176594253679046,0.0,0.13980378416257883,0.0,Чернышевский,Что делать
0.05734672304439746,0.06659619450317125,0.07214587737843552,0.021141649048625793,0.037526427061310784,0.03620507399577167,0.0005285412262156448,0.12130021141649049,0.008456659619450317,0.07637420718816068,0.11918604651162791,0.0330338266384778,0.19899577167019028,0.03514799154334038,0.0,0.11601479915433403,0.0,Чернышевский,Что делать
0.0648034398034398,0.0684889434889435,0.07094594594594594,0.01812039312039312,0.04176904176904177,0.03409090909090909,0.0,0.1415847665847666,0.0085995085995086,0.053132678132678135,0.0945945945945946,0.024262899262899262,0.21253071253071254,0.03839066339066339,0.0,0.12714987714987716,0.0015356265356265355,Чернышевский,Что делать
0.055372203887055375,0.07517418408507517,0.07407407407407407,0.0242024202420242,0.026402640264026403,0.04583791712504584,0.0011001100110011,0.12064539787312065,0.009167583425009167,0.06894022735606894,0.13458012467913458,0.0121012101210121,0.2060872753942061,0.0319031903190319,0.0,0.11441144114411442,0.0,Чернышевский,Что делать
0.052120592743995914,0.061318344404701075,0.0797138477261114,0.013285641287685232,0.03168114460909555,0.0286152273888605,0.000510986203372509,0.10475217169136433,0.008686765457332652,0.061318344404701075,0.09453244762391415,0.04292284108329075,0.27797649463464486,0.019417475728155338,0.0,0.12263668880940215,0.000510986203372509,Чернышевский,Что делать
0.07135212272565108,0.06742775597574027,0.08776311095255084,0.011416339636104174,0.03068141277202997,0.03674634320371031,0.0007135212272565109,0.1473421334284695,0.016054227613271493,0.053514092044238314,0.09810916874777025,0.014270424545130217,0.22226186229040315,0.029611130931145202,0.0,0.11273635390652872,0.0,Чернышевский,Что делать
0.0430622009569378,0.06172248803827751,0.06507177033492823,0.019138755980861243,0.03349282296650718,0.03110047846889952,0.0019138755980861245,0.11100478468899522,0.007655502392344498,0.05263157894736842,0.12296650717703349,0.02631578947368421,0.2698564593301435,0.02631578947368421,0.0,0.1277511961722488,0.0,Чернышевский,Что делать
0.057655349135169766,0.07335041639974375,0.06342088404868675,0.014734144778987828,0.04964766175528507,0.021780909673286355,0.0,0.15054452274183217,0.01889814221652787,0.04964766175528507,0.06886611146700833,0.04580397181294042,0.22805893657911594,0.025944907110826393,0.0,0.12780269058295965,0.003843689942344651,Чернышевский,Что делать
0.06397039386730108,0.08009516256938938,0.061855670103092786,0.017710811525244514,0.03885804916732752,0.034892942109436956,0.0002643404705260375,0.14750198255352895,0.011102299762093577,0.04388051810732223,0.10229976209357652,0.03727200634417129,0.20592122653978323,0.02696272799365583,0.0,0.126883425852498,0.000528680941052075,Чернышевский,Что делать
0.06230389959659346,0.05244285073957866,0.07216494845360824,0.025997310623038995,0.035410129986553115,0.03182429403854774,0.0008964589870013447,0.12191842223218288,0.01165396683101748,0.07799193186911699,0.11698789780367548,0.025997310623038995,0.22635589421783953,0.022411474675033616,0.0,0.11564320932317347,0.0,Чернышевский,Что делать
0.06347874720357942,0.0743847874720358,0.06487695749440715,0.017337807606263984,0.046420581655480984,0.027684563758389263,0.0,0.14904921700223714,0.017058165548098435,0.04753914988814318,0.09228187919463088,0.03104026845637584,0.21784116331096195,0.02348993288590604,0.0,0.12751677852348994,0.0,Чернышевский,Что делать
0.06727707006369427,0.06687898089171974,0.046576433121019105,0.018710191082802547,0.03184713375796178,0.03264331210191083,0.0,0.14570063694267515,0.007165605095541401,0.05214968152866242,0.08678343949044585,0.044984076433121016,0.24601910828025478,0.02587579617834395,0.0,0.12738853503184713,0.0,Чернышевский,Что делать
0.062468513853904284,0.0929471032745592,0.055415617128463476,0.018639798488664986,0.047103274559193956,0.03047858942065491,0.0,0.1602015113350126,0.02468513853904282,0.03803526448362721,0.0889168765743073,0.04055415617128463,0.20100755667506298,0.021662468513853905,0.0,0.11612090680100756,0.0017632241813602015,Чернышевский,Что делать
0.04873580065958227,0.07585196042506413,0.07805056797361672,0.01978746793697325,0.035910589959692193,0.025283986808354707,0.0007328691828508611,0.10516672773909858,0.008794430194210334,0.054598754122389154,0.12055698057896666,0.04617075851960425,0.22389153536093806,0.028948332722609015,0.0,0.1234884573103701,0.004030780505679736,Чернышевский,Что делать
0.07664627563871897,0.05973371716444764,0.041381792011514935,0.00791651673263764,0.04318100035984167,0.030946383591219862,0.0010795250089960418,0.14897445124145375,0.01043540842029507,0.03850305865419216,0.08708168405901404,0.042821158690176324,0.26304426052536883,0.01943145016192875,0.0,0.1270241093918676,0.0017992083483267362,Чернышевский,Что делать
0.05348210850327049,0.0596383224317045,0.06156213928434013,0.016160061562139283,0.03809157368218546,0.02654867256637168,0.0015390534821085034,0.1265871489034244,0.008849557522123894,0.05732974220854175,0.09465178914967295,0.03501346671796845,0.2585609849942285,0.03039630627164294,0.0,0.12889572912658714,0.0026933435936898806,Чернышевский,Что делать
0.050823529411764705,0.050352941176470586,0.0611764705882353,0.015058823529411765,0.034352941176470586,0.03670588235294118,0.0042352941176470585,0.09411764705882353,0.006588235294117647,0.06776470588235294,0.136,0.03058823529411765,0.24235294117647058,0.02776470588235294,0.0,0.14211764705882354,0.0,Чернышевский,Что делать
0.05176163549369291,0.05959112657677251,0.055241409308394954,0.016963897346672467,0.034797738147020446,0.027838190517616355,0.0017398869073510222,0.11961722488038277,0.01087429317094389,0.056111352762070466,0.11135276207046542,0.0313179643323184,0.25967812092214004,0.0274032187907786,0.0,0.1331013484123532,0.0026098303610265334,Чернышевский,Что делать
0.04801880456682337,0.07891202149093351,0.06950973807924782,0.017461383478844864,0.031229012760241773,0.03022162525184688,0.001343183344526528,0.10980523841504365,0.0083948959032908,0.048354600402955,0.132303559435863,0.038616521155137674,0.22934855607790464,0.025856279382135663,0.0,0.1262592343854936,0.004365345869711216,Чернышевский,Что делать
0.043098063710181135,0.05808869456589631,0.0693316677076827,0.017489069331667707,0.023735165521549032,0.04184884447220487,0.004996876951905059,0.11180512179887571,0.006870705808869456,0.05434103685196752,0.11118051217988757,0.029356652092442224,0.27420362273579013,0.027482823235477825,0.0,0.12617114303560276,0.0,Чернышевский,Что делать
0.06080906982736408,0.08786395258953877,0.05977840762690028,0.013656274156145324,0.03993816026797217,0.03761917031692863,0.0002576655501159495,0.17289358412780212,0.03864983251739242,0.03633084256634888,0.0724040195825818,0.02009791290904406,0.21618139654728163,0.0244782272610152,0.0,0.11749549085287297,0.001545993300695697,Чернышевский,Что делать
0.05282152230971129,0.0744750656167979,0.06430446194225722,0.013123359580052493,0.041666666666666664,0.03510498687664042,0.0,0.14501312335958005,0.020341207349081365,0.04954068241469816,0.1010498687664042,0.018700787401574805,0.2103018372703412,0.030183727034120734,0.0,0.1414041994750656,0.001968503937007874,Чернышевский,Что делать
0.07078189300411522,0.05432098765432099,0.03909465020576132,0.009876543209876543,0.04156378600823045,0.03333333333333333,0.0012345679012345679,0.14444444444444443,0.0069958847736625515,0.040740740740740744,0.097119341563786,0.03539094650205761,0.27325102880658436,0.017695473251028805,0.0,0.13209876543209875,0.00205761316872428,Чернышевский,Что делать
0.05640297978006385,0.060305072720822986,0.07343029443064916,0.009932600212841433,0.034764100744945015,0.03689251507626818,0.0031926214969847464,0.12025540971975877,0.011351543100390209,0.054629301170627885,0.11032280950691735,0.023412557644554806,0.2568286626463285,0.02554097197587797,0.0,0.12273855977296914,0.0,Чернышевский,Что делать
0.052062474969963954,0.06127352823388066,0.04965959150981177,0.014016820184221065,0.034841810172206646,0.032038446135362435,0.0016019223067681217,0.12655186223468162,0.006407689227072487,0.051261513816579896,0.11373648378053665,0.02923508209851822,0.2751301561874249,0.02523027633159792,0.0,0.12494993992791349,0.002002402883460152,Чернышевский,Что делать
0.0659432387312187,0.07679465776293823,0.054535336672231496,0.022815804117974403,0.03533667223149694,0.03951029493600445,0.0,0.1555370061213133,0.006121313299944352,0.05147468002225932,0.08987200890372844,0.03923205342237062,0.2028380634390651,0.037006121313299944,0.0,0.1229827490261547,0.0,Чернышевский,Что делать
0.043826830571886695,0.06413682522715125,0.07536076964190272,0.010154997327632281,0.03099946552645644,0.030464991982896848,0.0005344735435595938,0.11063602351683592,0.009620523784072688,0.0603955104222341,0.09941207910208445,0.04436130411544629,0.27097808658471406,0.02084446819882416,0.0,0.1282736504543025,0.0,Чернышевский,Что делать
0.06900269541778976,0.07628032345013477,0.06549865229110512,0.018867924528301886,0.04743935309973046,0.02587601078167116,0.00026954177897574127,0.1504043126684636,0.013746630727762802,0.052830188679245285,0.07924528301886792,0.02857142857142857,0.2215633423180593,0.02587601078167116,0.0,0.12452830188679245,0.0,Чернышевский,Что делать
0.06176673567977916,0.07867494824016563,0.0686680469289165,0.012077294685990338,0.04209799861973775,0.028985507246376812,0.0006901311249137336,0.12974465148378192,0.018978605935127676,0.03899240855762595,0.0893719806763285,0.03692201518288475,0.2463768115942029,0.027260179434092476,0.0,0.11801242236024845,0.0013802622498274672,Чернышевский,Что делать
0.047186932849364795,0.0751361161524501,0.07404718693284937,0.020326678765880218,0.032667876588021776,0.025045372050816698,0.001088929219600726,0.10344827586206896,0.009074410163339383,0.05335753176043557,0.1277676950998185,0.046823956442831216,0.22613430127041742,0.028312159709618874,0.0,0.12522686025408347,0.004355716878402904,Чернышевский,Что делать
0.060903732809430254,0.062082514734774066,0.06404715127701376,0.026719056974459726,0.03143418467583497,0.03339882121807466,0.0007858546168958742,0.1111984282907662,0.011787819253438114,0.0719056974459725,0.143811394891945,0.016895874263261296,0.2149312377210216,0.02986247544204322,0.0,0.12023575638506877,0.0,Чернышевский,Что делать
0.06907119283356906,0.09547383309759547,0.05421970768505422,0.018623290900518622,0.047619047619047616,0.029231494578029232,0.0,0.1643092880716643,0.022866572371522866,0.03936822253653937,0.08981612446958982,0.03488920320603489,0.19801980198019803,0.020980669495520982,0.0,0.11386138613861387,0.0016501650165016502,Чернышевский,Что делать
0.05887230514096186,0.07441956882255389,0.08540630182421227,0.015961857379767828,0.04622719734660033,0.02570480928689884,0.0006218905472636816,0.14883913764510778,0.023839137645107793,0.06198175787728027,0.07027363184079602,0.036898839137645106,0.20708955223880596,0.021144278606965175,0.0,0.12209784411276949,0.0006218905472636816,Чернышевский,Что делать
0.05932896890343699,0.046644844517184945,0.06792144026186579,0.014729950900163666,0.04132569558101473,0.03764320785597381,0.0012274959083469722,0.11170212765957446,0.007774140752864157,0.06669394435351882,0.1104746317512275,0.020049099836333878,0.24918166939443534,0.030687397708674305,0.0,0.1346153846153846,0.0,Чернышевский,Что делать
0.052723311546840956,0.06753812636165578,0.05925925925925926,0.008278867102396514,0.02962962962962963,0.03965141612200436,0.0,0.11895424836601307,0.003485838779956427,0.06535947712418301,0.14640522875816994,0.011764705882352941,0.22962962962962963,0.0318082788671024,0.0,0.1355119825708061,0.0,Чернышевский,Что делать
0.07713717693836979,0.060834990059642144,0.05685884691848907,0.024652087475149104,0.0389662027833002,0.03260437375745527,0.0007952286282306163,0.10337972166998012,0.003976143141153081,0.06282306163021868,0.13280318091451293,0.019085487077534793,0.23300198807157058,0.02823061630218688,0.0,0.12445328031809146,0.00039761431411530816,Чернышевский,Что делать
0.06544270062185371,0.06514657980456026,0.06899615042937518,0.013029315960912053,0.041753035238377256,0.04382588095943145,0.0014806040864672786,0.16079360379034646,0.015102161681966242,0.04649096831507255,0.09090909090909091,0.005330174711282203,0.26858158128516435,0.01599052413384661,0.0,0.09683150725496002,0.0002961208172934557,Чернышевский,Что делать
0.0536639526276832,0.06291635825314582,0.04330125832716506,0.018874907475943746,0.034048852701702444,0.054404145077720206,0.001850481125092524,0.13175425610658772,0.007031828275351592,0.046632124352331605,0.16321243523316062,0.007031828275351592,0.24093264248704663,0.01998519615099926,0.0,0.11435973353071799,0.0,Чернышевский,Что делать
0.056045790603386596,0.060577152396851894,0.06200810875268304,0.013117099928452182,0.04722155974242786,0.033865967088003816,0.0,0.14071070832339613,0.008347245409015025,0.05389935606963987,0.0927736704030527,0.04316718340090627,0.22322919150965895,0.030288576198425947,0.0,0.1347483901740997,0.0,Чернышевский,Что делать
0.06070549630844955,0.061936013125512716,0.06152584085315833,0.018457752255947497,0.03568498769483183,0.033634126333059886,0.0016406890894175555,0.11156685808039377,0.012305168170631665,0.0771123872026251,0.11074651353568499,0.011484823625922888,0.2428219852337982,0.03568498769483183,0.0,0.12469237079573421,0.0,Чернышевский,Что делать
0.0649895178197065,0.08013044491031912,0.07803400885161892,0.017237363149312835,0.0407640344747263,0.04495690659212672,0.00023293733985557886,0.14791521080829256,0.010715117633356627,0.06102958304216166,0.09410668530165385,0.017470300489168415,0.19543442813883066,0.03237829023992546,0.0,0.1146051712089448,0.0,Чернышевский,Что делать
0.06318449873631002,0.05560235888795282,0.050968828980623423,0.013479359730412805,0.039174389216512215,0.04507160909856782,0.0012636899747262005,0.10783487784330244,0.009267059814658803,0.05855096882898062,0.14490311710193765,0.016427969671440605,0.2497893850042123,0.02485256950294861,0.0,0.11962931760741365,0.0,Чернышевский,Что делать
0.07643600180913614,0.05563093622795115,0.03482587064676617,0.01854364540931705,0.041610131162369966,0.030303030303030304,0.0013568521031207597,0.12347354138398914,0.0067842605156037995,0.046585255540479424,0.11668928086838534,0.035278154681139755,0.27182270465852554,0.017639077340569877,0.0,0.12302125734961555,0.0,Чернышевский,Что делать
0.06111967128916281,0.08757062146892655,0.05983564458140729,0.013610683102208527,0.040575243965074476,0.037236774524910116,0.00025680534155110427,0.17334360554699538,0.03852080123266564,0.036466358500256806,0.07190549563430919,0.020030816640986132,0.21571648690292758,0.024910118130457112,0.0,0.11736004108885464,0.0015408320493066256,Чернышевский,Что делать
0.0429769392033543,0.07791754018169113,0.06464011180992313,0.014675052410901468,0.03948287910552061,0.03039832285115304,0.0017470300489168414,0.13941299790356393,0.006289308176100629,0.05345911949685535,0.10307477288609364,0.0440251572327044,0.2190775681341719,0.023410202655485674,0.0,0.13941299790356393,0.0,Чернышевский,Что делать
0.055381727158948686,0.0707133917396746,0.06289111389236546,0.018460575719649562,0.03097622027534418,0.03097622027534418,0.0,0.12891113892365458,0.00688360450563204,0.050375469336670836,0.10732165206508135,0.03723404255319149,0.21495619524405507,0.03660826032540676,0.0,0.14831038798498122,0.0,Чернышевский,Что делать
0.06104017440049829,0.07131734662099035,0.06758019308626596,0.014637184677670508,0.046091560261600745,0.024914356898162567,0.0,0.14014325755216445,0.012768607910308314,0.05699159140454687,0.08221737776393646,0.02678293366552476,0.24509498598567425,0.024602927436935533,0.0,0.12363749610713173,0.0021800062285892243,Чернышевский,Что делать
0.060225846925972396,0.05897114178168131,0.056461731493099125,0.01589293182768716,0.03094939355918026,0.03680468423253869,0.002509410288582183,0.09075700543705563,0.0075282308657465494,0.0807193642827269,0.13927227101631118,0.011292346298619825,0.24006691760769552,0.033877038895859475,0.0,0.13467168548724384,0.0,Чернышевский,Что делать
0.06672651107121484,0.07091561938958707,0.07570317175344106,0.00807899461400359,0.045481747456612806,0.044584081388390186,0.0005984440454817474,0.16935966487133453,0.013464991023339317,0.04428485936564931,0.08378216636744465,0.016457211250748054,0.2187312986235787,0.03201675643327349,0.0,0.10353081986834231,0.0062836624775583485,Чернышевский,Что делать
0.056552067762830095,0.07249626307922272,0.05007473841554559,0.015944195316392625,0.0393622321873443,0.03188839063278525,0.0007473841554559044,0.13602391629297458,0.00622820129546587,0.04982561036372696,0.11385151968111609,0.02491280518186348,0.22969606377678126,0.02815146985550573,0.0,0.14424514200298955,0.0,Чернышевский,Что делать
0.08097992514460702,0.06430758761483497,0.06873086083701939,0.026539639333106498,0.037767948281728476,0.033684926845865944,0.0003402517863218782,0.11364409663150732,0.007825791085403199,0.06226607689690371,0.12078938414426675,0.01905410003402518,0.20619258251105818,0.03334467505954406,0.0,0.12419190200748553,0.0003402517863218782,Чернышевский,Что делать
0.05563032750112158,0.0677433826828174,0.07133243606998654,0.01570210856886496,0.038582323912068194,0.03319874383131449,0.00044863167339614175,0.1269627635711081,0.00986989681471512,0.061462539255271426,0.1031852848811126,0.031852848811126065,0.24674742036787797,0.021534320323014805,0.0,0.11574697173620457,0.0,Чернышевский,Что делать
0.06279006279006279,0.08080808080808081,0.06197106197106197,0.01911001911001911,0.03985803985803986,0.03467103467103467,0.000273000273000273,0.14823914823914824,0.011466011466011465,0.04586404586404586,0.10264810264810265,0.036855036855036855,0.20065520065520065,0.0273000273000273,0.0,0.12749112749112748,0.0,Чернышевский,Что делать
0.06728920626201593,0.0769019500137325,0.05410601483109036,0.023345234825597364,0.03542982697061247,0.03872562482834386,0.0,0.15709969788519637,0.005767646251029937,0.05163416643779182,0.08843724251579237,0.03817632518538863,0.20186761878604778,0.03652842625652293,0.0,0.12469101895083769,0.0,Чернышевский,Что делать
0.05682096497673279,0.07176096007837375,0.05804555473916238,0.01763409257898604,0.04163605192260593,0.04335047759000735,0.0,0.12123438648052902,0.00612294881214793,0.06343374969385256,0.12270389419544453,0.021062943913788882,0.20573108008817045,0.03600293901542983,0.0,0.13445995591476856,0.0,Чернышевский,Что делать
0.050606585788561524,0.08145580589254767,0.06620450606585788,0.01802426343154246,0.038821490467937605,0.03050259965337955,0.0,0.12963604852686308,0.010398613518197574,0.056152512998266894,0.10502599653379549,0.03708838821490468,0.22357019064124783,0.03050259965337955,0.0,0.11993067590987869,0.0020797227036395147,Чернышевский,Что делать
0.06143465909090909,0.07208806818181818,0.07705965909090909,0.019176136363636364,0.027698863636363636,0.04296875,0.001065340909090909,0.11612215909090909,0.008167613636363636,0.06889204545454546,0.13458806818181818,0.011363636363636364,0.2080965909090909,0.033025568181818184,0.0,0.11825284090909091,0.0,Чернышевский,Что делать
0.04666666666666667,0.05380952380952381,0.062380952380952384,0.018571428571428572,0.03333333333333333,0.02619047619047619,0.0019047619047619048,0.09476190476190476,0.008571428571428572,0.06380952380952382,0.1457142857142857,0.017142857142857144,0.2623809523809524,0.02761904761904762,0.0,0.13714285714285715,0.0,Чернышевский,Что делать
0.0810292909937038,0.08431426225020532,0.06898439638653162,0.02682726526142896,0.03859841226389269,0.04325212154393649,0.0,0.14207500684369012,0.006569942513003011,0.05228579249931563,0.12400766493293183,0.003011223651793047,0.18258965234054203,0.031207226936764303,0.0,0.11524774158226116,0.0,Чернышевский,Что делать
0.0724191063174114,0.08232445520581114,0.07726172132951795,0.018710103455866166,0.0438036539731455,0.032357473035439135,0.00022011886418666079,0.18842174774378165,0.023552718467972706,0.04710543693594541,0.05260840854061193,0.028835571208452565,0.19524543253356813,0.021791767554479417,0.0,0.11534228483381026,0.0,Чернышевский,Что делать
0.05195843325339728,0.07194244604316546,0.05555555555555555,0.010391686650679457,0.0319744204636291,0.043565147881694646,0.0,0.12190247801758593,0.0035971223021582736,0.06235011990407674,0.1410871302957634,0.011590727418065548,0.2290167865707434,0.03597122302158273,0.0,0.12909672262190247,0.0,Чернышевский,Что делать
0.05470332850940666,0.07930535455861071,0.06222865412445731,0.012445730824891461,0.03849493487698987,0.03386396526772793,0.0002894356005788712,0.15455861070911722,0.03328509406657019,0.04138929088277858,0.08567293777134588,0.019102749638205498,0.2240231548480463,0.027785817655571636,0.0,0.13111432706222864,0.0017366136034732273,Чернышевский,Что делать
0.05998405739338382,0.07333599043443603,0.07672379434037466,0.02092467118373854,0.04902351534475887,0.038461538461538464,0.0,0.13411717815862895,0.012953367875647668,0.06058190514149064,0.0918692706257473,0.03288162614587485,0.19828616978876046,0.0296931048226385,0.0,0.12116381028298127,0.0,Чернышевский,Что делать
0.060085836909871244,0.07527236711786069,0.06107626279300099,0.008253549026081214,0.03862660944206009,0.026741498844503137,0.0009904258831297458,0.1399801914823374,0.021789369428854406,0.03862660944206009,0.07197094750742819,0.03862660944206009,0.2743479696269396,0.020468801584681413,0.0,0.12182238362495873,0.0013205678441729944,Чернышевский,Что делать
0.05395552314983595,0.06999635435654393,0.05978855267954794,0.006562158220925993,0.03900838497994896,0.022967553773240976,0.001093693036820999,0.12541013488880787,0.021144732045205977,0.041924899744804955,0.07327743346700692,0.04083120670798396,0.2942034269048487,0.021144732045205977,0.0,0.12723295661684286,0.0014582573824279985,Чернышевский,Что делать
0.05757874015748032,0.07209645669291338,0.05905511811023622,0.016978346456692914,0.04158464566929134,0.043061023622047244,0.0,0.12130905511811024,0.006151574803149607,0.06520669291338582,0.12278543307086615,0.021161417322834646,0.2044783464566929,0.03518700787401575,0.0,0.13336614173228348,0.0,Чернышевский,Что делать
0.04937888198757764,0.07329192546583851,0.06273291925465839,0.011180124223602485,0.040683229813664595,0.02422360248447205,0.0012422360248447205,0.14285714285714285,0.013664596273291925,0.05093167701863354,0.06987577639751552,0.05062111801242236,0.24503105590062113,0.02360248447204969,0.0,0.1406832298136646,0.0,Чернышевский,Что делать
0.04878048780487805,0.08013937282229965,0.07038327526132404,0.01951219512195122,0.04076655052264808,0.028222996515679444,0.0,0.1278745644599303,0.011149825783972125,0.05749128919860627,0.10313588850174216,0.037282229965156795,0.2229965156794425,0.030313588850174215,0.0,0.11951219512195121,0.0024390243902439024,Чернышевский,Что делать
0.051182628925940284,0.05816207832493214,0.06591702210158977,0.026754556029468787,0.033346258239627766,0.030632027917797598,0.0015509887553315238,0.11050794881737107,0.0081426909654905,0.051182628925940284,0.12446684761535479,0.026366808840635907,0.25126017836370684,0.026754556029468787,0.0,0.13338503295851106,0.00038774718883288094,Чернышевский,Что делать
0.04949664429530201,0.06459731543624161,0.06291946308724833,0.007130872483221477,0.03733221476510067,0.018875838926174497,0.0012583892617449664,0.11870805369127517,0.016778523489932886,0.047399328859060404,0.07214765100671142,0.03523489932885906,0.3175335570469799,0.016778523489932886,0.0,0.13296979865771813,0.0008389261744966443,Чернышевский,Что делать
0.06229019022752704,0.07683700111898545,0.05483028720626632,0.014919806042521447,0.04513241327862738,0.04102946661693398,0.0,0.14211115255501677,0.007459903021260724,0.05557627750839239,0.10593062290190228,0.02051473330846699,0.22193211488250653,0.028720626631853787,0.0,0.11973144349123462,0.0029839612085042896,Чернышевский,Что делать
0.05994550408719346,0.07329700272479564,0.0653950953678474,0.014986376021798364,0.048501362397820165,0.02561307901907357,0.0,0.14822888283378746,0.017166212534059946,0.050953678474114444,0.088283378746594,0.03514986376021798,0.21880108991825614,0.026430517711171664,0.0,0.12452316076294279,0.0027247956403269754,Чернышевский,Что делать
0.0592354829296761,0.07295010213014298,0.06507149110008754,0.014881820834549168,0.0498978698570178,0.0259702363583309,0.0,0.15319521447330026,0.017508024511234316,0.04843886781441494,0.07849430989203385,0.041143857601400644,0.22001750802451123,0.025094835132769187,0.0,0.12459877443828421,0.0035016049022468633,Чернышевский,Что делать
0.041069723018147083,0.05921680993314231,0.06208213944603629,0.014326647564469915,0.034383954154727794,0.02387774594078319,0.0009551098376313276,0.11891117478510028,0.0066857688634192934,0.05921680993314231,0.11031518624641834,0.04250238777459408,0.2602674307545368,0.025310410697230182,0.0,0.1399235912129895,0.0009551098376313276,Чернышевский,Что делать
0.06342821782178218,0.07827970297029703,0.0609529702970297,0.011138613861386138,0.04610148514851485,0.028774752475247526,0.0009282178217821782,0.15872524752475248,0.01516089108910891,0.04084158415841584,0.07549504950495049,0.039603960396039604,0.21905940594059406,0.02629950495049505,0.0,0.13397277227722773,0.0012376237623762376,Чернышевский,Что делать
0.060903732809430254,0.062082514734774066,0.06404715127701376,0.026719056974459726,0.03143418467583497,0.03339882121807466,0.0007858546168958742,0.1111984282907662,0.011787819253438114,0.0719056974459725,0.143811394891945,0.016895874263261296,0.2149312377210216,0.02986247544204322,0.0,0.12023575638506877,0.0,Чернышевский,Что делать
0.057001239157372985,0.07496902106567534,0.08240396530359356,0.015282940933498555,0.04584882280049566,0.023543990086741014,0.0006195786864931846,0.14849235852953324,0.024370095002065262,0.059273027674514665,0.07063197026022305,0.0375877736472532,0.21230896323833126,0.020239570425444033,0.0,0.12680710450227178,0.0006195786864931846,Чернышевский,Что делать
0.058203125,0.049609375,0.0625,0.014453125,0.0421875,0.03125,0.000390625,0.082421875,0.005078125,0.068359375,0.154296875,0.013671875,0.248046875,0.041015625,0.0,0.128515625,0.0,Чернышевский,Что делать
0.0810678422728386,0.0825373499877541,0.0683321087435709,0.011266225814352193,0.042125887827577764,0.0426157237325496,0.0002449179524859172,0.16972814107274062,0.024001959343619886,0.034533431300514325,0.08180259613029635,0.015429831006612785,0.21650746999755083,0.022777369581190303,0.0,0.1038452118540289,0.0031839333823169237,Чернышевский,Что делать
0.0512214342001576,0.08116627265563436,0.0659311794063567,0.014972419227738377,0.051746782243236145,0.028894142369319673,0.0002626740215392698,0.13764118728657737,0.014447071184659837,0.04885736800630418,0.09797741003414762,0.0338849487785658,0.2146046755975834,0.024954032046230628,0.0,0.13159968479117415,0.0018387181507748883,Чернышевский,Что делать
0.06234537357743691,0.09228104898565066,0.05566551212271153,0.01855517070757051,0.0475012370113805,0.030677882236516577,0.0,0.1595744680851064,0.02498762988619495,0.03958436417615042,0.08807521029193469,0.0400791687283523,0.20014844136566057,0.02177140029688273,0.0,0.11702127659574468,0.0017318159327065809,Чернышевский,Что делать
0.05618599501799059,0.06781068364240243,0.07030168834763355,0.022972598948242457,0.03653473567672295,0.03598117907556048,0.0005535566011624688,0.11846111264876834,0.008303349017437033,0.07500691945751453,0.12261278715748686,0.0345972875726543,0.2009410462219762,0.03432050927207307,0.0,0.11541655134237476,0.0,Чернышевский,Что делать
0.05384063173007897,0.0678391959798995,0.057071069633883705,0.011844938980617373,0.046661880832735106,0.019382627422828428,0.0,0.14752333094041636,0.01722900215362527,0.052045944005743,0.06999282124910265,0.043431442928930364,0.24120603015075376,0.028356066044508254,0.0,0.13926776740847094,0.004307250538406317,Чернышевский,Что делать
0.052941176470588235,0.058823529411764705,0.0611764705882353,0.01568627450980392,0.03568627450980392,0.027450980392156862,0.001568627450980392,0.1207843137254902,0.009019607843137255,0.05725490196078432,0.0992156862745098,0.03490196078431373,0.2619607843137255,0.03137254901960784,0.0,0.12941176470588237,0.0027450980392156863,Чернышевский,Что делать
0.08113391984359726,0.05229716520039101,0.03714565004887586,0.024926686217008796,0.03763440860215054,0.029814271749755622,0.001466275659824047,0.10606060606060606,0.0039100684261974585,0.053763440860215055,0.1217008797653959,0.03714565004887586,0.27468230694037143,0.01710654936461388,0.0,0.12121212121212122,0.0,Чернышевский,Что делать
0.06658291457286432,0.07255025125628141,0.05464824120603015,0.016959798994974875,0.03863065326633166,0.04836683417085427,0.000628140703517588,0.14227386934673367,0.0103643216080402,0.056532663316582916,0.12342964824120603,0.019158291457286432,0.20477386934673367,0.029522613065326633,0.0,0.11557788944723618,0.0,Чернышевский,Что делать
0.0535077288941736,0.061533888228299645,0.04488703923900119,0.013674197384066587,0.034482758620689655,0.03032104637336504,0.0008917954815695601,0.13495838287752676,0.00535077288941736,0.05826397146254459,0.1073127229488704,0.029131985731272295,0.24167657550535077,0.030915576694411414,0.0,0.1516052318668252,0.0014863258026159335,Чернышевский,Что делать
0.08046895816679989,0.08286703970157208,0.06341593391953104,0.01891819877431388,0.03836930455635491,0.04902744471089795,0.0002664535038635758,0.15800692779110045,0.0077271516120436985,0.05195843325339728,0.11057820410338395,0.007460698108180123,0.18838262723154808,0.028244071409539037,0.0,0.11430855315747403,0.0,Чернышевский,Что делать
0.048318515655199075,0.07073830691921144,0.06339389253962119,0.015848473134905297,0.031310398144569,0.02241979126401237,0.0011596443757247777,0.11944337069965211,0.018554310011596443,0.06609972941631233,0.08620023192887515,0.03904136064940085,0.26362582141476615,0.02435253189022033,0.0,0.1294936219559335,0.0,Чернышевский,Что делать
0.05700211118930331,0.05102040816326531,0.06579873328641801,0.011259676284306826,0.04574243490499648,0.03096410978184377,0.0003518648838845883,0.08902181562280084,0.004574243490499648,0.06790992258972554,0.14285714285714285,0.016537649542575653,0.24313863476425052,0.03870513722730472,0.0,0.13511611541168192,0.0,Чернышевский,Что делать
0.050683829444891394,0.0583266291230893,0.05510860820595334,0.01407884151246983,0.038616251005631534,0.028962188254223652,0.0016090104585679806,0.1255028157683025,0.0056315366049879325,0.050683829444891394,0.10539018503620273,0.03378921962992759,0.27031375703942073,0.028559935639581657,0.0,0.13153660498793243,0.0012067578439259854,Чернышевский,Что делать
0.04043298312639287,0.05858007004138809,0.06431072906717605,0.012734797835084369,0.04775549188156638,0.02387774594078319,0.0009551098376313276,0.07449856733524356,0.0070041388092964025,0.0830945558739255,0.14390321553645335,0.017510347023241005,0.24036930913721744,0.033428844317096466,0.0,0.15154409423750398,0.0,Чернышевский,Что делать
0.06298110566829951,0.07242827151854443,0.06333100069979006,0.015045486354093772,0.03184044786564031,0.045136459062281316,0.0006997900629811056,0.13925822253324002,0.006298110566829951,0.053883834849545134,0.12596221133659902,0.021693491952414275,0.2046885934219734,0.02939118264520644,0.0,0.12736179146256124,0.0,Чернышевский,Что делать
0.049768929968005686,0.0661215783860647,0.04514752932811945,0.011020263064344117,0.033771773906861,0.039459651617490224,0.001066477070742979,0.1453963739779595,0.0067543547813722,0.04763597582651973,0.0917170280838962,0.03839317454674725,0.24742268041237114,0.029505865623889085,0.0,0.14468538926413083,0.002132954141485958,Чернышевский,Что делать
0.07605400936897216,0.06833838523009093,0.07081840727473133,0.009920088178561588,0.04987599889776798,0.04629374483328741,0.0011022320198401765,0.17360154312482778,0.013777900248002205,0.04849820887296776,0.08101405345825297,0.004960044089280794,0.24524662441443923,0.016533480297602647,0.0,0.09368972168641498,0.0002755580049600441,Чернышевский,Что делать
0.05730659025787966,0.056078591895210805,0.059762586983217354,0.025787965616045846,0.031109291854277528,0.03274662300450266,0.00040933278755628325,0.1101105198526402,0.011051985264019648,0.07408923454768727,0.15022513303315596,0.019238641015145313,0.21858370855505527,0.030699959066721245,0.0,0.12279983626688498,0.0,Чернышевский,Что делать
0.05769911504424779,0.05097345132743363,0.06725663716814159,0.00991150442477876,0.046371681415929206,0.03150442477876106,0.00035398230088495576,0.09380530973451327,0.0038938053097345134,0.07008849557522123,0.13061946902654867,0.017345132743362832,0.24991150442477877,0.03964601769911504,0.0,0.1302654867256637,0.00035398230088495576,Чернышевский,Что делать
0.05871886120996441,0.066429418742586,0.05753262158956109,0.01482799525504152,0.027876631079478055,0.036180308422301306,0.005338078291814947,0.132858837485172,0.021352313167259787,0.0634638196915777,0.08481613285883749,0.017793594306049824,0.2870699881376038,0.022538552787663108,0.0,0.10320284697508897,0.0,Чернышевский,Что делать
0.07147456535737283,0.09808971882378192,0.05258639192959862,0.017385705086928525,0.04163983687486585,0.03198111182657223,0.0,0.16419832582099164,0.023824855119124275,0.0420691135436789,0.09594333547971667,0.028117621807254776,0.19939901266366172,0.02103455677183945,0.0,0.1107533805537669,0.0015024683408456751,Чернышевский,Что делать
0.0618798955613577,0.08903394255874673,0.0577023498694517,0.01723237597911227,0.03446475195822454,0.03759791122715405,0.0,0.13864229765013056,0.017754569190600523,0.04543080939947781,0.11018276762402089,0.018015665796344647,0.22088772845953003,0.02637075718015666,0.0,0.12480417754569191,0.0,Чернышевский,Что делать
0.05291442744935924,0.058701942951632904,0.06159570070276974,0.01653575857792476,0.034725093013642,0.02645721372467962,0.0016535758577924762,0.11575031004547334,0.010748243075651096,0.05622157916494419,0.11037618850764778,0.031831335262505166,0.2567176519222819,0.029350971475816452,0.0,0.13352625051674247,0.0028937577511368336,Чернышевский,Что делать
0.05148063781321185,0.05466970387243736,0.05649202733485194,0.01366742596810934,0.02915717539863326,0.04373576309794989,0.004100227790432802,0.08610478359908884,0.006378132118451025,0.07015945330296128,0.15261958997722094,0.020956719817767654,0.2428246013667426,0.030979498861047835,0.0,0.1366742596810934,0.0,Чернышевский,Что делать
0.051682106289614824,0.05802047781569966,0.07459775719161385,0.015602145294978059,0.03461725987323257,0.025841053144807412,0.0014627011214041932,0.10385177961969771,0.0078010726474890294,0.06777181862506095,0.09556313993174062,0.04144319843978547,0.2764505119453925,0.019990248659190638,0.0,0.12481716235982447,0.00048756704046806434,Чернышевский,Что делать
0.052941176470588235,0.0661764705882353,0.05661764705882353,0.011029411764705883,0.04595588235294118,0.019852941176470587,0.0,0.14522058823529413,0.016544117647058824,0.05220588235294118,0.0713235294117647,0.04338235294117647,0.24411764705882352,0.029044117647058824,0.0,0.1411764705882353,0.004411764705882353,Чернышевский,Что делать
0.04081632653061224,0.053502482073910645,0.063430777716492,0.01765030336458908,0.031991174848317705,0.03419746276889134,0.0027578599007170436,0.10535024820739107,0.004964147821290678,0.05846662989520132,0.11638168781025923,0.023166023166023165,0.28957528957528955,0.024820739106453393,0.0,0.1329288472145615,0.0,Чернышевский,Что делать
0.04874446085672083,0.0742245199409158,0.07570162481536188,0.019940915805022157,0.03471196454948301,0.024741506646971934,0.0007385524372230429,0.10450516986706056,0.009231905465288036,0.05465288035450517,0.12296898079763663,0.04579025110782865,0.22488921713441654,0.028064992614475627,0.0,0.12703101920236337,0.004062038404726735,Чернышевский,Что делать
0.04730139478471801,0.05548817465130382,0.06791995148574893,0.010006064281382655,0.04002425712553062,0.03244390539721043,0.002425712553062462,0.09460278956943602,0.016676773802304427,0.06791995148574893,0.11795027289266222,0.020921770770163734,0.2668283808368708,0.023347483323226198,0.0,0.13614311704063067,0.0,Чернышевский,Что делать
0.053063802905874924,0.07706885660138976,0.0410612760581175,0.006317119393556538,0.024005053695514846,0.017056222362602652,0.0012634238787113076,0.13644977890082122,0.008843967150979154,0.03095388502842704,0.08654453569172457,0.06001263423878711,0.28363866077068856,0.016424510423247,0.0,0.1572962728995578,0.0,Булычев,Миллион приключений
0.04881585306911552,0.0652489125181247,0.06234896085065249,0.011599806669888834,0.047849202513291444,0.01836636056065732,0.0,0.16433059449009182,0.0028999516674722086,0.04156597390043499,0.0763653939101015,0.016433059449009184,0.2402126631222813,0.02803286611889802,0.0,0.17593040115998065,0.0,Булычев,Древние тайны
0.04202334630350195,0.05758754863813229,0.0443579766536965,0.013229571984435798,0.02801556420233463,0.014785992217898832,0.0,0.15019455252918287,0.0038910505836575876,0.042801556420233464,0.088715953307393,0.03813229571984436,0.2988326848249027,0.0178988326848249,0.0,0.15953307392996108,0.0,Булычев,Миллион приключений
0.06582556226001098,0.09105869445968184,0.04936917169500823,0.007679648930334613,0.04388370817334065,0.01755348326933626,0.0005485463521667581,0.18924849149753153,0.007131102578167855,0.029621503017004936,0.06637410861217773,0.04004388370817334,0.22216127262753702,0.01755348326933626,0.0,0.151947339550192,0.0,Булычев,Миллион приключений
0.05150501672240803,0.07157190635451505,0.04147157190635452,0.006020066889632107,0.032107023411371234,0.022073578595317726,0.0013377926421404682,0.18729096989966554,0.005351170568561873,0.03678929765886288,0.0862876254180602,0.017391304347826087,0.26421404682274247,0.017391304347826087,0.0,0.1591973244147157,0.0,Булычев,Миллион приключений
0.05369484316852738,0.07017543859649122,0.05688463583200425,0.005847953216374269,0.04146730462519936,0.02711323763955343,0.003189792663476874,0.16108452950558214,0.005847953216374269,0.04146730462519936,0.0786815523657629,0.019670388091440724,0.24614566719829878,0.023391812865497075,0.0,0.16533758639021798,0.0,Булычев,Древние тайны
0.06727037516170763,0.06597671410090557,0.045278137128072445,0.00646830530401035,0.03169469598965071,0.02328589909443726,0.00129366106080207,0.1979301423027167,0.008408796895213453,0.03557567917205692,0.06144890038809832,0.015523932729624839,0.2846054333764554,0.013583441138421734,0.0,0.14165588615782665,0.0,Булычев,Миллион приключений
0.06498422712933755,0.07444794952681388,0.043533123028391164,0.006309148264984227,0.031545741324921134,0.023974763406940065,0.0006309148264984228,0.19242902208201892,0.010725552050473186,0.04290220820189274,0.06750788643533123,0.0138801261829653,0.277602523659306,0.015141955835962145,0.0,0.13438485804416403,0.0,Булычев,Миллион приключений
0.047325102880658436,0.07064471879286695,0.04801097393689986,0.0075445816186556925,0.04183813443072702,0.027434842249657063,0.0013717421124828531,0.15432098765432098,0.006858710562414266,0.04938271604938271,0.10493827160493827,0.021262002743484224,0.27023319615912206,0.01440329218106996,0.0,0.13443072702331962,0.0,Булычев,Миллион приключений
0.059063136456211814,0.06856754921928038,0.04073319755600815,0.006109979633401222,0.031907671418873046,0.025118805159538356,0.002036659877800407,0.18737270875763748,0.006109979633401222,0.035302104548540394,0.06924643584521385,0.027155465037338764,0.2830957230142566,0.01493550577053632,0.0,0.143245078071962,0.0,Булычев,Миллион приключений
0.0556988138215575,0.06343476018566271,0.05776173285198556,0.005673027333677153,0.035069623517276945,0.027333677153171736,0.0005157297576070139,0.11913357400722022,0.005673027333677153,0.04177411036616813,0.0964414646725116,0.05157297576070139,0.26147498710675604,0.021144920061887573,0.0,0.15729757607013925,0.0,Булычев,Древние тайны
0.0480295566502463,0.07573891625615764,0.04310344827586207,0.0049261083743842365,0.04433497536945813,0.021551724137931036,0.0,0.1933497536945813,0.003078817733990148,0.04433497536945813,0.06773399014778325,0.019088669950738917,0.24507389162561577,0.020320197044334975,0.0,0.16933497536945813,0.0,Булычев,Миллион приключений
0.06900800985828712,0.07085643869377696,0.04497843499691929,0.0061614294516327784,0.02895871842267406,0.025261860751694395,0.0006161429451632779,0.19162045594577942,0.009858287122612447,0.04374614910659273,0.066543438077634,0.01170671595810228,0.28527418361059764,0.014171287738755391,0.0,0.13062230437461492,0.0006161429451632779,Булычев,Миллион приключений
0.04859919954259577,0.06975414522584333,0.05317324185248713,0.00686106346483705,0.0411663807890223,0.022870211549456832,0.0005717552887364208,0.1349342481417953,0.010291595197255575,0.03659233847913093,0.09376786735277301,0.026872498570611778,0.27329902801600914,0.025157232704402517,0.0,0.15608919382504288,0.0,Булычев,Древние тайны
0.04341317365269461,0.06811377245508982,0.05688622754491018,0.008233532934131737,0.030688622754491017,0.009730538922155689,0.0014970059880239522,0.14520958083832336,0.0037425149700598802,0.040419161676646706,0.08982035928143713,0.030688622754491017,0.2994011976047904,0.009730538922155689,0.0,0.16167664670658682,0.0007485029940119761,Булычев,Миллион приключений
0.06095238095238095,0.06095238095238095,0.05015873015873016,0.010158730158730159,0.03428571428571429,0.02857142857142857,0.0012698412698412698,0.1523809523809524,0.0025396825396825397,0.05015873015873016,0.0761904761904762,0.025396825396825397,0.2679365079365079,0.017142857142857144,0.0,0.1619047619047619,0.0,Булычев,Миллион приключений
0.054535920293654956,0.058206607236497114,0.06607236497115888,0.008390141583639224,0.040377556371263765,0.026219192448872573,0.0005243838489774515,0.14315679077084426,0.0026219192448872575,0.04090194022024122,0.08180388044048244,0.04562139486103828,0.25694808599895125,0.023597273203985317,0.0,0.15102254850550603,0.0,Булычев,Древние тайны
0.04550379198266522,0.06121343445287107,0.05850487540628386,0.011375947995666305,0.05037919826652221,0.0276273022751896,0.005417118093174431,0.15222101841820151,0.007042253521126761,0.0390032502708559,0.08125677139761647,0.027085590465872156,0.25189599133261104,0.023293607800650054,0.0,0.1581798483206934,0.0,Булычев,Древние тайны
0.060781476121562955,0.07670043415340087,0.052821997105643996,0.004341534008683068,0.03183791606367583,0.013024602026049204,0.001447178002894356,0.16280752532561504,0.007959479015918957,0.03690303907380608,0.06801736613603473,0.03183791606367583,0.2901591895803184,0.009406657018813314,0.0,0.15195369030390737,0.0,Булычев,Миллион приключений
0.03951774949765573,0.06831882116543872,0.061620897521768254,0.010046885465505693,0.03014065639651708,0.020763563295378432,0.0006697923643670462,0.15472203616878769,0.003348961821835231,0.04420629604822505,0.07903549899531145,0.03884795713328868,0.260549229738781,0.02277294038847957,0.0,0.16543871399866042,0.0,Булычев,Миллион приключений
0.05223410950283197,0.06733794839521712,0.051604782882315924,0.008181246066708621,0.037130270610446825,0.027690371302706105,0.0012586532410320957,0.13908118313404658,0.004405286343612335,0.045940843297671494,0.08432976714915041,0.03146633102580239,0.2674638137193203,0.022655758338577723,0.0,0.1592196349905601,0.0,Булычев,Миллион приключений
0.04367934224049332,0.08119218910585817,0.05498458376156218,0.009249743062692703,0.04316546762589928,0.020554984583761562,0.0005138746145940391,0.17420349434737925,0.003083247687564234,0.030318602261048305,0.08530318602261049,0.03545734840698869,0.2528263103802672,0.022610483042137718,0.0,0.14285714285714285,0.0,Булычев,Древние тайны
0.040229885057471264,0.05962643678160919,0.05316091954022988,0.010775862068965518,0.023706896551724137,0.02586206896551724,0.0035919540229885057,0.1221264367816092,0.0028735632183908046,0.036637931034482756,0.09123563218390805,0.040229885057471264,0.32471264367816094,0.016522988505747127,0.0,0.14870689655172414,0.0,Булычев,Миллион приключений
0.04946236559139785,0.06451612903225806,0.06075268817204301,0.010752688172043012,0.03924731182795699,0.01989247311827957,0.0,0.15,0.003763440860215054,0.04247311827956989,0.08655913978494624,0.03225806451612903,0.2639784946236559,0.030107526881720432,0.0,0.14623655913978495,0.0,Булычев,Древние тайны
0.040273037542662114,0.05597269624573379,0.06143344709897611,0.00477815699658703,0.032764505119453925,0.011604095563139932,0.0034129692832764505,0.16382252559726962,0.004095563139931741,0.042320819112627986,0.07781569965870307,0.033447098976109216,0.29215017064846416,0.010238907849829351,0.0,0.1658703071672355,0.0,Булычев,Миллион приключений
0.06731391585760518,0.06666666666666667,0.045307443365695796,0.006472491909385114,0.03300970873786408,0.02330097087378641,0.0012944983818770227,0.19805825242718447,0.008414239482200648,0.0343042071197411,0.0627831715210356,0.01488673139158576,0.283495145631068,0.012944983818770227,0.0,0.141747572815534,0.0,Булычев,Миллион приключений
0.050892267019167214,0.0806345009914078,0.051553205551883675,0.011896893588896233,0.029081295439524125,0.019167217448777262,0.0019828155981493722,0.16060806345009915,0.003304692663582287,0.0356906807666887,0.08592200925313946,0.027098479841374753,0.2762723066754792,0.013879709187045605,0.0,0.1520158625247852,0.0,Булычев,Миллион приключений
0.05963590709353421,0.064030131826742,0.0583804143126177,0.010671688637790333,0.038292529817953544,0.01820464532328939,0.0006277463904582549,0.1475204017576899,0.0018832391713747645,0.05398618957940992,0.09478970495919649,0.03452605147520402,0.2517263025737602,0.018832391713747645,0.0,0.14689265536723164,0.0,Булычев,Миллион приключений
0.05135520684736091,0.08559201141226819,0.056348074179743225,0.011412268188302425,0.03566333808844508,0.012838801711840228,0.0014265335235378032,0.1797432239657632,0.006419400855920114,0.02211126961483595,0.06704707560627675,0.037089871611982884,0.26105563480741795,0.012125534950071327,0.0,0.15977175463623394,0.0,Булычев,Миллион приключений
0.03681392235609103,0.07228915662650602,0.07028112449799197,0.011378848728246318,0.03346720214190094,0.0214190093708166,0.0,0.1746987951807229,0.004016064257028112,0.04350736278447122,0.06224899598393574,0.040160642570281124,0.2362784471218206,0.029451137884872823,0.0,0.1639892904953146,0.0,Булычев,Миллион приключений
0.04706504494976203,0.06504494976203067,0.05658381808566896,0.01110523532522475,0.048122686409307246,0.026969857218402962,0.005288207297726071,0.15494447382337387,0.007403490216816499,0.03966155473294553,0.08302485457429931,0.02749867794817557,0.2464304600740349,0.02168164992067689,0.0,0.15917503966155475,0.0,Булычев,Древние тайны
0.049432197728790914,0.07348029392117568,0.052772211088844355,0.009352037408149633,0.04074816299265197,0.026052104208416832,0.0013360053440213762,0.16499665998663995,0.008016032064128256,0.0447561790247161,0.08884435537742151,0.02404809619238477,0.26586506346025385,0.01002004008016032,0.0,0.1402805611222445,0.0,Булычев,Миллион приключений
0.06146408839779006,0.09116022099447514,0.04696132596685083,0.007596685082872928,0.034530386740331494,0.011049723756906077,0.0006906077348066298,0.17748618784530387,0.009668508287292817,0.03522099447513812,0.06698895027624309,0.028314917127071824,0.26588397790055246,0.013121546961325966,0.0,0.14986187845303867,0.0,Булычев,Миллион приключений
0.035486160397444996,0.05961674946770759,0.0631653655074521,0.007806955287437899,0.0234208658623137,0.0106458481192335,0.0014194464158978,0.12916962384669978,0.0056777856635912,0.048970901348474094,0.09865152590489709,0.0347764371894961,0.28246983676366216,0.018452803406671398,0.0,0.18026969481902058,0.0,Булычев,Миллион приключений
0.04445876288659794,0.07280927835051547,0.041237113402061855,0.007087628865979381,0.037371134020618556,0.02384020618556701,0.0,0.1958762886597938,0.003865979381443299,0.05025773195876289,0.07860824742268041,0.013530927835051547,0.25708762886597936,0.01675257731958763,0.0,0.15721649484536082,0.0,Булычев,Миллион приключений
0.05562579013906448,0.05941845764854614,0.05436156763590392,0.012010113780025285,0.03729456384323641,0.028445006321112517,0.0018963337547408343,0.14222503160556257,0.0037926675094816687,0.05309734513274336,0.07964601769911504,0.025916561314791402,0.2724399494310999,0.01643489254108723,0.0,0.15739570164348926,0.0,Булычев,Миллион приключений
0.057971014492753624,0.05850778314546431,0.062265163714439076,0.00966183574879227,0.04669887278582931,0.02576489533011272,0.0005367686527106817,0.15136876006441224,0.0021470746108427268,0.04294149221685454,0.08105206655931294,0.03650026838432636,0.24798711755233493,0.027911969940955447,0.0,0.14868491680085882,0.0,Булычев,Древние тайны
0.03747397640527411,0.06870229007633588,0.06800832755031229,0.009021512838306732,0.03539208882720333,0.021512838306731435,0.0,0.1707147814018043,0.002775850104094379,0.04233171408743928,0.06939625260235947,0.03539208882720333,0.24635669673837612,0.0263705759888966,0.0,0.16655100624566274,0.0,Булычев,Миллион приключений
0.06178643384822028,0.07790463398253862,0.05305574210879785,0.013431833445265278,0.0335795836131632,0.012760241773002015,0.001343183344526528,0.1605104096709201,0.005372733378106112,0.03290799194089993,0.06984553391537945,0.040295500335795834,0.26662189388851576,0.01544660846205507,0.0,0.15513767629281397,0.0,Булычев,Миллион приключений
0.05220125786163522,0.06037735849056604,0.0559748427672956,0.011320754716981131,0.03773584905660377,0.028930817610062894,0.0012578616352201257,0.1339622641509434,0.0037735849056603774,0.05660377358490566,0.08993710691823899,0.027672955974842768,0.2660377358490566,0.018867924528301886,0.0,0.15534591194968553,0.0,Булычев,Миллион приключений
0.046052631578947366,0.08364661654135339,0.05545112781954887,0.010338345864661654,0.04182330827067669,0.019736842105263157,0.00046992481203007516,0.17575187969924813,0.002819548872180451,0.029605263157894735,0.08740601503759399,0.03289473684210526,0.24201127819548873,0.02819548872180451,0.0,0.143796992481203,0.0,Булычев,Древние тайны
0.035886818495514144,0.055900621118012424,0.043478260869565216,0.00966183574879227,0.03450655624568668,0.028295376121463076,0.0,0.18564527260179434,0.0013802622498274672,0.05521048999309869,0.0841959972394755,0.010351966873706004,0.29261559696342304,0.00966183574879227,0.0,0.15320910973084886,0.0,Булычев,Миллион приключений
0.06490066225165562,0.07019867549668875,0.048344370860927154,0.005960264900662252,0.027152317880794703,0.026490066225165563,0.0013245033112582781,0.17483443708609273,0.009271523178807948,0.05099337748344371,0.07682119205298013,0.011920529801324504,0.2867549668874172,0.013245033112582781,0.0,0.13112582781456952,0.0006622516556291391,Булычев,Миллион приключений
0.052805280528052806,0.06545654565456546,0.057755775577557754,0.009900990099009901,0.036303630363036306,0.017051705170517052,0.0,0.15951595159515952,0.0088008800880088,0.0407040704070407,0.08360836083608361,0.0187018701870187,0.24917491749174916,0.033003300330033,0.0,0.16721672167216722,0.0,Булычев,Древние тайны
0.059335038363171354,0.0782608695652174,0.061892583120204604,0.009207161125319692,0.03631713554987212,0.021994884910485932,0.0,0.20051150895140665,0.009718670076726343,0.030690537084398978,0.05421994884910486,0.04757033248081841,0.230690537084399,0.018414322250639385,0.0,0.1411764705882353,0.0,Булычев,Миллион приключений
0.05689993459777633,0.06932635709614127,0.061478090255068674,0.013734466971877043,0.03989535644211903,0.009156311314584695,0.0013080444735120995,0.18312622629169392,0.010464355788096796,0.04316546762589928,0.052321778940483975,0.03597122302158273,0.25049051667756705,0.01896664486592544,0.0,0.15369522563767168,0.0,Булычев,Миллион приключений
0.056041131105398455,0.0596401028277635,0.06375321336760925,0.010796915167095116,0.042673521850899745,0.02313624678663239,0.0,0.16555269922879176,0.007712082262210797,0.04010282776349614,0.0781491002570694,0.032390745501285345,0.2493573264781491,0.02673521850899743,0.0,0.14395886889460155,0.0,Булычев,Древние тайны
0.04641638225255973,0.07986348122866894,0.05460750853242321,0.010921501706484642,0.032081911262798635,0.018430034129692834,0.0020477815699658703,0.15699658703071673,0.0027303754266211604,0.03890784982935153,0.08532423208191127,0.025255972696245733,0.27781569965870306,0.014334470989761093,0.0,0.15426621160409557,0.0,Булычев,Миллион приключений
0.056291390728476824,0.07019867549668875,0.05231788079470199,0.009933774834437087,0.039735099337748346,0.02052980132450331,0.0026490066225165563,0.16490066225165562,0.004635761589403974,0.025165562913907286,0.09403973509933775,0.03708609271523179,0.24701986754966887,0.01390728476821192,0.0,0.16158940397350993,0.0,Булычев,Тайна третьей планеты
0.06508549365692223,0.09045780474351903,0.05405405405405406,0.009376723662437948,0.04522890237175951,0.015444015444015444,0.0005515719801434088,0.190292333149476,0.00827357970215113,0.03033645890788748,0.06232763375620518,0.03750689464975179,0.21952564809707667,0.01654715940430226,0.0,0.15499172642029785,0.0,Булычев,Миллион приключений
0.05974652987326494,0.08509354254677128,0.044055522027761015,0.010863005431502716,0.02595051297525649,0.02112251056125528,0.0012070006035003018,0.15027157513578757,0.008449004224502113,0.03138201569100785,0.07604103802051901,0.04888352444176222,0.26614363307181654,0.023536511768255886,0.0,0.14725407362703682,0.0,Булычев,Миллион приключений
0.06419895893580103,0.07403123192596876,0.05147484094852516,0.013302486986697512,0.038750722961249276,0.032388663967611336,0.002313475997686524,0.17813765182186234,0.004626951995373048,0.042799305957200696,0.0803932909196067,0.019664545980335454,0.21804511278195488,0.022556390977443608,0.0,0.15731636784268363,0.0,Булычев,Древние тайны
0.04594767070835992,0.06445437141033823,0.05232929164007658,0.01021059349074665,0.03956604977664327,0.02169751116783663,0.0006381620931716656,0.13529036375239312,0.0019144862795149968,0.041480536056158264,0.08104658583280153,0.04658583280153159,0.27696234843650286,0.01914486279514997,0.0,0.16273133375877472,0.0,Булычев,Миллион приключений
0.04571135079609656,0.07550077041602465,0.05290190035952748,0.007704160246533128,0.030816640986132512,0.01746276322547509,0.0,0.1376476630713919,0.004108885464817668,0.02773497688751926,0.09142270159219312,0.06420133538777606,0.2593733949666153,0.023112480739599383,0.0,0.1623009758602979,0.0,Булычев,Древние тайны
0.056061332055582176,0.0819357930043124,0.052228078581696216,0.008624820316243412,0.05174892189746047,0.022041207474844275,0.0,0.18207954000958312,0.007187350263536177,0.03449928126497365,0.06947771921418304,0.04312410158121706,0.19405845711547676,0.02731193100143747,0.0,0.16962146621945376,0.0,Булычев,Древние тайны
0.03204172876304024,0.07004470938897168,0.05663189269746647,0.009687034277198211,0.027570789865871834,0.01639344262295082,0.0007451564828614009,0.12742175856929955,0.0022354694485842027,0.039493293591654245,0.09687034277198212,0.05588673621460507,0.2786885245901639,0.021609538002980627,0.0,0.1646795827123696,0.0,Булычев,Миллион приключений
0.04100227790432802,0.06681852695520121,0.05694760820045558,0.008352315869400152,0.030372057706909643,0.009111617312072893,0.0015186028853454822,0.1442672741078208,0.0037965072133637054,0.040242976461655276,0.09111617312072894,0.031131359149582385,0.30296127562642367,0.009870918754745633,0.0,0.1624905087319666,0.0,Булычев,Миллион приключений
0.03773584905660377,0.06831489915419649,0.0468445022771633,0.003903708523096942,0.03383214053350683,0.024072869225764477,0.002602472348731295,0.15289525048796357,0.0032530904359141183,0.029277813923227064,0.09954456733897202,0.018217306441119064,0.2973324658425504,0.02081977878985036,0.0,0.16135328562134027,0.0,Булычев,Миллион приключений
0.05608028335301062,0.06847697756788666,0.05667060212514758,0.01357733175914994,0.03778040141676505,0.024793388429752067,0.0,0.15820543093270367,0.006493506493506494,0.04014167650531287,0.08323494687131051,0.02833530106257379,0.24380165289256198,0.024203069657615112,0.0,0.15820543093270367,0.0,Булычев,Миллион приключений
0.05789473684210526,0.07953216374269007,0.056140350877192984,0.00760233918128655,0.043859649122807015,0.011111111111111112,0.0,0.18011695906432748,0.004678362573099415,0.02982456140350877,0.07777777777777778,0.04093567251461988,0.22690058479532163,0.017543859649122806,0.0,0.16608187134502925,0.0,Булычев,Тайна третьей планеты
0.05307262569832402,0.0670391061452514,0.04818435754189944,0.004888268156424581,0.037011173184357544,0.02164804469273743,0.0006983240223463687,0.1585195530726257,0.006983240223463687,0.04958100558659218,0.08659217877094973,0.020251396648044692,0.2814245810055866,0.01047486033519553,0.0,0.15363128491620112,0.0,Булычев,Миллион приключений
0.05157766990291262,0.06674757281553398,0.054004854368932036,0.012135922330097087,0.035800970873786406,0.02366504854368932,0.0,0.154126213592233,0.0054611650485436895,0.03822815533980582,0.08677184466019418,0.028519417475728157,0.25606796116504854,0.024271844660194174,0.0,0.16262135922330098,0.0,Булычев,Миллион приключений
0.05860805860805861,0.06331763474620618,0.058084772370486655,0.014652014652014652,0.03610675039246468,0.02197802197802198,0.0010465724751439038,0.16378859236002094,0.00837257980115123,0.041339612768184195,0.08320251177394035,0.013605442176870748,0.24856096284667714,0.0282574568288854,0.0,0.15907901622187337,0.0,Булычев,Древние тайны
0.07458405048766495,0.07860011474469306,0.04876649454962708,0.010327022375215147,0.04647160068846816,0.022375215146299483,0.0011474469305794606,0.2019506597819851,0.013769363166953529,0.03442340791738382,0.04417670682730924,0.03384968445209409,0.24039013195639702,0.01606425702811245,0.0,0.13310384394721744,0.0,Булычев,Кладезь мудрости
0.053854875283446714,0.08163265306122448,0.05442176870748299,0.00963718820861678,0.036281179138321996,0.01473922902494331,0.0005668934240362812,0.1899092970521542,0.01020408163265306,0.032879818594104306,0.06065759637188209,0.027210884353741496,0.24263038548752835,0.023242630385487528,0.0,0.1621315192743764,0.0,Булычев,Миллион приключений
0.05339554173146708,0.06791083462934162,0.060653188180404355,0.00933125972006221,0.044582685329186106,0.012960082944530845,0.0,0.16588906168999482,0.002073613271124935,0.0383618455158113,0.07568688439606014,0.01866251944012442,0.25298081907724207,0.029548989113530325,0.0,0.16796267496111975,0.0,Булычев,Древние тайны
0.03770739064856712,0.06485671191553545,0.05429864253393665,0.006787330316742082,0.032428355957767725,0.00980392156862745,0.0022624434389140274,0.16289592760180996,0.0030165912518853697,0.03167420814479638,0.07767722473604827,0.032428355957767725,0.2956259426847662,0.01282051282051282,0.0,0.17571644042232276,0.0,Булычев,Миллион приключений
0.06338028169014084,0.06690140845070422,0.06438631790744467,0.011569416498993963,0.0437625754527163,0.02062374245472837,0.0,0.16247484909456741,0.005030181086519115,0.043259557344064385,0.08148893360160966,0.015090543259557344,0.23390342052313884,0.023641851106639838,0.0,0.16448692152917505,0.0,Булычев,Древние тайны
0.05603230691569914,0.05603230691569914,0.06007067137809187,0.01817264008076729,0.038869257950530034,0.023725391216557295,0.0020191822311963654,0.15850580514891469,0.008581524482584554,0.03937405350832913,0.08480565371024736,0.01817264008076729,0.24482584553255932,0.034326097930338216,0.0,0.15648662291771834,0.0,Булычев,Древние тайны
0.043712574850299404,0.07305389221556886,0.0658682634730539,0.0023952095808383233,0.04251497005988024,0.02215568862275449,0.0,0.14550898203592813,0.007784431137724551,0.037125748502994015,0.09520958083832336,0.019161676646706587,0.27005988023952093,0.019161676646706587,0.0,0.1562874251497006,0.0,Булычев,Древние тайны
0.06727037516170763,0.06597671410090557,0.045278137128072445,0.00646830530401035,0.03169469598965071,0.02328589909443726,0.00129366106080207,0.1979301423027167,0.008408796895213453,0.03557567917205692,0.06144890038809832,0.015523932729624839,0.2846054333764554,0.013583441138421734,0.0,0.14165588615782665,0.0,Булычев,Миллион приключений
0.06422651933701658,0.06975138121546962,0.04903314917127072,0.0055248618784530384,0.026933701657458564,0.027624309392265192,0.0013812154696132596,0.17058011049723756,0.007596685082872928,0.05110497237569061,0.08011049723756906,0.013121546961325966,0.2886740331491713,0.013812154696132596,0.0,0.1298342541436464,0.0006906077348066298,Булычев,Миллион приключений
0.052257737189244036,0.06494165398274987,0.06037544393708777,0.010147133434804667,0.04058853373921867,0.018772196854388634,0.0,0.1582952815829528,0.005580923389142567,0.0426179604261796,0.07864028411973617,0.033992897006595635,0.2567224759005581,0.030441400304414,0.0,0.14662607813292744,0.0,Булычев,Древние тайны
0.037138927097661624,0.06671251719394773,0.059147180192572216,0.007565337001375516,0.028198074277854195,0.017881705639614855,0.000687757909215956,0.14924346629986246,0.002751031636863824,0.041953232462173314,0.08528198074277854,0.03851444291609354,0.27097661623108665,0.024759284731774415,0.0,0.16918844566712518,0.0,Булычев,Миллион приключений
0.04533152909336942,0.07171853856562922,0.04803788903924222,0.008119079837618403,0.039918809201623814,0.012855209742895805,0.0006765899864682003,0.16914749661705006,0.005412719891745603,0.037889039242219216,0.08660351826792964,0.04803788903924222,0.23410013531799728,0.02368064952638701,0.0,0.16847090663058187,0.0,Булычев,Тайна третьей планеты
0.05918141592920354,0.08241150442477876,0.04092920353982301,0.009402654867256638,0.03871681415929203,0.016592920353982302,0.0,0.1698008849557522,0.007190265486725664,0.03152654867256637,0.06471238938053098,0.056969026548672565,0.24280973451327434,0.016592920353982302,0.0,0.16316371681415928,0.0,Булычев,Миллион приключений
0.060503059143439834,0.08769544527532291,0.04826648538409246,0.006798096532970768,0.038069340584636305,0.010197144799456152,0.0006798096532970768,0.18014955812372535,0.008157715839564922,0.03535010197144799,0.06458191706322229,0.03127124405166554,0.26308633582596874,0.014276002719238613,0.0,0.15091774303195105,0.0,Булычев,Миллион приключений
0.054104477611940295,0.07213930348258707,0.046019900497512436,0.008706467661691543,0.025497512437810944,0.023009950248756218,0.0006218905472636816,0.16417910447761194,0.003109452736318408,0.03109452736318408,0.0914179104477612,0.02736318407960199,0.2848258706467662,0.01616915422885572,0.0,0.1517412935323383,0.0,Булычев,Миллион приключений
0.06,0.07548387096774194,0.04838709677419355,0.014838709677419355,0.03354838709677419,0.025161290322580646,0.0012903225806451613,0.16709677419354838,0.005161290322580645,0.043225806451612905,0.07806451612903226,0.02129032258064516,0.26645161290322583,0.02193548387096774,0.0,0.13806451612903226,0.0,Булычев,Миллион приключений
0.054342552159146046,0.06938379427462397,0.05482775351770985,0.006307617661329452,0.03784570596797671,0.02911208151382824,0.00048520135856380397,0.12760795730228044,0.009218825812712276,0.041242115477923336,0.09218825812712275,0.051431344007763224,0.2586123241145075,0.021834061135371178,0.0,0.14556040756914118,0.0,Булычев,Древние тайны
0.06531284302963776,0.07848518111964874,0.04171240395170143,0.009879253567508232,0.03951701427003293,0.020856201975850714,0.0005488474204171241,0.16630076838638858,0.007135016465422613,0.031833150384193196,0.06256860592755215,0.05653128430296377,0.24039517014270034,0.01756311745334797,0.0,0.16136114160263446,0.0,Булычев,Миллион приключений
0.05704697986577181,0.07622243528283797,0.05225311601150527,0.011505273250239693,0.0488974113135187,0.020134228187919462,0.00047938638542665386,0.15196548418024927,0.010067114093959731,0.037392138063279005,0.07670182166826463,0.05417066155321189,0.2152444870565676,0.02205177372962608,0.0,0.16586768935762225,0.0,Булычев,Древние тайны
0.054878048780487805,0.07621951219512195,0.041463414634146344,0.00853658536585366,0.03048780487804878,0.020121951219512196,0.0012195121951219512,0.17621951219512194,0.00426829268292683,0.03353658536585366,0.08353658536585366,0.029878048780487804,0.27134146341463417,0.012195121951219513,0.0,0.15609756097560976,0.0,Булычев,Миллион приключений
0.05780730897009967,0.07043189368770764,0.05116279069767442,0.0106312292358804,0.038538205980066444,0.025913621262458473,0.00132890365448505,0.16345514950166112,0.005980066445182724,0.03920265780730897,0.08172757475083056,0.020598006644518274,0.2744186046511628,0.017940199335548173,0.0,0.14086378737541527,0.0,Булычев,Миллион приключений
0.05953533397870281,0.06921587608906099,0.0590513068731849,0.013068731848983543,0.03920619554695063,0.022265246853823813,0.000484027105517909,0.15150048402710553,0.006776379477250726,0.03630203291384317,0.08373668925459826,0.02420135527589545,0.24830590513068732,0.032429816069699906,0.0,0.15392061955469508,0.0,Булычев,Древние тайны
0.07052752293577981,0.08371559633027523,0.058486238532110095,0.010894495412844037,0.04415137614678899,0.014908256880733946,0.0005733944954128441,0.18463302752293578,0.010321100917431193,0.03555045871559633,0.06594036697247706,0.03096330275229358,0.2190366972477064,0.016628440366972478,0.0,0.1536697247706422,0.0,Булычев,Миллион приключений
0.05255402750491159,0.0825147347740668,0.05550098231827112,0.008349705304518664,0.04174852652259332,0.015717092337917484,0.0,0.20088408644400785,0.01031434184675835,0.032907662082514735,0.04911591355599214,0.054027504911591355,0.22986247544204322,0.019646365422396856,0.0,0.1468565815324165,0.0,Булычев,Миллион приключений
0.04926686217008798,0.06803519061583578,0.04985337243401759,0.007624633431085044,0.03695014662756598,0.015835777126099706,0.002346041055718475,0.1718475073313783,0.008211143695014663,0.03519061583577713,0.06803519061583578,0.04105571847507331,0.26392961876832843,0.015249266862170088,0.0,0.16656891495601173,0.0,Булычев,Миллион приключений
0.04776119402985075,0.06208955223880597,0.05014925373134328,0.006567164179104477,0.02626865671641791,0.023880597014925373,0.0,0.10328358208955224,0.004776119402985075,0.04,0.10029850746268656,0.0626865671641791,0.29014925373134326,0.019701492537313434,0.0,0.16238805970149253,0.0,Булычев,Древние тайны
0.04897314375987362,0.06635071090047394,0.06055818852027383,0.010531858873091101,0.04107424960505529,0.018957345971563982,0.0,0.15165876777251186,0.003686150605581885,0.04160084254870985,0.08530805687203792,0.03370194839389152,0.2601369141653502,0.031068983675618746,0.0,0.1463928383359663,0.0,Булычев,Древние тайны
0.055204140310523286,0.07705577918343876,0.044853364002300174,0.009200690051753882,0.039102932719954,0.020701552616446232,0.0005750431282346176,0.20701552616446234,0.0040253018976423235,0.030477285796434734,0.06900517538815411,0.02127659574468085,0.24036802760207016,0.01897642323174238,0.0,0.16216216216216217,0.0,Булычев,Миллион приключений
0.05285118219749652,0.06606397774687066,0.04937413073713491,0.004867872044506259,0.0368567454798331,0.02086230876216968,0.0006954102920723226,0.1564673157162726,0.006954102920723227,0.048678720445062586,0.08831710709318498,0.021557719054242003,0.2816411682892907,0.01043115438108484,0.0,0.15438108484005564,0.0,Булычев,Миллион приключений
0.058666666666666666,0.07266666666666667,0.04466666666666667,0.008,0.038,0.02,0.0006666666666666666,0.16466666666666666,0.002,0.04933333333333333,0.07533333333333334,0.022,0.2733333333333333,0.013333333333333334,0.0,0.15733333333333333,0.0,Булычев,Миллион приключений
0.0456953642384106,0.06026490066225165,0.06225165562913907,0.010596026490066225,0.033112582781456956,0.02913907284768212,0.0013245033112582781,0.1291390728476821,0.006622516556291391,0.06158940397350993,0.09403973509933775,0.026490066225165563,0.26887417218543047,0.019205298013245033,0.0,0.15165562913907285,0.0,Булычев,Миллион приключений
0.06345848757271286,0.06874669487043893,0.05711263881544157,0.008989952406134321,0.03913273400317292,0.016922263352723427,0.0005288207297726071,0.1417239555790587,0.01269169751454257,0.03437334743521946,0.07191961924907457,0.06504494976203067,0.25013220518244317,0.023268112109994712,0.0,0.14595452141723955,0.0,Булычев,Древние тайны
0.06181455633100698,0.06480558325024925,0.06580259222333001,0.010967098703888335,0.0448654037886341,0.019940179461615155,0.0,0.16550348953140578,0.003988035892323031,0.04187437686939183,0.07876370887337986,0.015453639082751745,0.23180458624127617,0.0259222333000997,0.0,0.16849451645064806,0.0,Булычев,Древние тайны
0.06401209677419355,0.0655241935483871,0.0655241935483871,0.012096774193548387,0.043850806451612906,0.02066532258064516,0.0,0.16078629032258066,0.005040322580645161,0.04334677419354839,0.08316532258064516,0.014616935483870967,0.234375,0.023185483870967742,0.0,0.16381048387096775,0.0,Булычев,Древние тайны
0.048833423765599564,0.05588714053174173,0.05968529571351058,0.015735214324470972,0.03689636462289745,0.024959305480195332,0.002170374389582203,0.138903960933261,0.008138903960933261,0.04395008138903961,0.10472056429734129,0.020618556701030927,0.24742268041237114,0.031470428648941944,0.0,0.16060770482908301,0.0,Булычев,Древние тайны
0.046218487394957986,0.0661764705882353,0.05934873949579832,0.006827731092436975,0.04411764705882353,0.019432773109243698,0.0015756302521008404,0.16334033613445378,0.008928571428571428,0.04411764705882353,0.08823529411764706,0.02888655462184874,0.24737394957983194,0.020483193277310924,0.0,0.15493697478991597,0.0,Булычев,Древние тайны
0.04590818363273453,0.059214903526280775,0.05854956753160346,0.003992015968063872,0.033932135728542916,0.015968063872255488,0.00332667997338656,0.17964071856287425,0.003992015968063872,0.033932135728542916,0.07252162341982701,0.029940119760479042,0.27944111776447106,0.011976047904191617,0.0,0.16766467065868262,0.0,Булычев,Миллион приключений
0.06560088202866593,0.07717750826901874,0.04244762954796031,0.009371554575523704,0.040793825799338476,0.023704520396912898,0.0005512679162072767,0.17144432194046305,0.007717750826901874,0.030871003307607496,0.061190738699007714,0.054575523704520394,0.23539140022050717,0.018743109151047408,0.0,0.16041896361631752,0.0,Булычев,Миллион приключений
0.05555555555555555,0.06060606060606061,0.05723905723905724,0.010662177328843996,0.04769921436588103,0.025813692480359147,0.0005611672278338945,0.15937149270482603,0.003367003367003367,0.0409652076318743,0.07968574635241302,0.03647586980920314,0.25084175084175087,0.025252525252525252,0.0,0.14590347923681257,0.0,Булычев,Древние тайны
0.050473186119873815,0.06887486855941115,0.06361724500525763,0.008412197686645636,0.03627760252365931,0.024710830704521555,0.0005257623554153522,0.17875920084121977,0.007360672975814932,0.035226077812828605,0.0793901156677182,0.017350157728706624,0.2455310199789695,0.025236593059936908,0.0,0.15825446898002102,0.0,Булычев,Древние тайны
0.07356671740233384,0.07711821410451547,0.0532724505327245,0.0106544901065449,0.04058853373921867,0.021816336884830034,0.0,0.17909690512430237,0.0076103500761035,0.0380517503805175,0.06950786402841197,0.032470826991374935,0.21562658548959918,0.026889903602232368,0.0,0.1537290715372907,0.0,Булычев,Миллион приключений
0.0447354064375341,0.06819421713038734,0.049099836333878884,0.00872885979268958,0.028914348063284235,0.019639934533551555,0.0,0.11783960720130933,0.004909983633387889,0.031642116748499725,0.09765411893071467,0.07037643207855974,0.2722313147845063,0.023458810692853247,0.0,0.1625750136388434,0.0,Булычев,Древние тайны
0.05773809523809524,0.07857142857142857,0.05952380952380952,0.011904761904761904,0.030357142857142857,0.010714285714285714,0.0011904761904761906,0.1523809523809524,0.004166666666666667,0.034523809523809526,0.07142857142857142,0.05416666666666667,0.26071428571428573,0.017261904761904763,0.0,0.15535714285714286,0.0,Булычев,Миллион приключений
0.046284224250325946,0.06910039113428944,0.048239895697522815,0.00847457627118644,0.027379400260756193,0.016297262059973925,0.000651890482398957,0.16558018252933507,0.001955671447196871,0.030638852672750978,0.07822685788787484,0.02998696219035202,0.29595827900912647,0.010430247718383311,0.0,0.17014341590612778,0.000651890482398957,Булычев,Миллион приключений
0.0415065334358186,0.06533435818601076,0.05764796310530361,0.007686395080707148,0.029208301306687164,0.009223674096848577,0.0015372790161414297,0.13912375096079937,0.003843197540353574,0.04073789392774789,0.09146810146041506,0.03228285933897002,0.30822444273635663,0.009223674096848577,0.0,0.16295157571099156,0.0,Булычев,Миллион приключений
0.05915100904662491,0.07863604732080724,0.04662491301322199,0.006958942240779402,0.038274182324286705,0.009742519137091163,0.0006958942240779402,0.16701461377870563,0.008350730688935281,0.03897007654836465,0.07306889352818371,0.031315240083507306,0.27696590118302017,0.013221990257480862,0.0,0.15100904662491302,0.0,Булычев,Миллион приключений
0.04111405835543767,0.058355437665782495,0.07161803713527852,0.011273209549071617,0.03912466843501326,0.01790450928381963,0.001326259946949602,0.12798408488063662,0.002652519893899204,0.03978779840848806,0.08090185676392574,0.04840848806366048,0.28315649867374004,0.015915119363395226,0.0,0.16047745358090185,0.0,Булычев,Миллион приключений
0.04335260115606936,0.07442196531791907,0.04841040462427745,0.0072254335260115606,0.036127167630057806,0.015173410404624277,0.0,0.13872832369942195,0.0036127167630057803,0.04696531791907514,0.08598265895953758,0.039739884393063585,0.28684971098265893,0.015173410404624277,0.0,0.15823699421965318,0.0,Булычев,Миллион приключений
0.053729456384323644,0.0777496839443742,0.04108723135271808,0.006321112515802781,0.02402022756005057,0.01706700379266751,0.0012642225031605564,0.13716814159292035,0.008849557522123894,0.02970922882427307,0.08596713021491782,0.06005056890012642,0.2831858407079646,0.01643489254108723,0.0,0.15739570164348926,0.0,Булычев,Миллион приключений
0.045283018867924525,0.0729559748427673,0.04213836477987421,0.010062893081761006,0.035849056603773584,0.021383647798742137,0.0,0.14276729559748427,0.006289308176100629,0.03522012578616352,0.09559748427672957,0.04465408805031446,0.27358490566037735,0.01949685534591195,0.0,0.15471698113207547,0.0,Булычев,Миллион приключений
0.047919957872564506,0.06477093206951026,0.05950500263296472,0.006845708267509215,0.044233807266982623,0.018957345971563982,0.001579778830963665,0.16219062664560294,0.008952080042127435,0.04370721432332807,0.08846761453396525,0.02948920484465508,0.24907846234860453,0.020537124802527645,0.0,0.15376513954713006,0.0,Булычев,Древние тайны
0.04571026722925457,0.07665260196905767,0.04852320675105485,0.009845288326300985,0.03305203938115331,0.017580872011251757,0.002109704641350211,0.1540084388185654,0.0035161744022503515,0.04571026722925457,0.09142053445850915,0.02180028129395218,0.27918424753867793,0.012658227848101266,0.0,0.15822784810126583,0.0,Булычев,Миллион приключений
0.03353204172876304,0.06184798807749627,0.06259314456035768,0.00819672131147541,0.027570789865871834,0.010432190760059613,0.0007451564828614009,0.15052160953800298,0.005216095380029807,0.045454545454545456,0.08420268256333831,0.040238450074515646,0.2697466467958271,0.01713859910581222,0.0,0.1825633383010432,0.0,Булычев,Миллион приключений
0.06245847176079734,0.07043189368770764,0.04916943521594684,0.009966777408637873,0.03255813953488372,0.02458471760797342,0.00132890365448505,0.1707641196013289,0.004651162790697674,0.03986710963455149,0.08039867109634552,0.0212624584717608,0.2750830564784053,0.013289036544850499,0.0,0.14418604651162792,0.0,Булычев,Миллион приключений
0.03812316715542522,0.06085043988269795,0.054252199413489736,0.010997067448680353,0.028592375366568914,0.024193548387096774,0.001466275659824047,0.12390029325513197,0.004398826979472141,0.036656891495601175,0.09530791788856305,0.041788856304985335,0.3101173020527859,0.019794721407624633,0.0,0.1495601173020528,0.0,Булычев,Миллион приключений
0.06278252134605726,0.07734806629834254,0.06177800100452034,0.007533902561526871,0.03817177297840281,0.021597187343043698,0.0,0.19839276745354092,0.011551983927674536,0.030135610246107485,0.055248618784530384,0.04269211451531894,0.23154193872425916,0.023103967855349072,0.0,0.13812154696132597,0.0,Булычев,Миллион приключений
0.04463586530931871,0.05559906029757244,0.04306969459671104,0.01331245105716523,0.025841816758026624,0.014878621769772905,0.0,0.1456538762725137,0.003915426781519186,0.04541895066562255,0.08927173061863743,0.03837118245888802,0.3014878621769773,0.018794048551292093,0.0,0.15974941268598278,0.0,Булычев,Миллион приключений
0.06725146198830409,0.0824561403508772,0.05146198830409357,0.004678362573099415,0.03625730994152047,0.016374269005847954,0.0017543859649122807,0.20350877192982456,0.009941520467836258,0.031578947368421054,0.05087719298245614,0.05146198830409357,0.2415204678362573,0.010526315789473684,0.0,0.13976608187134504,0.0005847953216374269,Булычев,Кладезь мудрости
0.050516023900054316,0.0706137968495383,0.06137968495382944,0.011950027159152634,0.03910917979359044,0.017381857686040194,0.0005431830526887561,0.14285714285714285,0.011406844106463879,0.03802281368821293,0.07604562737642585,0.047256925583921784,0.2487778381314503,0.030418250950570342,0.0,0.15372080391091797,0.0,Булычев,Древние тайны
0.06149870801033592,0.07493540051679587,0.059948320413436694,0.007751937984496124,0.03979328165374677,0.025322997416020673,0.0,0.19534883720930232,0.011886304909560724,0.028940568475452195,0.05219638242894057,0.03617571059431524,0.2434108527131783,0.022739018087855296,0.0,0.1400516795865633,0.0,Булычев,Миллион приключений
0.05273833671399594,0.06744421906693712,0.06795131845841786,0.008113590263691683,0.03701825557809331,0.02738336713995943,0.0,0.1663286004056795,0.008113590263691683,0.04056795131845842,0.07505070993914807,0.016734279918864097,0.24442190669371197,0.02484787018255578,0.0,0.16328600405679514,0.0,Булычев,Древние тайны
0.04569327731092437,0.06460084033613446,0.05777310924369748,0.007352941176470588,0.043592436974789914,0.019432773109243698,0.0015756302521008404,0.16281512605042017,0.008928571428571428,0.044642857142857144,0.09138655462184873,0.028361344537815126,0.2494747899159664,0.01995798319327731,0.0,0.15441176470588236,0.0,Булычев,Древние тайны
0.05309181761399125,0.07183010618363522,0.0655840099937539,0.011242973141786383,0.037476577139287946,0.0231105559025609,0.0006246096189881324,0.15427857589006871,0.0037476577139287947,0.04372267332916927,0.07682698313554029,0.038101186758276076,0.2504684572142411,0.016864459712679577,0.0,0.15302935665209244,0.0,Булычев,Миллион приключений
0.05328135152696556,0.06757634827810266,0.050682261208576995,0.008447043534762833,0.031189083820662766,0.023391812865497075,0.002599090318388564,0.13450292397660818,0.003898635477582846,0.042884990253411304,0.08317089018843404,0.031189083820662766,0.2826510721247563,0.021442495126705652,0.0,0.16309291747888238,0.0,Булычев,Миллион приключений
0.057803468208092484,0.08265895953757225,0.07052023121387284,0.007514450867052023,0.04161849710982659,0.02023121387283237,0.0,0.16936416184971098,0.005202312138728324,0.04450867052023121,0.08092485549132948,0.014450867052023121,0.2323699421965318,0.023121387283236993,0.0,0.14971098265895955,0.0,Булычев,Древние тайны
0.04336569579288026,0.07572815533980583,0.06019417475728155,0.011650485436893204,0.02459546925566343,0.015533980582524271,0.0006472491909385113,0.15016181229773462,0.004530744336569579,0.036245954692556634,0.08349514563106795,0.03171521035598705,0.2815533980582524,0.017475728155339806,0.0,0.16310679611650486,0.0,Булычев,Миллион приключений
0.06348448687350836,0.07875894988066826,0.04964200477326969,0.0076372315035799524,0.05489260143198091,0.02100238663484487,0.00047732696897374703,0.1775656324582339,0.0076372315035799524,0.037708830548926014,0.0730310262529833,0.04009546539379475,0.19522673031026253,0.025298329355608593,0.0,0.1675417661097852,0.0,Булычев,Древние тайны
0.05491698595146871,0.06960408684546615,0.04980842911877394,0.008939974457215836,0.030012771392081736,0.022988505747126436,0.001277139208173691,0.1673052362707535,0.0038314176245210726,0.04086845466155811,0.08748403575989783,0.01979565772669221,0.280970625798212,0.01532567049808429,0.0,0.14687100893997446,0.0,Булычев,Миллион приключений
0.03612815269256987,0.05862304021813224,0.0681663258350375,0.007498295841854124,0.03408316291751875,0.010906612133605999,0.0006816632583503749,0.125426039536469,0.0054533060668029995,0.046353101567825496,0.10020449897750511,0.0354464894342195,0.2774369461486026,0.021131561008861623,0.0,0.17246080436264485,0.0,Булычев,Миллион приключений
0.05337078651685393,0.07162921348314606,0.05407303370786517,0.0049157303370786515,0.038623595505617975,0.021067415730337078,0.0,0.16081460674157302,0.007724719101123595,0.0449438202247191,0.08848314606741572,0.021067415730337078,0.27036516853932585,0.011235955056179775,0.0,0.15168539325842698,0.0,Булычев,Миллион приключений
0.06778846153846153,0.06346153846153846,0.05576923076923077,0.010096153846153847,0.047115384615384615,0.027884615384615386,0.0009615384615384616,0.1831730769230769,0.0057692307692307696,0.04423076923076923,0.07163461538461538,0.01875,0.23221153846153847,0.021153846153846155,0.0,0.15,0.0,Булычев,Древние тайны
0.05482775351770985,0.06889859291606017,0.053372149442018436,0.005822416302765648,0.039301310043668124,0.029597282872392043,0.0009704027171276079,0.13294517224648228,0.009218825812712276,0.04027171276079573,0.08927704997573993,0.049005337214944204,0.2590975254730713,0.024260067928190198,0.0,0.14313440077632217,0.0,Булычев,Древние тайны
0.03320754716981132,0.06037735849056604,0.059622641509433964,0.009056603773584906,0.027169811320754716,0.009811320754716982,0.0007547169811320754,0.14641509433962263,0.0060377358490566035,0.04679245283018868,0.0860377358490566,0.03924528301886793,0.2739622641509434,0.018113207547169812,0.0,0.18339622641509434,0.0,Булычев,Миллион приключений
0.037138927097661624,0.05845942228335626,0.07359009628610728,0.0068775790921595595,0.03163686382393398,0.009628610729023384,0.000687757909215956,0.12242090784044017,0.005502063273727648,0.052269601100412656,0.10178817056396149,0.03370013755158184,0.2751031636863824,0.019944979367262722,0.0,0.17125171939477304,0.0,Булычев,Миллион приключений
0.05161943319838057,0.06680161943319839,0.062246963562753034,0.00708502024291498,0.04048582995951417,0.02834008097165992,0.0025303643724696357,0.15536437246963564,0.005060728744939271,0.04554655870445344,0.07135627530364372,0.020242914979757085,0.24696356275303644,0.02479757085020243,0.0,0.1715587044534413,0.0,Булычев,Древние тайны
0.04787812840043525,0.06637649619151251,0.06039173014145811,0.008161044613710556,0.041893362350380846,0.019042437431991296,0.003264417845484222,0.16050054406964093,0.006528835690968444,0.04570184983677911,0.09031556039173014,0.02720348204570185,0.24755168661588683,0.017954298150163223,0.0,0.1572361262241567,0.0,Булычев,Древние тайны
0.05301204819277108,0.06927710843373494,0.0463855421686747,0.009036144578313253,0.03674698795180723,0.023493975903614458,0.0006024096385542169,0.1572289156626506,0.004216867469879518,0.0391566265060241,0.0825301204819277,0.024096385542168676,0.2753012048192771,0.018072289156626505,0.0,0.1602409638554217,0.0006024096385542169,Булычев,Миллион приключений
0.05011135857461024,0.07349665924276169,0.05957683741648107,0.005567928730512249,0.036748329621380846,0.010579064587973273,0.0016703786191536749,0.17260579064587972,0.011692650334075724,0.04120267260579064,0.06625835189309577,0.0400890868596882,0.2477728285077951,0.02060133630289532,0.0,0.16202672605790647,0.0,Булычев,Миллион приключений
0.05436156763590392,0.0695322376738306,0.054993678887484194,0.007585335018963337,0.03792667509481669,0.020859671302149177,0.0006321112515802782,0.14917825537294563,0.0025284450063211127,0.04993678887484197,0.0865992414664981,0.03603034134007586,0.2534766118836915,0.018963337547408345,0.0,0.15739570164348926,0.0,Булычев,Миллион приключений
0.05108173076923077,0.07932692307692307,0.0390625,0.0078125,0.03545673076923077,0.021634615384615384,0.0006009615384615385,0.20612980769230768,0.003605769230769231,0.03064903846153846,0.078125,0.020432692307692308,0.25060096153846156,0.013221153846153846,0.0,0.1622596153846154,0.0,Булычев,Миллион приключений
0.05646527385657821,0.08582721626199886,0.0378317334839074,0.009034443817052512,0.03613777526821005,0.01693958215697346,0.0,0.15866741953698477,0.009034443817052512,0.03274985883681536,0.0756634669678148,0.05646527385657821,0.25014116318464147,0.01637492941840768,0.0,0.15866741953698477,0.0,Булычев,Миллион приключений
0.04574243490499648,0.07670654468684025,0.05137227304714989,0.009148486980999296,0.03237156931738212,0.017593244194229415,0.00211118930330753,0.15200562983814214,0.003518648838845883,0.045038705137227304,0.09148486980999296,0.021815622800844477,0.2772695285010556,0.014778325123152709,0.0,0.15904292751583393,0.0,Булычев,Миллион приключений
0.05294408708560119,0.06976744186046512,0.06432459178624443,0.008411677387431964,0.04354280059376546,0.025729836714497772,0.0014844136566056407,0.15883226125680355,0.010885700148441365,0.03809995051954478,0.07867392380009897,0.042058386937159825,0.223156853043048,0.028698664027709056,0.0,0.15338941118258287,0.0,Булычев,Древние тайны
0.05203619909502263,0.06504524886877829,0.058823529411764705,0.010180995475113122,0.04807692307692308,0.024886877828054297,0.0005656108597285068,0.17194570135746606,0.003959276018099547,0.03959276018099547,0.08031674208144797,0.03167420814479638,0.23868778280542988,0.023755656108597284,0.0,0.1504524886877828,0.0,Булычев,Древние тайны
0.056682577565632455,0.07816229116945107,0.045942720763723154,0.011933174224343675,0.028639618138424822,0.0220763723150358,0.0005966587112171838,0.15393794749403342,0.008353221957040573,0.03162291169451074,0.07756563245823389,0.04474940334128878,0.26610978520286394,0.02386634844868735,0.0,0.14976133651551313,0.0,Булычев,Миллион приключений
0.050716648291069456,0.06339581036383682,0.060088202866593166,0.008269018743109152,0.04244762954796031,0.022601984564498346,0.004961411245865491,0.1582138919514884,0.004961411245865491,0.04189636163175303,0.08379272326350606,0.034178610804851156,0.2513781697905182,0.017640573318632856,0.0,0.15545755237045203,0.0,Булычев,Древние тайны
0.045351473922902494,0.07407407407407407,0.05215419501133787,0.011337868480725623,0.03250188964474679,0.009826152683295541,0.0022675736961451248,0.1670445956160242,0.0045351473922902496,0.02947845804988662,0.06878306878306878,0.036281179138321996,0.2819349962207105,0.01436130007558579,0.0,0.17006802721088435,0.0,Булычев,Миллион приключений
0.03710462287104623,0.07177615571776155,0.06934306569343066,0.0072992700729927005,0.037712895377128956,0.01824817518248175,0.0,0.145985401459854,0.00851581508515815,0.045012165450121655,0.07907542579075426,0.04318734793187348,0.24695863746958638,0.023722627737226276,0.0,0.16605839416058393,0.0,Булычев,Миллион приключений
0.06027596223674655,0.07697893972403776,0.05156136528685548,0.004357298474945534,0.03195352214960058,0.013071895424836602,0.0014524328249818446,0.15976761074800291,0.007988380537400145,0.03848946986201888,0.06899055918663761,0.032679738562091505,0.29048656499636893,0.00944081336238199,0.0,0.15250544662309368,0.0,Булычев,Миллион приключений
0.05471324983520105,0.07053394858272907,0.047462096242584045,0.0065919578114700065,0.03889255108767304,0.024390243902439025,0.0013183915622940012,0.17468688200395519,0.004614370468029005,0.037574159525379035,0.07580751483190508,0.02043506921555702,0.2801582069874753,0.013843111404087014,0.0,0.14897824653922215,0.0,Булычев,Миллион приключений
0.054535920293654956,0.05663345568956476,0.060304142632406924,0.016780283167278448,0.03618248557944415,0.02464604090194022,0.002097535395909806,0.14735186156266386,0.007341373885684321,0.041426324069218666,0.09334032511798637,0.019402202412165705,0.2506554798112218,0.033560566334556896,0.0,0.1557420031463031,0.0,Булычев,Древние тайны
0.05555555555555555,0.05555555555555555,0.06507936507936508,0.008465608465608466,0.04338624338624339,0.023809523809523808,0.0005291005291005291,0.1439153439153439,0.0026455026455026454,0.04126984126984127,0.08571428571428572,0.0417989417989418,0.2544973544973545,0.025396825396825397,0.0,0.1523809523809524,0.0,Булычев,Древние тайны
0.03506208911614317,0.0606281957633309,0.06428049671292914,0.008765522279035792,0.02410518626734843,0.01095690284879474,0.0007304601899196494,0.13513513513513514,0.006574141709276844,0.04821037253469686,0.09349890430971512,0.036523009495982466,0.27976625273922573,0.016070124178232285,0.0,0.17969320672023376,0.0,Булычев,Миллион приключений
0.056140350877192984,0.08011695906432749,0.05146198830409357,0.004678362573099415,0.03216374269005848,0.01695906432748538,0.0011695906432748538,0.17660818713450294,0.021637426900584796,0.03684210526315789,0.054385964912280704,0.04736842105263158,0.2596491228070175,0.014619883040935672,0.0,0.1456140350877193,0.0005847953216374269,Булычев,Кладезь мудрости
0.03604193971166448,0.07208387942332896,0.05111402359108781,0.0045871559633027525,0.02948885976408912,0.022935779816513763,0.002621231979030144,0.15530799475753604,0.00327653997378768,0.0327653997378768,0.0963302752293578,0.015727391874180863,0.2961992136304063,0.01834862385321101,0.0,0.16317169069462648,0.0,Булычев,Миллион приключений
0.04774362328319163,0.06409417920209287,0.04839764551994768,0.007194244604316547,0.027468933943754086,0.02419882275997384,0.0032701111837802484,0.13342053629823414,0.003924133420536298,0.04643557880967953,0.08502289077828647,0.03531720078482668,0.28515369522563766,0.02158273381294964,0.0,0.16677567037279267,0.0,Булычев,Миллион приключений
0.05562422744128554,0.07292954264524104,0.040173053152039555,0.008034610630407911,0.02904820766378245,0.021631644004944377,0.0006180469715698393,0.17367119901112485,0.004326328800988875,0.033992583436341164,0.0865265760197775,0.02657601977750309,0.28244746600741655,0.012360939431396786,0.0,0.15203955500618047,0.0,Булычев,Миллион приключений
0.06833855799373041,0.07241379310344828,0.06833855799373041,0.010344827586206896,0.06927899686520377,0.027899686520376176,0.0009404388714733542,0.15517241379310345,0.017868338557993732,0.034482758620689655,0.06018808777429467,0.061128526645768025,0.174294670846395,0.026959247648902823,0.0,0.1523510971786834,0.0,Андреев,Большой шлем
0.08577878103837472,0.0682844243792325,0.061512415349887134,0.013544018058690745,0.077313769751693,0.016930022573363433,0.001128668171557562,0.1574492099322799,0.0039503386004514675,0.025395033860045147,0.07336343115124154,0.020316027088036117,0.22516930022573364,0.019187358916478554,0.0,0.15067720090293454,0.0,Андреев,В подвале
0.06904927133934767,0.07425399028452463,0.06419153365718251,0.008327550312283136,0.06800832755031229,0.030881332408049966,0.00034698126301179735,0.1568355308813324,0.006939625260235947,0.037126995142262316,0.07668285912560721,0.036433032616238724,0.1970853573907009,0.0260235947258848,0.0,0.14746703678001388,0.00034698126301179735,Андреев,В темную даль
0.06796747967479674,0.07089430894308943,0.06666666666666667,0.01040650406504065,0.06959349593495935,0.02796747967479675,0.000975609756097561,0.15544715447154472,0.016585365853658537,0.03447154471544715,0.06048780487804878,0.0624390243902439,0.17560975609756097,0.026991869918699188,0.0,0.1534959349593496,0.0,Андреев,Большой шлем
0.07383479464697738,0.07245039224734656,0.05906783571758191,0.007844946931241348,0.07106598984771574,0.029533917858790955,0.0,0.15274573142593448,0.007844946931241348,0.042455006922012,0.06137517305029996,0.046146746654360866,0.21596677434240885,0.019843101061375174,0.0,0.1389017074296262,0.0009229349330872173,Андреев,В темную даль
0.0743801652892562,0.06394084384515007,0.05698129621574598,0.009134406263592866,0.07133536320139192,0.024793388429752067,0.00043497172683775554,0.17964332318399304,0.0026098303610265334,0.023053501522401043,0.07742496737712048,0.019573727707699,0.20313179643323184,0.025228360156589823,0.0,0.1683340582862114,0.0,Андреев,Друг
0.0888804841149773,0.06316187594553707,0.07564296520423601,0.009455370650529501,0.08358547655068078,0.02231467473524962,0.0,0.1403177004538578,0.00869894099848714,0.024962178517397883,0.07299546142208775,0.015506807866868382,0.22201210287443268,0.019288956127080183,0.0,0.1531770045385779,0.0,Андреев,Бездна
0.08475130890052356,0.07526178010471204,0.06413612565445026,0.007853403141361256,0.07624345549738219,0.01930628272251309,0.0006544502617801048,0.18160994764397906,0.004581151832460733,0.030759162303664923,0.060536649214659684,0.022905759162303665,0.19862565445026178,0.020942408376963352,0.0,0.1518324607329843,0.0,Андреев,На реке
0.05038428693424424,0.06575576430401367,0.05251921434671221,0.012809564474807857,0.04739538855678907,0.035866780529461996,0.0012809564474807857,0.16396242527754057,0.005123825789923143,0.0444064901793339,0.08112724167378309,0.040563620836891544,0.21904355251921434,0.025619128949615714,0.0,0.15414175918018788,0.0,Андреев,Молодежь
0.08277087033747779,0.07353463587921848,0.06678507992895204,0.008170515097690942,0.07424511545293074,0.018827708703374777,0.00035523978685612787,0.1733570159857904,0.004262877442273535,0.03197158081705151,0.06642984014209591,0.024156305506216696,0.20284191829484902,0.02202486678507993,0.0,0.1502664298401421,0.0,Андреев,На реке
0.08114116339384958,0.06113375324194146,0.07298999629492404,0.010744720266765468,0.08447573175250092,0.021859948128936643,0.0,0.1333827343460541,0.005557613931085587,0.025935531678399407,0.08299370137087811,0.016302334197851057,0.21822897369396071,0.019636902556502408,0.0,0.1656168951463505,0.0,Андреев,Бездна
0.06865079365079366,0.07539682539682539,0.05634920634920635,0.008333333333333333,0.057539682539682536,0.02023809523809524,0.0011904761904761906,0.16904761904761906,0.0031746031746031746,0.03293650793650794,0.08095238095238096,0.023809523809523808,0.21944444444444444,0.02261904761904762,0.0,0.16031746031746033,0.0,Андреев,Ангелочек
0.07246376811594203,0.07506503158677072,0.06094388703084355,0.011891490152359718,0.07840951319212189,0.017837235228539576,0.0007432181345224824,0.1523597175771089,0.0063173541434411,0.030843552582683016,0.08844295800817539,0.020810107766629504,0.2040133779264214,0.023039762170196952,0.0,0.15681902638424378,0.0,Андреев,В подвале
0.07958615200955034,0.07680063668921608,0.07202546756864306,0.008754476721050538,0.07640270592916833,0.022682053322721846,0.0003979307600477517,0.177875049741345,0.005571030640668524,0.03103859928372463,0.06605650616792678,0.016713091922005572,0.19498607242339833,0.014723438121766812,0.0,0.1563867886987664,0.0,Андреев,Кусака
0.07919782460910944,0.08327668252889191,0.04520734194425561,0.007138001359619306,0.053704962610469066,0.03467029231815092,0.0003399048266485384,0.16961250849762066,0.004078857919782461,0.03263086335825969,0.07307953772943576,0.03942895989123046,0.20394289598912305,0.022433718558803536,0.0,0.1512576478585996,0.0,Андреев,Валя
0.07114624505928854,0.07366151634926338,0.057132590729428674,0.008983111749910169,0.07150556952928494,0.034495149119655046,0.0,0.15307222421846928,0.008623787279913761,0.04563420768954366,0.07258354293927416,0.03521379805964786,0.2030183255479698,0.022278117139777218,0.0,0.14193316564858066,0.0007186489399928135,Андреев,В темную даль
0.08711885500933417,0.06471686372121967,0.059738643434972,0.013067828251400125,0.0777846919726198,0.017423771001866834,0.0012445550715619166,0.1555693839452396,0.0031113876789047915,0.026757934038581208,0.06907280647168637,0.0224019912881145,0.23210952084629746,0.018668326073428748,0.0,0.15121344119477287,0.0,Андреев,В подвале
0.08845315904139434,0.07145969498910676,0.0579520697167756,0.01437908496732026,0.07712418300653595,0.016557734204793027,0.0008714596949891067,0.15947712418300652,0.005664488017429194,0.025272331154684097,0.08104575163398693,0.017429193899782137,0.21481481481481482,0.020479302832244008,0.0,0.14901960784313725,0.0,Андреев,В подвале
0.08691258211217787,0.06114199090449722,0.06417382516422436,0.007579585649317837,0.06821627084386053,0.01616978271854472,0.0,0.16068721576553815,0.0035371399696816574,0.02829711975745326,0.06771096513390601,0.030823648307225872,0.2294087923193532,0.02627589691763517,0.0,0.14906518443658415,0.0,Андреев,На реке
0.07695209354960392,0.08374198415692191,0.044134288947566956,0.006412674462466994,0.04979253112033195,0.03696718219539796,0.0003772161448509996,0.16823840060354583,0.004149377593360996,0.03206337231233497,0.07355714824594492,0.03960769520935496,0.2101093926820068,0.02074688796680498,0.0,0.15314975480950585,0.0,Андреев,Валя
0.0992063492063492,0.06966490299823633,0.06040564373897707,0.01146384479717813,0.05246913580246913,0.031746031746031744,0.001763668430335097,0.1763668430335097,0.011022927689594356,0.03306878306878307,0.06922398589065255,0.010582010582010581,0.23368606701940034,0.015873015873015872,0.0,0.12345679012345678,0.0,Андреев,Мельком
0.06805503904797322,0.07326143547787281,0.06359241353663071,0.01190033469691335,0.0695425808850874,0.028263294905169208,0.0011156563778356265,0.15396058014131647,0.017106731126812942,0.03384157679434734,0.06173298624023801,0.06433618445518781,0.17478616586091483,0.027891409445890667,0.0,0.1506136110078096,0.0,Андреев,Большой шлем
0.09554395824969891,0.060216780409474105,0.07266158169409875,0.008831794460056202,0.07587314331593738,0.02328382175832999,0.0,0.14452027298273787,0.012444801284624649,0.025692492974708953,0.06583701324769169,0.014853472501003613,0.23564833400240867,0.018867924528301886,0.0,0.14572460859092734,0.0,Андреев,Бездна
0.08141447368421052,0.05921052631578947,0.055098684210526314,0.008223684210526315,0.06661184210526316,0.023026315789473683,0.0,0.16036184210526316,0.004934210526315789,0.032072368421052634,0.061677631578947366,0.03125,0.23766447368421054,0.03125,0.0,0.14720394736842105,0.0,Андреев,На реке
0.0794341675734494,0.08269858541893363,0.04352557127312296,0.006891548784911135,0.05150525933986217,0.03663402248821183,0.0003627130939426913,0.16902430177729416,0.003989844033369605,0.031193326079071455,0.07217990569459558,0.038810301051867974,0.2100108813928183,0.02140007254261879,0.0,0.15233949945593037,0.0,Андреев,Валя
0.07719856744926383,0.07520891364902507,0.053322721846398725,0.00716275368085953,0.055312375646637484,0.02148826104257859,0.0003979307600477517,0.17588539594110625,0.003979307600477517,0.033426183844011144,0.07759649820931158,0.01830481496219658,0.2200557103064067,0.020692399522483088,0.0,0.15996816553919618,0.0,Андреев,Ангелочек
0.0741563055062167,0.08081705150976909,0.05284191829484902,0.010213143872113677,0.04262877442273535,0.023978685612788632,0.0004440497335701599,0.17939609236234458,0.008436944937833037,0.03330373001776199,0.05772646536412078,0.03818827708703375,0.227797513321492,0.02264653641207815,0.0,0.14742451154529307,0.0,Андреев,В Сабурове
0.08318264014466546,0.081374321880651,0.06811332127787824,0.007534659433393611,0.07564798071127185,0.01959011452682339,0.0006027727546714888,0.19379144062688367,0.0054249547920434,0.02923447860156721,0.05183845690174804,0.023508137432188065,0.19198312236286919,0.020494273658830622,0.0,0.14767932489451477,0.0,Андреев,На реке
0.06318289786223277,0.07743467933491686,0.06270783847980997,0.00665083135391924,0.039429928741092635,0.027553444180522565,0.00047505938242280285,0.16009501187648456,0.0023752969121140144,0.04180522565320665,0.06460807600950119,0.03847980997624703,0.24228028503562946,0.0171021377672209,0.0,0.15534441805225654,0.00047505938242280285,Андреев,Баргамот и Гараська
0.06760847628657922,0.07971745711402624,0.055499495459132187,0.009081735620585268,0.04591321897073663,0.01917255297679112,0.0005045408678102926,0.17759838546922302,0.009081735620585268,0.029263370332996974,0.05398587285570131,0.039354187689202826,0.2346115035317861,0.013118062563067608,0.0,0.16548940464177597,0.0,Андреев,В Сабурове
0.0750455373406193,0.07540983606557378,0.06156648451730419,0.011657559198542805,0.07759562841530054,0.018214936247723135,0.0007285974499089253,0.15264116575591985,0.006193078324225865,0.0302367941712204,0.08743169398907104,0.020036429872495445,0.20364298724954463,0.02331511839708561,0.0,0.15628415300546447,0.0,Андреев,В подвале
0.06957250628667226,0.08340318524727577,0.04526404023470243,0.006286672254819782,0.0490360435875943,0.03520536462699078,0.00041911148365465214,0.16596814752724226,0.0037720033528918693,0.03436714165968147,0.07544006705783739,0.04107292539815591,0.2129086336965633,0.020117351215423303,0.0,0.15716680637049454,0.0,Андреев,Валя
0.07388316151202749,0.06486254295532647,0.05670103092783505,0.00902061855670103,0.07130584192439862,0.02491408934707904,0.000429553264604811,0.1799828178694158,0.002577319587628866,0.02276632302405498,0.07689003436426117,0.020189003436426118,0.2031786941580756,0.02491408934707904,0.0,0.16838487972508592,0.0,Андреев,Друг
0.08471760797342193,0.08554817275747509,0.05398671096345515,0.00872093023255814,0.04235880398671096,0.029069767441860465,0.0008305647840531562,0.17732558139534885,0.0049833887043189366,0.03571428571428571,0.06602990033222592,0.029900332225913623,0.223421926910299,0.014119601328903655,0.0,0.14285714285714285,0.0004152823920265781,Андреев,Баргамот и Гараська
0.0987460815047022,0.05525078369905956,0.07053291536050156,0.009012539184952978,0.0768025078369906,0.0274294670846395,0.0,0.14968652037617555,0.01371473354231975,0.02586206896551724,0.06739811912225706,0.01293103448275862,0.23746081504702193,0.016457680250783698,0.0,0.13871473354231975,0.0,Андреев,Бездна
0.07950819672131147,0.07663934426229509,0.07336065573770492,0.00860655737704918,0.07459016393442623,0.022950819672131147,0.0004098360655737705,0.17704918032786884,0.005327868852459016,0.03155737704918033,0.06352459016393443,0.01721311475409836,0.1971311475409836,0.015163934426229509,0.0,0.1569672131147541,0.0,Андреев,Кусака
0.06560540279787747,0.07380607814761216,0.059334298118668596,0.010612638687891944,0.04630969609261939,0.01929570670525808,0.000482392667631452,0.17703810902074288,0.005788712011577424,0.03087313072841293,0.05451037144235408,0.039556198745779064,0.23685479980704294,0.013989387361312108,0.0,0.16594307766521948,0.0,Андреев,В Сабурове
0.0687053216838761,0.06949960285941223,0.057585385226370134,0.009134233518665607,0.06791104050833995,0.03335980937251787,0.0,0.14853057982525814,0.007545671167593328,0.04447974583002383,0.07029388403494838,0.04169976171564734,0.21683876092136617,0.021048451151707705,0.0,0.1425734710087371,0.0007942811755361397,Андреев,В темную даль
0.0737518910741301,0.07034795763993948,0.05143721633888049,0.009455370650529501,0.054841149773071106,0.030635400907715583,0.00037821482602118004,0.15431164901664146,0.00340393343419062,0.033661119515885025,0.08282904689863843,0.03555219364599092,0.22276853252647505,0.02723146747352496,0.0,0.14901664145234494,0.00037821482602118004,Андреев,Валя
0.06566104702750665,0.06610470275066549,0.05368234250221828,0.011978704525288377,0.04924578527062999,0.03194321206743567,0.0013309671694764862,0.1650399290150843,0.005767524401064774,0.03992901508429459,0.080301685891748,0.040372670807453416,0.2036379769299024,0.027062999112688554,0.0,0.1574977817213842,0.00044365572315882877,Андреев,Молодежь
0.07715891670924885,0.07358201328564129,0.058763413387838526,0.008686765457332652,0.07102708226877874,0.03168114460909555,0.0,0.15074092999489014,0.008686765457332652,0.041389882473173226,0.061318344404701075,0.04752171691364333,0.21461420541645376,0.01788451711803781,0.0,0.13643331630045988,0.000510986203372509,Андреев,В темную даль
0.07376006782534972,0.06401017380245867,0.05637982195845697,0.008902077151335312,0.0712166172106825,0.024586689275116574,0.000423908435777872,0.18058499364137345,0.002543450614667232,0.022891055532005086,0.0771513353115727,0.019923696481559984,0.2043238660449343,0.024586689275116574,0.0,0.16871555743959304,0.0,Андреев,Друг
0.06971770744225834,0.07014542343883662,0.05389221556886228,0.01454234388366125,0.0504704875962361,0.02694610778443114,0.0012831479897348161,0.1710863986313088,0.005560307955517536,0.035500427715996576,0.07570573139435414,0.039777587681779296,0.20487596236099231,0.024379811804961505,0.0,0.15568862275449102,0.000427715996578272,Андреев,Молодежь
0.058923512747875356,0.07025495750708215,0.06458923512747876,0.0056657223796034,0.040226628895184136,0.026062322946175637,0.0005665722379603399,0.1558073654390935,0.0016997167138810198,0.0453257790368272,0.06685552407932012,0.040226628895184136,0.2481586402266289,0.018130311614730877,0.0,0.15750708215297451,0.0,Андреев,Баргамот и Гараська
0.08908685968819599,0.07037861915367483,0.058797327394209356,0.014699331848552339,0.0779510022271715,0.016926503340757237,0.0008908685968819599,0.16080178173719376,0.005790645879732739,0.025389755011135856,0.07839643652561247,0.017817371937639197,0.2133630289532294,0.020489977728285078,0.0,0.1492204899777283,0.0,Андреев,В подвале
0.07313829787234043,0.07402482269503546,0.05895390070921986,0.01374113475177305,0.07446808510638298,0.01551418439716312,0.0008865248226950354,0.15159574468085107,0.004875886524822695,0.02925531914893617,0.08687943262411348,0.020833333333333332,0.21897163120567376,0.02127659574468085,0.0,0.15558510638297873,0.0,Андреев,В подвале
0.0743801652892562,0.06394084384515007,0.05698129621574598,0.009134406263592866,0.07133536320139192,0.024793388429752067,0.00043497172683775554,0.17964332318399304,0.0026098303610265334,0.023053501522401043,0.07742496737712048,0.019573727707699,0.20313179643323184,0.025228360156589823,0.0,0.1683340582862114,0.0,Андреев,Друг
0.05804749340369393,0.07282321899736148,0.06596306068601583,0.005804749340369393,0.04010554089709763,0.02691292875989446,0.0005277044854881266,0.15567282321899736,0.0021108179419525065,0.04432717678100264,0.06649076517150396,0.03905013192612137,0.24749340369393139,0.017941952506596307,0.0,0.15672823218997362,0.0,Андреев,Баргамот и Гараська
0.07596371882086168,0.07407407407407407,0.0491307634164777,0.007936507936507936,0.05442176870748299,0.030612244897959183,0.0003779289493575208,0.1598639455782313,0.003401360544217687,0.03212396069538927,0.08238851095993953,0.03779289493575208,0.21693121693121692,0.026832955404383976,0.0,0.14777021919879063,0.0003779289493575208,Андреев,Валя
0.07322654462242563,0.07665903890160183,0.05377574370709382,0.008390541571319604,0.057971014492753624,0.019450800915331808,0.0011441647597254005,0.17162471395881007,0.003432494279176201,0.030892448512585814,0.08161708619374523,0.02364607170099161,0.21700991609458428,0.02212051868802441,0.0,0.15903890160183065,0.0,Андреев,Ангелочек
0.0718232044198895,0.07527624309392265,0.0694060773480663,0.010013812154696133,0.06837016574585636,0.02935082872928177,0.0003453038674033149,0.1550414364640884,0.006906077348066298,0.03591160220994475,0.07734806629834254,0.035566298342541436,0.19578729281767956,0.024171270718232045,0.0,0.14468232044198895,0.0,Андреев,В темную даль
0.08243478260869565,0.07478260869565218,0.06365217391304348,0.008,0.07478260869565218,0.018782608695652174,0.0006956521739130435,0.17495652173913043,0.004869565217391304,0.03130434782608696,0.064,0.025391304347826087,0.20173913043478262,0.02191304347826087,0.0,0.15269565217391304,0.0,Андреев,На реке
0.06976744186046512,0.07308970099667775,0.06825732407127756,0.010872848082150407,0.06825732407127756,0.02718212020537602,0.000906070673512534,0.15705225007550588,0.018121413470250678,0.03412866203563878,0.06040471156750227,0.059800664451827246,0.1733615221987315,0.026880096647538508,0.0,0.1519178495922682,0.0,Андреев,Большой шлем
0.06786271450858035,0.07410296411856475,0.06474258970358815,0.01170046801872075,0.07020280811232449,0.02847113884555382,0.001170046801872075,0.15210608424336974,0.014820592823712949,0.035101404056162244,0.06357254290171607,0.06279251170046801,0.17277691107644305,0.02847113884555382,0.0,0.15210608424336974,0.0,Андреев,Большой шлем
0.07035647279549719,0.07833020637898687,0.05863039399624766,0.010787992495309569,0.04596622889305816,0.020168855534709193,0.00046904315196998124,0.1772983114446529,0.005159474671669793,0.03095684803001876,0.05347091932457786,0.038930581613508444,0.22936210131332083,0.013602251407129456,0.0,0.16651031894934334,0.0,Андреев,В Сабурове
0.061713357693869264,0.06414941128704832,0.05602923264311815,0.010150223304912708,0.05115712545676005,0.03532277710109622,0.0016240357287860333,0.15712545676004872,0.004466098254161592,0.0438489646772229,0.07917174177831912,0.040194884287454324,0.20990661794559481,0.02639058059277304,0.0,0.15874949248883474,0.0,Андреев,Молодежь
0.07823960880195599,0.07893817673768774,0.04645476772616137,0.006636395389451624,0.05413901501921062,0.03178484107579462,0.00034928396786587494,0.16067062521830247,0.0034928396786587496,0.033531260915124,0.08068459657701711,0.04121550820817325,0.20572825707300035,0.02549772965420887,0.0,0.1522878099895215,0.00034928396786587494,Андреев,Валя
0.08323787705231005,0.07254677357770141,0.0649102710958381,0.011454753722794959,0.07636502481863307,0.018709431080565102,0.00038182512409316535,0.13478426880488736,0.011072928598701794,0.032073310423825885,0.07636502481863307,0.040473463153875525,0.21382206949217258,0.019854906452844597,0.0,0.14394807178312333,0.0,Андреев,Иностранец
0.096484375,0.054296875,0.071484375,0.008984375,0.075,0.02734375,0.0,0.151953125,0.01328125,0.025390625,0.06796875,0.0125,0.238671875,0.01640625,0.0,0.140234375,0.0,Андреев,Бездна
0.07155764365739067,0.07372605710155403,0.056378749548247196,0.009035056017347307,0.070473436935309,0.033610408384531984,0.0,0.15215034333212865,0.008673653776653415,0.04517528008673654,0.07444886158294181,0.03650162631008312,0.20383086375135526,0.022768341163715216,0.0,0.140946873870618,0.0007228044813877846,Андреев,В темную даль
0.06808510638297872,0.07135842880523732,0.06644844517184943,0.010474631751227497,0.06972176759410802,0.028150572831423894,0.0009819967266775777,0.15613747954173485,0.01669394435351882,0.03404255319148936,0.060556464811783964,0.0618657937806874,0.17479541734860884,0.02716857610474632,0.0,0.153518821603928,0.0,Андреев,Большой шлем
0.07118055555555555,0.07708333333333334,0.06666666666666667,0.010416666666666666,0.06840277777777778,0.029861111111111113,0.00034722222222222224,0.15416666666666667,0.006597222222222222,0.035069444444444445,0.07916666666666666,0.03680555555555556,0.19722222222222222,0.02361111111111111,0.0,0.14340277777777777,0.0,Андреев,В темную даль
0.0641949879848953,0.07415036045314109,0.06522485410230003,0.009268795056642637,0.06694129763130793,0.028492962581531067,0.0,0.15653964984552007,0.00789564023343632,0.040508067284586335,0.07758324751115689,0.0377617576381737,0.19807758324751115,0.026776519052523172,0.0,0.1462409886714727,0.00034328870580157915,Андреев,В темную даль
0.0864297253634895,0.08602584814216478,0.05411954765751212,0.010096930533117932,0.0420032310177706,0.0327140549273021,0.0008077544426494346,0.18053311793214863,0.005250403877221325,0.036348949919224556,0.06623586429725363,0.029079159935379646,0.21688206785137318,0.013731825525040387,0.0,0.13933764135702748,0.0004038772213247173,Андреев,Баргамот и Гараська
0.07107107107107107,0.07857857857857858,0.05555555555555555,0.00950950950950951,0.045545545545545546,0.02052052052052052,0.0005005005005005005,0.1816816816816817,0.0065065065065065065,0.026526526526526525,0.05305305305305305,0.03803803803803804,0.23423423423423423,0.017517517517517518,0.0,0.16116116116116116,0.0,Андреев,В Сабурове
0.07494824016563147,0.06459627329192547,0.055900621118012424,0.009109730848861283,0.07080745341614907,0.024844720496894408,0.00041407867494824016,0.18178053830227744,0.002484472049689441,0.022774327122153208,0.07743271221532091,0.019461697722567287,0.20248447204968945,0.024844720496894408,0.0,0.1681159420289855,0.0,Андреев,Друг
0.07276051188299817,0.07495429616087751,0.06252285191956124,0.01170018281535649,0.07824497257769653,0.018281535648994516,0.0007312614259597807,0.1510054844606947,0.006215722120658135,0.030712979890310785,0.08848263254113345,0.020475319926873858,0.203290676416819,0.02340036563071298,0.0,0.15722120658135283,0.0,Андреев,В подвале
0.08278145695364239,0.0806742925948224,0.06863335340156532,0.007525586995785672,0.07555689343768814,0.019566526189042744,0.0006020469596628537,0.19446116797110174,0.005418422636965683,0.029199277543648403,0.052077062010836846,0.023479831426851294,0.19205298013245034,0.0201685731487056,0.0,0.1478025285972306,0.0,Андреев,На реке
0.09884169884169884,0.05945945945945946,0.07567567567567568,0.010424710424710425,0.08108108108108109,0.020077220077220077,0.0,0.15057915057915058,0.012355212355212355,0.02277992277992278,0.06447876447876448,0.013899613899613899,0.22432432432432434,0.018532818532818532,0.0,0.14749034749034748,0.0,Андреев,Бездна
0.06297709923664122,0.07729007633587787,0.06297709923664122,0.006679389312977099,0.039122137404580155,0.02767175572519084,0.00047709923664122136,0.15935114503816794,0.002385496183206107,0.04198473282442748,0.0648854961832061,0.03864503816793893,0.2428435114503817,0.01717557251908397,0.0,0.15553435114503816,0.0,Андреев,Баргамот и Гараська
0.07351460221550855,0.06445115810674723,0.07401812688821752,0.006545820745216516,0.06445115810674723,0.013595166163141994,0.0,0.16666666666666666,0.004531722054380665,0.02769385699899295,0.0689828801611279,0.033736153071500505,0.23061430010070494,0.022658610271903322,0.0,0.148539778449144,0.0,Андреев,На реке
0.07366984993178717,0.06548431105047749,0.07276034561164166,0.006366530241018645,0.07139608913142337,0.015006821282401092,0.0,0.16734879490677582,0.004547521600727604,0.02910413824465666,0.06866757617098682,0.03228740336516599,0.22191905411550705,0.020918599363346977,0.0,0.15052296498408368,0.0,Андреев,На реке
0.07322175732217573,0.07112970711297072,0.05815899581589958,0.008368200836820083,0.07029288702928871,0.029707112970711297,0.0,0.1502092050209205,0.007112970711297071,0.04309623430962343,0.06694560669456066,0.04602510460251046,0.21380753138075315,0.0200836820083682,0.0,0.1410041841004184,0.0008368200836820083,Андреев,В темную даль
0.07063711911357341,0.0765235457063712,0.06752077562326869,0.010041551246537396,0.06786703601108034,0.03012465373961219,0.00034626038781163435,0.1554709141274238,0.006578947368421052,0.035318559556786706,0.078601108033241,0.036011080332409975,0.1963296398891967,0.02458448753462604,0.0,0.1440443213296399,0.0,Андреев,В темную даль
0.08184346444179579,0.07310290027810885,0.06515693285657528,0.011521652761223678,0.07508939213349225,0.018673023440603894,0.0003972983710766786,0.13309495431068732,0.011521652761223678,0.03297576479936432,0.07747318235995232,0.04052443384982122,0.21652761223678982,0.018275725069527213,0.0,0.14342471195868098,0.0003972983710766786,Андреев,Иностранец
0.06923076923076923,0.07261538461538461,0.068,0.010461538461538461,0.06923076923076923,0.027384615384615386,0.0009230769230769231,0.156,0.017538461538461537,0.03415384615384615,0.060307692307692305,0.06123076923076923,0.17415384615384616,0.02676923076923077,0.0,0.152,0.0,Андреев,Большой шлем
0.0887066716362281,0.06261647409616102,0.0760342899739098,0.01006336190831159,0.08386134923592993,0.021990309355199404,0.0,0.13715989563920983,0.007454342154304882,0.02609019754006709,0.07566157286619456,0.014908684308609765,0.2221393961982855,0.02012672381662318,0.0,0.15318673127096533,0.0,Андреев,Бездна
0.08601728201099765,0.07619795758051846,0.0600942655145326,0.010997643362136685,0.06677140612725845,0.02199528672427337,0.001178318931657502,0.1406127258444619,0.009819324430479183,0.029065200314218383,0.0781618224666143,0.0384917517674784,0.22152395915161036,0.018460329929300863,0.0,0.14021995286724273,0.00039277297721916735,Андреев,Иностранец
0.06621004566210045,0.07625570776255708,0.06164383561643835,0.00684931506849315,0.039269406392694065,0.0273972602739726,0.00045662100456621003,0.16118721461187216,0.00228310502283105,0.04200913242009133,0.06575342465753424,0.038356164383561646,0.23972602739726026,0.017351598173515982,0.0,0.1547945205479452,0.00045662100456621003,Андреев,Баргамот и Гараська
0.06923076923076923,0.07261538461538461,0.068,0.010461538461538461,0.06923076923076923,0.027384615384615386,0.0009230769230769231,0.156,0.017538461538461537,0.03415384615384615,0.060307692307692305,0.06123076923076923,0.17415384615384616,0.02676923076923077,0.0,0.152,0.0,Андреев,Большой шлем
0.07494824016563147,0.06459627329192547,0.055900621118012424,0.009109730848861283,0.07080745341614907,0.024844720496894408,0.00041407867494824016,0.18178053830227744,0.002484472049689441,0.022774327122153208,0.07743271221532091,0.019461697722567287,0.20248447204968945,0.024844720496894408,0.0,0.1681159420289855,0.0,Андреев,Друг
0.11213389121338913,0.05690376569037657,0.05606694560669456,0.0100418410041841,0.06108786610878661,0.04435146443514645,0.0033472803347280333,0.14644351464435146,0.00502092050209205,0.04769874476987448,0.09205020920502092,0.0,0.21506276150627615,0.013389121338912133,0.0,0.13640167364016736,0.0,Андреев,Прекрасна жизнь для воскресших
0.06774193548387097,0.07161290322580645,0.0664516129032258,0.01032258064516129,0.0696774193548387,0.028064516129032258,0.000967741935483871,0.15612903225806452,0.017096774193548388,0.034193548387096775,0.06032258064516129,0.06193548387096774,0.17516129032258065,0.026774193548387098,0.0,0.15354838709677418,0.0,Андреев,Большой шлем
0.08574843143113235,0.0806692560501942,0.06692560501942038,0.007469375560203167,0.07559008066925604,0.01971915147893636,0.0005975500448162533,0.19390498954287422,0.005676725425754407,0.029279952195996415,0.052584403943830293,0.023005676725425753,0.19241111443083359,0.019420376456528235,0.0,0.14699731102479832,0.0,Андреев,На реке
0.10257611241217798,0.06557377049180328,0.06088992974238876,0.011241217798594848,0.05011709601873536,0.034192037470725994,0.001873536299765808,0.17049180327868851,0.012646370023419205,0.03138173302107728,0.06978922716627635,0.010772833723653397,0.23981264637002342,0.01639344262295082,0.0,0.12224824355971897,0.0,Андреев,Мельком
0.0603448275862069,0.07505070993914807,0.06490872210953347,0.005578093306288032,0.04006085192697769,0.02636916835699797,0.0005070993914807302,0.15821501014198783,0.002028397565922921,0.0436105476673428,0.0654158215010142,0.03904665314401623,0.2449290060851927,0.017748478701825558,0.0,0.15618661257606492,0.0,Андреев,Баргамот и Гараська
0.05911879531511433,0.07083100948131622,0.06469604015616286,0.005577244841048522,0.040156162855549356,0.026770775237032907,0.0005577244841048522,0.15560513106525375,0.0016731734523145567,0.04517568321249303,0.06748466257668712,0.03959843837144451,0.2476296709425544,0.018404907975460124,0.0,0.15672058003346348,0.0,Андреев,Баргамот и Гараська
0.07236563690224292,0.07363520947947524,0.05840033855268726,0.01396529834955565,0.07702073635209479,0.01523487092678798,0.0008463817181548879,0.15150232754972492,0.004655099449851883,0.03046974185357596,0.08802369868810833,0.022005924672027083,0.2166737198476513,0.021159542953872196,0.0,0.15404147270418958,0.0,Андреев,В подвале
0.08105022831050228,0.0700152207001522,0.0654490106544901,0.01141552511415525,0.0791476407914764,0.02054794520547945,0.000380517503805175,0.1354642313546423,0.009512937595129375,0.0319634703196347,0.0730593607305936,0.0410958904109589,0.2146118721461187,0.020928462709284626,0.0,0.14535768645357686,0.0,Андреев,Иностранец
0.06976744186046512,0.07308970099667775,0.06825732407127756,0.010872848082150407,0.06825732407127756,0.02718212020537602,0.000906070673512534,0.15705225007550588,0.018121413470250678,0.03412866203563878,0.06040471156750227,0.059800664451827246,0.1733615221987315,0.026880096647538508,0.0,0.1519178495922682,0.0,Андреев,Большой шлем
0.08021390374331551,0.06319883325230918,0.06757413709285368,0.008264462809917356,0.06806028196402528,0.015070491006319884,0.0,0.16188624210014585,0.004861448711716091,0.027224112785610113,0.06854642683519689,0.03208556149732621,0.2284880894506563,0.026251823043266894,0.0,0.1482741857073408,0.0,Андреев,На реке
0.06757253029746603,0.07344840249724569,0.06390011017260375,0.011751744399559309,0.06940874035989718,0.02791039294895336,0.0011017260374586854,0.15497612926918838,0.017627616599338966,0.033419023136246784,0.06096217407271392,0.06426735218508997,0.17517443995593096,0.02791039294895336,0.0,0.15056922511935367,0.0,Андреев,Большой шлем
0.07210031347962383,0.08508732646663682,0.04567845947156292,0.006269592476489028,0.04970891177787729,0.03493058665472459,0.0004478280340349306,0.1670398566950291,0.0035826242722794446,0.034482758620689655,0.07299596954769369,0.041648007165248545,0.2077922077922078,0.020152261531571878,0.0,0.1580832960143305,0.0,Андреев,Валя
0.10160427807486631,0.06611570247933884,0.060281964025279536,0.009236752552260573,0.04618376276130287,0.03500243072435586,0.0019445794846864365,0.1750121536217793,0.013125911521633447,0.02916869227029655,0.06806028196402528,0.016042780748663103,0.245017015070491,0.015556635877491492,0.0004861448711716091,0.11716091395235781,0.0,Андреев,Мельком
0.06353443673251469,0.0800854244527496,0.055525894287239724,0.009076348104644954,0.048585157501334755,0.01761879337960491,0.0005339028296849973,0.17512012813667913,0.00800854244527496,0.02989855846235985,0.055525894287239724,0.03844100373731981,0.2375867592098238,0.014949279231179925,0.0,0.16550987720234916,0.0,Андреев,В Сабурове
0.07376006782534972,0.06401017380245867,0.05637982195845697,0.008902077151335312,0.0712166172106825,0.024586689275116574,0.000423908435777872,0.18058499364137345,0.002543450614667232,0.022891055532005086,0.0771513353115727,0.019923696481559984,0.2043238660449343,0.024586689275116574,0.0,0.16871555743959304,0.0,Андреев,Друг
0.07294706127553147,0.07086285952480201,0.059191329720716966,0.008336807002917883,0.07002917882451021,0.029595664860358483,0.0,0.15006252605252188,0.0070862859524802,0.042934556065027094,0.06711129637348895,0.04585243851604835,0.21425593997498957,0.020008336807002917,0.0,0.14089203834931222,0.0008336807002917883,Андреев,В темную даль
0.07824662023760753,0.08357230643179026,0.058172879967226546,0.008603031544448997,0.043424825891028265,0.027857435477263416,0.0008193363375665711,0.17042195821384679,0.004506349856616141,0.039737812371978695,0.06554690700532569,0.032363785333879555,0.22490782466202375,0.015567390413764851,0.0,0.14584186808684965,0.00040966816878328555,Андреев,Баргамот и Гараська
0.07833698030634573,0.07264770240700219,0.05601750547045952,0.00962800875273523,0.05733041575492341,0.022319474835886213,0.00087527352297593,0.187308533916849,0.0056892778993435445,0.03150984682713348,0.06345733041575492,0.01400437636761488,0.22800875273522975,0.01663019693654267,0.0,0.1562363238512035,0.0,Андреев,Ангелочек
0.0647829083390765,0.0740868366643694,0.06616126809097174,0.008270158511371467,0.06650585802894556,0.02997932460372157,0.0,0.15678842177808408,0.008270158511371467,0.03859407305306685,0.0768435561681599,0.037560303239145415,0.19986216402481047,0.02653342522398346,0.0,0.14541695382494832,0.00034458993797381116,Андреев,В темную даль
0.05612244897959184,0.0663265306122449,0.05102040816326531,0.011479591836734694,0.0467687074829932,0.03316326530612245,0.0012755102040816326,0.17517006802721088,0.006377551020408163,0.039540816326530615,0.07397959183673469,0.04124149659863945,0.2185374149659864,0.025935374149659865,0.0,0.1522108843537415,0.0008503401360544217,Андреев,Молодежь
0.08219711725749902,0.07596416049863654,0.05453837164004675,0.007401636151149201,0.05531749123490456,0.022204908453447605,0.00038955979742890534,0.1823139851967277,0.00506427736657577,0.03272302298402805,0.07128944292948967,0.017140631086871836,0.2185430463576159,0.018698870276587457,0.0,0.15621347876899103,0.0,Андреев,Ангелочек
0.07983193277310924,0.07668067226890757,0.062324929971988796,0.012254901960784314,0.0784313725490196,0.018207282913165267,0.0007002801120448179,0.15336134453781514,0.0056022408963585435,0.028361344537815126,0.08928571428571429,0.018207282913165267,0.19957983193277312,0.023109243697478993,0.0,0.15406162464985995,0.0,Андреев,В подвале
0.08819796954314721,0.06598984771573604,0.06725888324873096,0.008248730964467006,0.05203045685279188,0.03426395939086294,0.0025380710659898475,0.16941624365482233,0.010786802030456852,0.027918781725888325,0.06725888324873096,0.012055837563451776,0.2468274111675127,0.015228426395939087,0.0006345177664974619,0.1313451776649746,0.0,Андреев,Мельком
0.08192686357243319,0.07348804500703235,0.06610407876230662,0.00808720112517581,0.07383966244725738,0.019338959212376935,0.0007032348804500703,0.17334739803094235,0.004571026722925457,0.030942334739803096,0.06645569620253164,0.02461322081575246,0.2039381153305204,0.02250351617440225,0.0,0.15014064697609,0.0,Андреев,На реке
0.07952069716775599,0.08278867102396514,0.04357298474945534,0.006899055918663762,0.05156136528685548,0.036673928830791576,0.00036310820624546115,0.1692084241103849,0.0039941902687000725,0.03122730573710966,0.07225853304284677,0.03848946986201888,0.20987654320987653,0.021423384168482208,0.0,0.1521423384168482,0.0,Андреев,Валя
0.06847864454641722,0.07306741969643488,0.06424285210024709,0.011295446523120367,0.06989057536180728,0.027885633603953405,0.0010589481115425344,0.15601835510060008,0.01729615248852806,0.03353335686551359,0.06071302506177197,0.06247793858100953,0.1754324038122132,0.027532650900105895,0.0,0.15107659724673492,0.0,Андреев,Большой шлем
0.06621004566210045,0.07625570776255708,0.06164383561643835,0.00684931506849315,0.039269406392694065,0.0273972602739726,0.00045662100456621003,0.16118721461187216,0.00228310502283105,0.04200913242009133,0.06575342465753424,0.038356164383561646,0.23972602739726026,0.017351598173515982,0.0,0.1547945205479452,0.00045662100456621003,Андреев,Баргамот и Гараська
0.07378807378807378,0.06477906477906478,0.05662805662805663,0.009009009009009009,0.07121407121407121,0.024882024882024883,0.000429000429000429,0.17975117975117974,0.002574002574002574,0.022737022737022737,0.07722007722007722,0.020163020163020164,0.20377520377520378,0.024882024882024883,0.0,0.16816816816816818,0.0,Андреев,Друг
0.0754012691302725,0.07428144830160507,0.04889884285181038,0.007838745800671893,0.05412467338559164,0.030235162374020158,0.0003732736095558044,0.1593878312803285,0.0033594624860022394,0.036207540126913025,0.08100037327360955,0.039567002612915264,0.21351250466592012,0.026502426278462114,0.0,0.14893617021276595,0.0003732736095558044,Андреев,Валя
0.07508702138239681,0.07956240676280457,0.05320735952262556,0.0104425658876181,0.04574838388861263,0.022874191944306316,0.0004972650422675286,0.1859771258080557,0.005967180507210343,0.0278468423669816,0.05022376926902039,0.0382894082545997,0.23172550969666833,0.018896071606166086,0.0,0.15365489806066635,0.0,Андреев,В Сабурове
0.07622173595915391,0.07585703865791393,0.04850474106491612,0.007658643326039387,0.053610503282275714,0.031363967906637494,0.00036469730123997083,0.1601021152443472,0.0032822757111597373,0.0350109409190372,0.08059810357403355,0.04011670313639679,0.21079504011670314,0.02698760029175784,0.0,0.14916119620714807,0.00036469730123997083,Андреев,Валя
0.06092884533446954,0.06391137622496805,0.057094162760971456,0.010225820195994887,0.05027694929697486,0.034086067319982954,0.0012782275244993609,0.15764806135492118,0.004260758414997869,0.043033659991478485,0.08095440988495953,0.03962505325948019,0.21005538985939498,0.025990626331487004,0.0,0.16063059224541967,0.0,Андреев,Молодежь
0.08317436093094238,0.06257153758107592,0.06943914536436474,0.0106829454406715,0.08317436093094238,0.020984357115604733,0.0,0.13544448683708507,0.005723006486074018,0.02479969477298741,0.08508202975963373,0.016024418161007248,0.2182373140022892,0.019458222052651658,0.0,0.16520412056466996,0.0,Андреев,Бездна
0.0887066716362281,0.06261647409616102,0.0760342899739098,0.01006336190831159,0.08386134923592993,0.021990309355199404,0.0,0.13715989563920983,0.007454342154304882,0.02609019754006709,0.07566157286619456,0.014908684308609765,0.2221393961982855,0.02012672381662318,0.0,0.15318673127096533,0.0,Андреев,Бездна
0.07701812191103789,0.0815485996705107,0.05354200988467875,0.011532125205930808,0.045304777594728174,0.026771004942339374,0.0,0.18410214168039538,0.007413509060955519,0.03500823723228995,0.05683690280065898,0.035831960461285006,0.21663920922570015,0.022652388797364087,0.0,0.1457990115321252,0.0,Андреев,В Сабурове
0.0739481512962176,0.0718232044198895,0.056523586910327245,0.008499787505312367,0.07097322566935826,0.030174245643858903,0.0,0.15129621759456013,0.007224819379515512,0.04334891627709307,0.06672333191670209,0.04504887377815554,0.2133446663833404,0.020399490012749683,0.0,0.13982150446238845,0.0008499787505312367,Андреев,В темную даль
0.07127144742630884,0.0840299164100308,0.04575450945886494,0.0061592608886933565,0.04927408710954685,0.034755829300483945,0.0004399472063352398,0.16673999120105587,0.0035195776506819184,0.03563572371315442,0.07435107787065552,0.04135503739551254,0.20985481742190937,0.019797624285085788,0.0,0.1570611526616806,0.0,Андреев,Валя
0.08078694014231896,0.07785684386772708,0.07367099204688154,0.008790288823775638,0.07534533277521975,0.022603599832565928,0.0004185851820845542,0.17706153202176642,0.0054416073670992045,0.03097530347425701,0.06362494767685224,0.01716199246546672,0.19464210966931772,0.015487651737128506,0.0,0.15613227291753873,0.0,Андреев,Кусака
0.07667934093789606,0.07224334600760456,0.06527249683143219,0.010773130544993664,0.08301647655259822,0.023447401774397972,0.0003168567807351077,0.1482889733840304,0.012674271229404309,0.03263624841571609,0.07224334600760456,0.0370722433460076,0.20627376425855512,0.018694550063371358,0.0,0.14036755386565272,0.0,Андреев,Иностранец
0.07748104187273326,0.07088691064952192,0.06363336630398946,0.01153972964061985,0.07945928123969667,0.0230794592812397,0.0003297065611605671,0.13880646224859874,0.014177382129904385,0.03461918892185954,0.07781074843389384,0.03923508077810749,0.20705572040883613,0.02044180679195516,0.0,0.1414441147378833,0.0,Андреев,Иностранец
0.08583364982909229,0.061906570451955946,0.07633877706038739,0.011014052411697683,0.08545385491834409,0.020888720091150777,0.0,0.13900493733383973,0.006456513482719331,0.02544625902012913,0.07671857197113559,0.014432206608431447,0.21914166350170908,0.02164830991264717,0.0,0.15571591340676036,0.0,Андреев,Бездна
0.08043758043758044,0.05727155727155727,0.055984555984555984,0.007722007722007722,0.06692406692406692,0.019948519948519948,0.0,0.16023166023166024,0.0045045045045045045,0.03346203346203346,0.06756756756756757,0.028314028314028315,0.24002574002574004,0.026383526383526385,0.0,0.15122265122265122,0.0,Андреев,На реке
0.057908847184986595,0.07184986595174263,0.06541554959785523,0.005361930294906166,0.04075067024128686,0.027345844504021447,0.0005361930294906167,0.1554959785522788,0.0021447721179624667,0.04504021447721179,0.06648793565683646,0.0386058981233244,0.2487935656836461,0.01769436997319035,0.0,0.15656836461126006,0.0,Андреев,Баргамот и Гараська
0.10158121705797796,0.06564446574029707,0.059894585529468136,0.010062290368950648,0.04647819837086727,0.03497843794920939,0.0019166267369429804,0.17201724964063247,0.013895543842836608,0.030666027791087687,0.0689985625299473,0.015333013895543843,0.2434115955917585,0.01581217057977959,0.0004791566842357451,0.11883085769046478,0.0,Андреев,Мельком
0.055970149253731345,0.06509121061359867,0.05472636815920398,0.012437810945273632,0.048507462686567165,0.036069651741293535,0.0012437810945273632,0.16334991708126037,0.004975124378109453,0.044361525704809286,0.0779436152570481,0.041044776119402986,0.21434494195688225,0.024875621890547265,0.0,0.1550580431177446,0.0,Андреев,Молодежь
0.08082945408379179,0.07871349978840457,0.07363520947947524,0.008887008040626322,0.07532797291578502,0.022852306390181973,0.00042319085907744394,0.17647058823529413,0.005501481168006771,0.03004655099449852,0.06432501057977148,0.017350825222175202,0.19424460431654678,0.01523487092678798,0.0,0.1561574269995768,0.0,Андреев,Кусака
0.07618129218900675,0.07280617164898746,0.054966248794599805,0.009161041465766635,0.05785920925747348,0.022179363548698167,0.0009643201542912247,0.19238187078109933,0.00626808100289296,0.0313404050144648,0.062198649951783994,0.013018322082931534,0.2270973963355834,0.01591128254580521,0.0,0.15766634522661524,0.0,Андреев,Ангелочек
0.08677207867335134,0.0775163902815272,0.06131893559583494,0.011183956806787505,0.06941766293868107,0.02082529888160432,0.0011569610489780178,0.13999228692634014,0.010798303123794832,0.028924026224450443,0.07790204396451986,0.03895102198225993,0.21750867720786735,0.01928268414963363,0.0,0.13806401851137678,0.0003856536829926726,Андреев,Иностранец
0.057813154587348134,0.06242144951822371,0.0540427314620863,0.011311269375785506,0.04901550062840385,0.03602848764139087,0.0016757436112274822,0.1596145789694177,0.004608294930875576,0.04650188521156263,0.0795978215333054,0.040636782572266446,0.21281943862589023,0.025974025974025976,0.0,0.1579388353581902,0.0,Андреев,Молодежь
0.05384615384615385,0.06923076923076923,0.06153846153846154,0.009230769230769232,0.048205128205128206,0.021025641025641025,0.0005128205128205128,0.16512820512820514,0.005128205128205128,0.033846153846153845,0.057435897435897436,0.043076923076923075,0.24717948717948718,0.01282051282051282,0.0,0.1717948717948718,0.0,Андреев,В Сабурове
0.11213389121338913,0.05690376569037657,0.05606694560669456,0.0100418410041841,0.06108786610878661,0.04435146443514645,0.0033472803347280333,0.14644351464435146,0.00502092050209205,0.04769874476987448,0.09205020920502092,0.0,0.21506276150627615,0.013389121338912133,0.0,0.13640167364016736,0.0,Андреев,Прекрасна жизнь для воскресших
0.06682389937106918,0.07625786163522012,0.05660377358490566,0.007861635220125786,0.05738993710691824,0.020833333333333332,0.0011792452830188679,0.16745283018867924,0.002751572327044025,0.03380503144654088,0.08569182389937106,0.02161949685534591,0.21737421383647798,0.02279874213836478,0.0,0.1615566037735849,0.0,Андреев,Ангелочек
0.08355525965379494,0.07523302263648468,0.06424766977363515,0.007989347536617843,0.07623169107856191,0.018974700399467376,0.0006657789613848203,0.17676431424766978,0.004660452729693742,0.031291611185086554,0.06358189081225034,0.02463382157123835,0.19873501997336884,0.021637816245006658,0.0,0.151797603195739,0.0,Андреев,На реке
0.07819074333800842,0.07889200561009818,0.0455820476858345,0.006661991584852735,0.05364656381486676,0.03190743338008415,0.0003506311360448808,0.16093969144460027,0.0035063113604488078,0.034011220196353435,0.0802945301542777,0.04137447405329593,0.20652173913043478,0.025245441795231416,0.0,0.15252454417952313,0.0003506311360448808,Андреев,Валя
0.07360406091370558,0.07910321489001693,0.06302876480541456,0.008037225042301184,0.04230118443316413,0.024957698815566837,0.0008460236886632825,0.16751269035532995,0.00338409475465313,0.04060913705583756,0.06683587140439932,0.032148900169204735,0.22927241962774958,0.016074450084602367,0.0,0.15186125211505921,0.00042301184433164127,Андреев,Баргамот и Гараська
0.07227615965480043,0.07371449119021935,0.05573534699748292,0.008989572096368213,0.07083782811938152,0.03344120819848975,0.0,0.15282272563825963,0.008629989212513484,0.044947860481841066,0.07371449119021935,0.03631787126932758,0.20388349514563106,0.022653721682847898,0.0,0.1413160733549083,0.000719165767709457,Андреев,В темную даль
0.08861320336730173,0.07000443066016837,0.05848471422241914,0.014621178555604785,0.07797961896322551,0.016836508639787327,0.0008861320336730173,0.16038989809481613,0.0057598582188746125,0.02525476295968099,0.07886575099689853,0.017722640673460344,0.2144439521488702,0.020824102791315906,0.0,0.14931324767390342,0.0,Андреев,В подвале
0.08542713567839195,0.07663316582914573,0.06532663316582915,0.007223618090452261,0.07443467336683417,0.020100502512562814,0.000628140703517588,0.1865577889447236,0.005339195979899497,0.03077889447236181,0.057474874371859296,0.022613065326633167,0.1975502512562814,0.02041457286432161,0.0,0.14949748743718594,0.0,Андреев,На реке
0.08595877090626215,0.07740178918708673,0.061843640606767794,0.011279657720731234,0.06728899260987943,0.022170361726954493,0.0011668611435239206,0.1423570595099183,0.009334889148191364,0.029171528588098017,0.07779074290159471,0.038506417736289385,0.21898094126798912,0.017891870867366783,0.0,0.13846752236483859,0.00038895371450797355,Андреев,Иностранец
0.07413647851727043,0.06444818871103622,0.05644481887110362,0.008845829823083403,0.07118786857624262,0.02443133951137321,0.00042122999157540015,0.18028643639427128,0.002527379949452401,0.02274641954507161,0.07750631844987363,0.019797809604043808,0.2038753159224937,0.02443133951137321,0.0,0.16891322662173547,0.0,Андреев,Друг
0.08725084618277548,0.07634449040992855,0.057540428732606244,0.011282437006393382,0.07032719067318541,0.0236931177134261,0.000752162467092892,0.14103046257991725,0.009402030838661151,0.029710417450169238,0.07897705904475366,0.03610379842045882,0.21587062805566,0.01918014291086875,0.0,0.1421587062805566,0.000376081233546446,Андреев,Иностранец
0.07418655097613883,0.08026030368763558,0.052928416485900215,0.009978308026030369,0.04425162689804772,0.02472885032537961,0.0004338394793926247,0.17830802603036877,0.00824295010845987,0.03427331887201735,0.05770065075921909,0.03731019522776573,0.22516268980477225,0.023427331887201735,0.0,0.14880694143167028,0.0,Андреев,В Сабурове
0.10145631067961165,0.06601941747572816,0.06019417475728155,0.009223300970873786,0.04611650485436893,0.03495145631067961,0.001941747572815534,0.17475728155339806,0.013592233009708738,0.02912621359223301,0.06796116504854369,0.016019417475728156,0.2446601941747573,0.015533980582524271,0.0004854368932038835,0.11796116504854369,0.0,Андреев,Мельком
0.07701863354037267,0.0824016563146998,0.05962732919254658,0.007867494824016562,0.04389233954451346,0.02732919254658385,0.0008281573498964803,0.17060041407867496,0.004140786749482402,0.04057971014492753,0.06583850931677018,0.03229813664596273,0.2248447204968944,0.014906832298136646,0.0,0.1474120082815735,0.00041407867494824016,Андреев,Баргамот и Гараська
0.07924676343664182,0.07846214201647705,0.07100823852491173,0.008630835621812475,0.07610827775598274,0.02236171047469596,0.00039231071008238524,0.17928599450765006,0.005884660651235779,0.030992546096508436,0.0663005100039231,0.01647704982346018,0.1941938014907807,0.014515496273048253,0.0,0.15613966261278933,0.0,Андреев,Кусака
0.08702198133092443,0.08039747064137308,0.06654622101776574,0.007527853056308341,0.07588075880758807,0.01987353206865402,0.0006022282445046673,0.1933152664859982,0.0057211683227943394,0.028906955736224028,0.05269497139415839,0.023486901535682024,0.19180969587473654,0.019572417946401688,0.0,0.14664257753688648,0.0,Андреев,На реке
0.09562398703403566,0.055915721231766614,0.07090761750405186,0.008103727714748784,0.07374392220421394,0.02674230145867099,0.0,0.1454619124797407,0.014181523500810372,0.027147487844408427,0.0640194489465154,0.01539708265802269,0.24513776337115073,0.017017828200972446,0.0,0.14059967585089142,0.0,Андреев,Бездна
0.09239723535831211,0.07530010913059294,0.054929065114587124,0.010913059294288832,0.07129865405602037,0.02691887959257912,0.0007275372862859222,0.14841760640232812,0.009457984721716987,0.025827573663150236,0.07784648963259368,0.030920334667151692,0.21280465623863223,0.020734812659148782,0.0,0.1411422335394689,0.0003637686431429611,Андреев,Иностранец
0.08095637583892618,0.07802013422818792,0.0738255033557047,0.008808724832214765,0.07550335570469799,0.022651006711409395,0.00041946308724832214,0.17701342281879195,0.005453020134228188,0.030201342281879196,0.06375838926174497,0.017197986577181208,0.19421140939597314,0.01552013422818792,0.0,0.15645973154362416,0.0,Андреев,Кусака
0.08270958083832336,0.07073353293413173,0.05875748502994012,0.0093562874251497,0.061377245508982034,0.023577844311377244,0.0007485029940119761,0.18600299401197604,0.00561377245508982,0.03031437125748503,0.06998502994011976,0.01309880239520958,0.2159431137724551,0.018338323353293412,0.0,0.1534431137724551,0.0,Андреев,Ангелочек
0.08227589029881294,0.0757265656979124,0.0634465820712239,0.011461318051575931,0.07122390503479328,0.02128530495292673,0.0012279983626688497,0.13630781825624233,0.011461318051575931,0.031109291854277528,0.07695456406058125,0.040523945968072045,0.21817437576749898,0.018419975440032748,0.0,0.13999181334424887,0.00040933278755628325,Андреев,Иностранец
0.07091295116772824,0.07770700636942675,0.06411889596602972,0.007218683651804671,0.04203821656050955,0.025902335456475585,0.0008492569002123143,0.16390658174097664,0.0029723991507431,0.04076433121019108,0.0653927813163482,0.034394904458598725,0.23439490445859873,0.016560509554140127,0.0,0.1524416135881104,0.0004246284501061571,Андреев,Баргамот и Гараська
0.07595467897608058,0.08057070919009651,0.05287452790600084,0.01049097775912715,0.044481745698699116,0.025597985732270248,0.0,0.18128409567771717,0.007973143096936634,0.03441040704993705,0.056231640788921525,0.03650860260176248,0.22114981116240034,0.023919429290809903,0.0,0.14855224506924045,0.0,Андреев,В Сабурове
0.09829787234042553,0.07106382978723404,0.06127659574468085,0.01148936170212766,0.05319148936170213,0.03234042553191489,0.001702127659574468,0.17617021276595746,0.010638297872340425,0.03276595744680851,0.07021276595744681,0.010212765957446808,0.23191489361702128,0.016170212765957447,0.0,0.1225531914893617,0.0,Андреев,Мельком
0.0680786686838124,0.07967725668179526,0.05648008068582955,0.009581442259203227,0.04589006555723651,0.019162884518406455,0.0005042864346949068,0.17599596570852244,0.008572869389813415,0.030257186081694403,0.05395864851235502,0.039334341906202726,0.2329803328290469,0.013111447302067574,0.0,0.1664145234493192,0.0,Андреев,В Сабурове
0.05617455896007428,0.06685236768802229,0.050603528319405754,0.01160631383472609,0.04828226555246054,0.032961931290622096,0.001392757660167131,0.1745589600742804,0.0064995357474466105,0.03946146703806871,0.07520891364902507,0.04131847725162489,0.2191272051996286,0.025069637883008356,0.0,0.1499535747446611,0.0009285051067780873,Андреев,Молодежь
0.06533892382948987,0.0737246680642907,0.0649895178197065,0.008385744234800839,0.06708595387840671,0.03039832285115304,0.00034940600978336826,0.1554856743535989,0.006638714185883997,0.039133473095737246,0.07686932215234102,0.03773584905660377,0.20055904961565338,0.02620545073375262,0.0,0.14675052410901468,0.00034940600978336826,Андреев,В темную даль
0.07962046204620463,0.07714521452145215,0.07384488448844885,0.008663366336633664,0.07508250825082509,0.022277227722772276,0.00041254125412541255,0.17698019801980197,0.005363036303630363,0.03176567656765677,0.06353135313531354,0.016914191419141914,0.19554455445544555,0.015264026402640265,0.0,0.15759075907590758,0.0,Андреев,Кусака
0.08850726552179657,0.07045354469396742,0.05856450902686042,0.01453104359313078,0.07749889916336415,0.01673271686481726,0.0008806693086745927,0.15940114487010126,0.005724350506384853,0.02553940995156319,0.08014090708938794,0.017613386173491855,0.2144429766622633,0.020695728753852928,0.0,0.14927344782034346,0.0,Андреев,В подвале
0.11213389121338913,0.05690376569037657,0.05606694560669456,0.0100418410041841,0.06108786610878661,0.04435146443514645,0.0033472803347280333,0.14644351464435146,0.00502092050209205,0.04769874476987448,0.09205020920502092,0.0,0.21506276150627615,0.013389121338912133,0.0,0.13640167364016736,0.0,Андреев,Прекрасна жизнь для воскресших
0.061291649526943645,0.06499382969971206,0.05429864253393665,0.009872480460715755,0.049773755656108594,0.03619909502262444,0.0016454134101192926,0.1616618675442205,0.004113533525298231,0.04483751542575072,0.0765117235705471,0.04113533525298231,0.2097902097902098,0.025503907856849032,0.0,0.1583710407239819,0.0,Андреев,Молодежь
0.08327137546468401,0.07100371747211896,0.055762081784386616,0.00929368029739777,0.05985130111524164,0.02490706319702602,0.0003717472118959108,0.18364312267657992,0.0055762081784386614,0.03234200743494424,0.07211895910780669,0.015241635687732341,0.21561338289962825,0.01858736059479554,0.0,0.1524163568773234,0.0,Андреев,Ангелочек
0.07496740547588006,0.07073011734028684,0.0651890482398957,0.01075619295958279,0.08311603650586702,0.02346805736636245,0.0003259452411994785,0.1470013037809648,0.014015645371577574,0.03259452411994785,0.07138200782268579,0.0394393741851369,0.20697522816166883,0.01955671447196871,0.0,0.14048239895697523,0.0,Андреев,Иностранец
0.06771653543307087,0.07637795275590552,0.05590551181102362,0.007874015748031496,0.05708661417322835,0.020866141732283464,0.0015748031496062992,0.16811023622047244,0.0027559055118110236,0.03346456692913386,0.08425196850393701,0.02204724409448819,0.2188976377952756,0.02283464566929134,0.0,0.16023622047244093,0.0,Андреев,Ангелочек
0.09815705128205128,0.056490384615384616,0.06971153846153846,0.008413461538461538,0.07491987179487179,0.027243589743589744,0.0,0.1482371794871795,0.014022435897435898,0.026842948717948716,0.06610576923076923,0.014022435897435898,0.24078525641025642,0.016826923076923076,0.0,0.13822115384615385,0.0,Андреев,Бездна
0.07001265288907633,0.08350906790383804,0.04555040067482075,0.0063264445381695485,0.04934626739772248,0.03500632644453817,0.00042176296921130323,0.1657528469000422,0.003795866722901729,0.03458456347532687,0.07591733445803459,0.04091100801349642,0.21172501054407422,0.020244622522142555,0.0,0.1568958245466048,0.0,Андреев,Валя
0.06737171954563259,0.07716412064238151,0.0564042303172738,0.007442224833529181,0.057579318448883664,0.020759890325107718,0.0007833920877399138,0.16842929886408148,0.003133568350959655,0.033294163728946335,0.08617312965139053,0.02154328241284763,0.21582452017234627,0.0227183705444575,0.0,0.16137877007442225,0.0,Андреев,Ангелочек
0.0737518910741301,0.07034795763993948,0.05143721633888049,0.009455370650529501,0.054841149773071106,0.030635400907715583,0.00037821482602118004,0.15431164901664146,0.00340393343419062,0.033661119515885025,0.08282904689863843,0.03555219364599092,0.22276853252647505,0.02723146747352496,0.0,0.14901664145234494,0.00037821482602118004,Андреев,Валя
0.07924676343664182,0.07846214201647705,0.07100823852491173,0.008630835621812475,0.07610827775598274,0.02236171047469596,0.00039231071008238524,0.17928599450765006,0.005884660651235779,0.030992546096508436,0.0663005100039231,0.01647704982346018,0.1941938014907807,0.014515496273048253,0.0,0.15613966261278933,0.0,Андреев,Кусака
0.06969376979936642,0.07426962337205209,0.058430130235832455,0.009503695881731784,0.07110172474480816,0.03308694121788103,0.0,0.15417106652587118,0.008447729672650475,0.04259063709961281,0.07286166842661035,0.03836677226328757,0.2016895459345301,0.023583245336149243,0.0,0.14149947201689547,0.0007039774727208729,Андреев,В темную даль
0.078839590443686,0.08225255972696245,0.04368600682593857,0.007508532423208191,0.053583617747440276,0.034129692832764506,0.00034129692832764505,0.16757679180887372,0.004095563139931741,0.03310580204778157,0.07440273037542662,0.039590443686006824,0.2054607508532423,0.02354948805460751,0.0,0.15187713310580206,0.0,Андреев,Валя
0.07743988684582744,0.08062234794908062,0.0442008486562942,0.006718528995756719,0.05374823196605375,0.031117397454031116,0.0003536067892503536,0.16195190947666196,0.003536067892503536,0.03217821782178218,0.07956152758132956,0.04207920792079208,0.20933521923620935,0.024752475247524754,0.0,0.15205091937765206,0.0003536067892503536,Андреев,Валя
0.07261146496815286,0.0781316348195329,0.06411889596602972,0.007643312101910828,0.041613588110403395,0.025477707006369428,0.0008492569002123143,0.16475583864118895,0.0029723991507431,0.04076433121019108,0.06794055201698514,0.03354564755838641,0.2318471337579618,0.01613588110403397,0.0,0.15116772823779193,0.0004246284501061571,Андреев,Баргамот и Гараська
0.06897759103641457,0.0742296918767507,0.059873949579831935,0.009453781512605041,0.07107843137254902,0.03466386554621849,0.0,0.15091036414565825,0.008753501400560224,0.04341736694677871,0.07107843137254902,0.0392156862745098,0.2027310924369748,0.022408963585434174,0.0,0.14250700280112044,0.0007002801120448179,Андреев,В темную даль
0.08302521008403362,0.07529411764705882,0.0642016806722689,0.008067226890756302,0.07596638655462185,0.01915966386554622,0.0006722689075630252,0.17714285714285713,0.004705882352941176,0.03159663865546219,0.06386554621848739,0.024873949579831932,0.19831932773109243,0.021512605042016807,0.0,0.1515966386554622,0.0,Андреев,На реке
0.076,0.076,0.061454545454545456,0.011636363636363636,0.07818181818181819,0.01818181818181818,0.0007272727272727272,0.15309090909090908,0.0061818181818181816,0.029818181818181817,0.088,0.01927272727272727,0.20218181818181818,0.02327272727272727,0.0,0.156,0.0,Андреев,В подвале
0.09071274298056156,0.06911447084233262,0.06371490280777538,0.00755939524838013,0.04859611231101512,0.030777537796976243,0.0021598272138228943,0.17764578833693304,0.014038876889848811,0.02591792656587473,0.0642548596112311,0.013498920086393088,0.2478401727861771,0.014578833693304536,0.0005399568034557236,0.12904967602591794,0.0,Андреев,Мельком
0.07184241019698726,0.07647740440324449,0.06749710312862109,0.011297798377752027,0.06894553881807648,0.027230590961761298,0.0008690614136732329,0.15845886442641946,0.01825028968713789,0.03302433371958285,0.061703360370799536,0.05996523754345307,0.1694669756662804,0.02694090382387022,0.0,0.14803012746234068,0.0,Андреев,Большой шлем
0.06816450875856817,0.07425742574257425,0.06397562833206398,0.011424219345011425,0.06930693069306931,0.02817974105102818,0.0011424219345011425,0.15232292460015232,0.017517136329017517,0.03427265803503427,0.06283320639756283,0.06321401370906321,0.1744097486671744,0.027798933739527798,0.0,0.15118050266565117,0.0,Андреев,Большой шлем
0.06462701959436232,0.07425232038501203,0.06565830182193194,0.009625300790649707,0.06703334479202475,0.028188380886902717,0.0,0.15744242007562737,0.008250257820556892,0.040563767617738056,0.07734616706772086,0.037813681677552426,0.1966311447232726,0.026125816431763493,0.0,0.14609831557236164,0.00034376074252320387,Андреев,В темную даль
0.07616487455197132,0.07302867383512544,0.056451612903225805,0.008512544802867384,0.05734767025089606,0.021953405017921146,0.0008960573476702509,0.18906810035842295,0.005824372759856631,0.03136200716845878,0.06272401433691756,0.014336917562724014,0.22939068100358423,0.016129032258064516,0.0,0.15681003584229392,0.0,Андреев,Ангелочек
0.0741563055062167,0.08081705150976909,0.05284191829484902,0.010213143872113677,0.04262877442273535,0.023978685612788632,0.0004440497335701599,0.17939609236234458,0.008436944937833037,0.03330373001776199,0.05772646536412078,0.03818827708703375,0.227797513321492,0.02264653641207815,0.0,0.14742451154529307,0.0,Андреев,В Сабурове
0.07969769838543456,0.08107179663345929,0.0436276193747853,0.007214015802129852,0.054276880796976984,0.03194778426657506,0.00034352456200618345,0.1662658880109928,0.0037787701820680177,0.029543112332531776,0.07729302645139127,0.041222947440742015,0.20817588457574718,0.024390243902439025,0.0,0.15080728272071453,0.00034352456200618345,Андреев,Валя
0.07541766109785203,0.07255369928400955,0.05489260143198091,0.009069212410501194,0.057756563245823386,0.02243436754176611,0.0009546539379474941,0.19140811455847256,0.006205250596658711,0.031503579952267304,0.06252983293556086,0.013365155131264916,0.22911694510739858,0.015751789976133652,0.0,0.15704057279236278,0.0,Андреев,Ангелочек
0.08286674132138858,0.07054871220604703,0.056364315042926466,0.008958566629339306,0.06009705113848451,0.023889511011571482,0.0003732736095558044,0.18402388951101156,0.005599104143337066,0.032474804031354984,0.07166853303471445,0.014930944382232176,0.21687196715192236,0.01866368047779022,0.0,0.152668906308324,0.0,Андреев,Ангелочек
0.06911581569115816,0.0722291407222914,0.06787048567870485,0.010585305105853052,0.06973848069738481,0.027708592777085927,0.0009339975093399751,0.15566625155666253,0.01774595267745953,0.03424657534246575,0.05977584059775841,0.06133250311332503,0.17434620174346202,0.026774595267745952,0.0,0.1519302615193026,0.0,Андреев,Большой шлем
0.06103286384976526,0.06359368331199317,0.056764831412718736,0.010243277848911651,0.050362782757148956,0.034997865983781476,0.0017072129748186087,0.15620998719590268,0.004268032437046522,0.04310712761416987,0.08237302603499787,0.040119504908237305,0.20827998292787026,0.026034997865983782,0.0,0.16090482287665386,0.0,Андреев,Молодежь
0.08753773178094006,0.07072013799051315,0.057783527382492456,0.014230271668822769,0.07632600258732213,0.016386373436826217,0.0008624407072013799,0.1582578697714532,0.00560586459680897,0.026735661923242778,0.0815006468305304,0.017248814144027597,0.21604139715394566,0.02112979732643381,0.0,0.14963346269943942,0.0,Андреев,В подвале
0.08061265618702136,0.0769850866586054,0.07255139056831923,0.008464328899637243,0.07577589681580008,0.022974607013301087,0.00040306328093510683,0.17654171704957677,0.005239822652156389,0.031035872632003223,0.06569931479242241,0.016928657799274487,0.1954856912535268,0.014913341394598953,0.0,0.15638855300282145,0.0,Андреев,Кусака
0.06570657065706571,0.07560756075607561,0.061656165616561655,0.0067506750675067504,0.039603960396039604,0.027002700270027002,0.00045004500450045,0.162016201620162,0.0022502250225022503,0.041854185418541856,0.06615661566156615,0.037803780378037805,0.23987398739873989,0.017101710171017102,0.0,0.1557155715571557,0.00045004500450045,Андреев,Баргамот и Гараська
0.07458363504706735,0.05720492396813903,0.05430847212165098,0.007965242577842143,0.06589427950760318,0.020999275887038378,0.0,0.1549601737871108,0.004344677769732078,0.036205648081100654,0.06589427950760318,0.029688631426502535,0.2447501810282404,0.029688631426502535,0.0,0.15351194786386677,0.0,Андреев,На реке
0.07715891670924885,0.07358201328564129,0.058763413387838526,0.008686765457332652,0.07102708226877874,0.03168114460909555,0.0,0.15074092999489014,0.008686765457332652,0.041389882473173226,0.061318344404701075,0.04752171691364333,0.21461420541645376,0.01788451711803781,0.0,0.13643331630045988,0.000510986203372509,Андреев,В темную даль
0.09182530795072788,0.06886898096304592,0.06494960806270997,0.007838745800671893,0.04983202687569989,0.031914893617021274,0.0022396416573348264,0.1763717805151176,0.011198208286674132,0.026875699888017916,0.06438969764837627,0.011198208286674132,0.24636058230683092,0.015117581187010079,0.0005599104143337066,0.13045912653975364,0.0,Андреев,Мельком
0.08398950131233596,0.09081364829396325,0.04566929133858268,0.01627296587926509,0.03727034120734908,0.023622047244094488,0.0,0.19265091863517061,0.015748031496062992,0.02152230971128609,0.08608923884514436,0.03622047244094488,0.19055118110236222,0.011023622047244094,0.0026246719160104987,0.14068241469816273,0.005249343832020997,Пушкин,Путешествие в Арзум
0.06217616580310881,0.07960433349034385,0.04050871408384362,0.013659915214319359,0.04097974564295808,0.03532736693358455,0.0,0.17428167687235044,0.00800753650494583,0.03297220913801225,0.11351860574658502,0.023080546396608573,0.20725388601036268,0.017428167687235045,0.0,0.15120113047574188,0.0,Пушкин,Капитанская дочка
0.051056338028169015,0.07394366197183098,0.04533450704225352,0.010123239436619719,0.037411971830985914,0.03477112676056338,0.0008802816901408451,0.1694542253521127,0.011003521126760563,0.04225352112676056,0.08890845070422536,0.05149647887323944,0.22931338028169015,0.020246478873239437,0.0,0.13380281690140844,0.0,Пушкин,Капитанская дочка
0.052434456928838954,0.08099250936329588,0.040262172284644196,0.009363295880149813,0.040262172284644196,0.03136704119850187,0.00046816479400749064,0.1601123595505618,0.011704119850187267,0.035580524344569285,0.10955056179775281,0.026217228464419477,0.22191011235955055,0.021067415730337078,0.0,0.15870786516853932,0.0,Пушкин,Капитанская дочка
0.06753246753246753,0.08,0.046753246753246755,0.007792207792207792,0.03272727272727273,0.043116883116883116,0.0,0.17922077922077922,0.006753246753246753,0.035844155844155845,0.1038961038961039,0.024415584415584415,0.2025974025974026,0.017662337662337664,0.014025974025974027,0.11688311688311688,0.02077922077922078,Пушкин,Роман в письмах
0.05096418732782369,0.0780532598714417,0.05601469237832874,0.008723599632690543,0.03351698806244261,0.03397612488521579,0.0009182736455463728,0.19054178145087236,0.006427915518824609,0.03397612488521579,0.08953168044077135,0.015151515151515152,0.23875114784205692,0.015610651974288337,0.0009182736455463728,0.14692378328741965,0.0,Пушкин,Капитанская дочка
0.06148590947907771,0.07514944491887275,0.042271562766865924,0.008966695132365499,0.04397950469684031,0.03202391118701964,0.0,0.18445772843723313,0.011101622544833475,0.033731853116994025,0.0798462852263023,0.0269000853970965,0.21904355251921434,0.016225448334756618,0.0,0.15755764304013664,0.007258753202391118,Пушкин,Пиковая Дама
0.06198347107438017,0.07520661157024794,0.04338842975206612,0.009917355371900827,0.043801652892561986,0.032231404958677684,0.0,0.18140495867768594,0.010743801652892562,0.03512396694214876,0.08636363636363636,0.0256198347107438,0.2152892561983471,0.016942148760330577,0.0,0.15537190082644628,0.006611570247933884,Пушкин,Пиковая Дама
0.1011608623548922,0.08872305140961857,0.044361525704809286,0.007877280265339967,0.05845771144278607,0.026533996683250415,0.00041459369817578774,0.2524875621890547,0.012023217247097845,0.018656716417910446,0.0439469320066335,0.024875621890547265,0.17744610281923714,0.013266998341625208,0.005804311774461028,0.12396351575456054,0.0,Пушкин,История села Горюхина
0.061878453038674036,0.10607734806629834,0.036464088397790057,0.009392265193370166,0.024861878453038673,0.02541436464088398,0.0,0.23259668508287293,0.024861878453038673,0.009392265193370166,0.06906077348066299,0.03370165745856354,0.1723756906077348,0.011602209944751382,0.004972375690607734,0.14861878453038674,0.028729281767955802,Пушкин,Путешествие в Арзум
0.061015370284117375,0.09175593851886353,0.0367955286446204,0.015370284117373078,0.04145319049836982,0.031672100605496044,0.0,0.19469026548672566,0.022356776897997206,0.02887750349324639,0.07871448532836516,0.014904517931998137,0.20353982300884957,0.009781089892873778,0.0,0.16907312529110385,0.0,Пушкин,Кирджали
0.06565126050420168,0.07563025210084033,0.04254201680672269,0.01523109243697479,0.03308823529411765,0.04254201680672269,0.0005252100840336134,0.1869747899159664,0.007352941176470588,0.030987394957983194,0.09663865546218488,0.03308823529411765,0.19327731092436976,0.01838235294117647,0.005777310924369748,0.14548319327731093,0.006827731092436975,Пушкин,Рославлев
0.06723107569721115,0.10707171314741036,0.037350597609561755,0.01643426294820717,0.03137450199203187,0.03286852589641434,0.0,0.21314741035856574,0.01444223107569721,0.01444223107569721,0.08814741035856574,0.02888446215139442,0.17131474103585656,0.009462151394422311,0.005478087649402391,0.15886454183266932,0.0034860557768924302,Пушкин,Путешествие в Арзум
0.05154091392136025,0.08235919234856535,0.05047821466524974,0.020191285866099893,0.04197662061636557,0.028692879914984058,0.0010626992561105207,0.16418703506907545,0.006376195536663124,0.035600425079702444,0.11158342189160468,0.04091392136025505,0.1944739638682253,0.013283740701381509,0.0,0.1567481402763018,0.0005313496280552603,Пушкин,Капитанская дочка
0.044023234484867016,0.059614796698257415,0.020483032711708957,0.008865790278202385,0.020788749617853867,0.01803729746254968,0.0,0.12717823295628247,0.007948639559767655,0.011617242433506572,0.04830327117089575,0.043411800672577196,0.14552124732497707,0.007642922653622745,0.0021400183430143687,0.08162641394069092,0.3527973096912259,Пушкин,Путешествие в Арзум
0.05614678899082569,0.08587155963302752,0.05174311926605504,0.009174311926605505,0.04146788990825688,0.028623853211009173,0.0003669724770642202,0.18568807339449542,0.007706422018348624,0.03779816513761468,0.08807339449541285,0.016880733944954127,0.21321100917431193,0.01798165137614679,0.0003669724770642202,0.15889908256880733,0.0,Пушкин,Станционный смотритель
0.0731990704879938,0.08636715724244771,0.04298993028659954,0.009682416731216111,0.044151820294345466,0.02865995352439969,0.0,0.19016266460108444,0.011231603408210689,0.03214562354763749,0.0801704105344694,0.024786986831913247,0.19713400464756003,0.016653756777691712,0.0,0.15608055770720372,0.006584043377226956,Пушкин,Пиковая Дама
0.06444906444906445,0.08316008316008316,0.05280665280665281,0.009147609147609148,0.040332640332640335,0.03076923076923077,0.0,0.19334719334719336,0.0058212058212058215,0.028690228690228692,0.09854469854469855,0.022453222453222454,0.19667359667359668,0.018711018711018712,0.0,0.1550935550935551,0.0,Пушкин,Капитанская дочка
0.04285714285714286,0.07551020408163266,0.03979591836734694,0.010714285714285714,0.04183673469387755,0.02959183673469388,0.0005102040816326531,0.16224489795918368,0.007653061224489796,0.036224489795918365,0.10816326530612246,0.039285714285714285,0.2229591836734694,0.015306122448979591,0.0,0.1673469387755102,0.0,Пушкин,Капитанская дочка
0.061930783242258654,0.0947176684881603,0.04408014571948998,0.017486338797814208,0.04080145719489982,0.04262295081967213,0.0,0.1923497267759563,0.00947176684881603,0.03169398907103825,0.08743169398907104,0.032058287795992714,0.17049180327868851,0.022586520947176687,0.0,0.15227686703096538,0.0,Пушкин,Капитанская дочка
0.06526406182911121,0.08243881494203521,0.05452984113353371,0.009446114212108201,0.0369257191927866,0.0313439244310863,0.0008587376556462001,0.1884929154143409,0.0072992700729927005,0.027479604980678404,0.10304851867754401,0.021897810218978103,0.19836839845427223,0.019321597252039503,0.0,0.15328467153284672,0.0,Пушкин,Капитанская дочка
0.06075174825174825,0.08653846153846154,0.04938811188811189,0.013548951048951048,0.03190559440559441,0.035402097902097904,0.0,0.17001748251748253,0.010052447552447552,0.036276223776223776,0.11407342657342658,0.022290209790209792,0.20585664335664336,0.017045454545454544,0.012674825174825174,0.13155594405594406,0.0026223776223776225,Пушкин,Роман в письмах
0.055105348460291734,0.07455429497568881,0.05294435440302539,0.015667206915180983,0.04051863857374392,0.028092922744462453,0.0,0.1507293354943274,0.01242571582928147,0.031874662344678555,0.11183144246353323,0.027552674230145867,0.22636412749864937,0.022690437601296597,0.002701242571582928,0.1458670988654781,0.0010804970286331713,Пушкин,Марья Шонинг
0.049239033124440466,0.0810205908683975,0.03804834377797672,0.009400179051029543,0.04073410922112802,0.03267681289167413,0.0004476275738585497,0.16069829901521934,0.008504923903312443,0.03491495076096687,0.10922112802148612,0.03312444046553268,0.2260519247985676,0.019695613249776187,0.0,0.15622202327663384,0.0,Пушкин,Капитанская дочка
0.05410122164048865,0.07504363001745201,0.051774287376381616,0.015706806282722512,0.03781268179173938,0.027923211169284468,0.0,0.15241419429901104,0.013379872018615475,0.029668411867364748,0.11169284467713787,0.029086678301337987,0.22920302501454334,0.02268760907504363,0.0029086678301337987,0.14543339150668994,0.0011634671320535194,Пушкин,Марья Шонинг
0.0671483212919677,0.08032299192520187,0.03994900127496812,0.011474713132171696,0.027624309392265192,0.03909902252443689,0.0,0.175945601359966,0.009774755631109222,0.03314917127071823,0.08839779005524862,0.029324266893327667,0.22439439014024648,0.01529961750956226,0.0,0.15172120696982574,0.006374840628984276,Пушкин,Пиковая Дама
0.06032171581769437,0.08445040214477212,0.04647006255585344,0.013404825737265416,0.032171581769437,0.039767649687220734,0.0,0.1747095621090259,0.00804289544235925,0.035299374441465595,0.11528150134048257,0.022341376228775692,0.20241286863270777,0.014745308310991957,0.014745308310991957,0.13360142984807863,0.002234137622877569,Пушкин,Роман в письмах
0.060240963855421686,0.08691910499139414,0.04991394148020654,0.008605851979345954,0.050344234079173836,0.04130808950086059,0.0004302925989672978,0.2082616179001721,0.006454388984509466,0.027538726333907058,0.06153184165232358,0.029259896729776247,0.20137693631669534,0.01721170395869191,0.0,0.1501721170395869,0.0004302925989672978,Пушкин,Гробовщик
0.040707016604177824,0.0712372790573112,0.03160149973219068,0.010176754151044456,0.040707016604177824,0.0289234065345474,0.0005356186395286556,0.1531869309051955,0.0048205677557579,0.03267273701124799,0.11622924477771826,0.05570433851098018,0.23352972683449383,0.017675415104445636,0.0,0.16229244777718266,0.0,Пушкин,Капитанская дочка
0.05312084993359894,0.07702523240371846,0.04780876494023904,0.01195219123505976,0.04072598494909252,0.02877379371403276,0.0008853474988933156,0.1708720672864099,0.011066843736166445,0.04293935369632581,0.07525453740593183,0.046038069942452416,0.22576361221779548,0.02080566622399292,0.0,0.14696768481629038,0.0,Пушкин,Капитанская дочка
0.050460941290635615,0.07714701601164484,0.050946142649199416,0.012130033964095099,0.03541969917515769,0.03056768558951965,0.0019408054342552159,0.15332362930616206,0.010189228529839884,0.036875303250849104,0.1227559437166424,0.029597282872392043,0.2052401746724891,0.019893255701115962,0.00048520135856380397,0.16302765647743814,0.0,Пушкин,Капитанская дочка
0.04424333836098542,0.07491201608848667,0.03971845148315736,0.010558069381598794,0.04424333836098542,0.029160382101558573,0.0005027652086475615,0.1649069884364002,0.007541478129713424,0.03720462543991956,0.10608345902463549,0.036701860231272,0.22322775263951736,0.015082956259426848,0.0,0.16591251885369532,0.0,Пушкин,Капитанская дочка
0.060810810810810814,0.1036036036036036,0.0365990990990991,0.009009009009009009,0.024774774774774775,0.0259009009009009,0.0,0.23085585585585586,0.024774774774774775,0.009572072072072071,0.07207207207207207,0.03265765765765766,0.17173423423423423,0.011824324324324325,0.00563063063063063,0.15090090090090091,0.02927927927927928,Пушкин,Путешествие в Арзум
0.07466666666666667,0.10577777777777778,0.03288888888888889,0.009777777777777778,0.035555555555555556,0.03333333333333333,0.0,0.22977777777777778,0.013777777777777778,0.019555555555555555,0.06533333333333333,0.036,0.18933333333333333,0.012888888888888889,0.0022222222222222222,0.13377777777777777,0.005333333333333333,Пушкин,Путешествие в Арзум
0.04774193548387097,0.10150537634408602,0.04817204301075269,0.012043010752688172,0.04043010752688172,0.03354838709677419,0.00043010752688172043,0.1896774193548387,0.012043010752688172,0.03397849462365592,0.08817204301075268,0.02838709677419355,0.19870967741935483,0.01763440860215054,0.0,0.1475268817204301,0.0,Пушкин,Капитанская дочка
0.05410122164048865,0.07504363001745201,0.051774287376381616,0.015706806282722512,0.03781268179173938,0.027923211169284468,0.0,0.15241419429901104,0.013379872018615475,0.029668411867364748,0.11169284467713787,0.029086678301337987,0.22920302501454334,0.02268760907504363,0.0029086678301337987,0.14543339150668994,0.0011634671320535194,Пушкин,Марья Шонинг
0.061637534498620056,0.07727690892364306,0.05197792088316467,0.011039558417663294,0.034958601655933765,0.03357865685372585,0.0018399264029438822,0.16697332106715732,0.008739650413983441,0.03679852805887764,0.11039558417663294,0.025758969641214352,0.20653173873045078,0.021159153633854646,0.00045998160073597056,0.15087396504139836,0.0,Пушкин,Капитанская дочка
0.054093567251461985,0.08382066276803118,0.0550682261208577,0.01949317738791423,0.04337231968810916,0.021929824561403508,0.0,0.19298245614035087,0.011208576998050682,0.03216374269005848,0.07066276803118908,0.03996101364522417,0.19639376218323587,0.019005847953216373,0.0004873294346978557,0.15935672514619884,0.0,Пушкин,Метель
0.08555399719495091,0.09583917718560075,0.047685834502103785,0.007947639083683964,0.037868162692847124,0.0364656381486676,0.0,0.21224871435250117,0.009350163627863487,0.020570359981299673,0.06545114539504442,0.035530621785881254,0.18092566619915848,0.013557737260402058,0.0032725572697522207,0.1458625525946704,0.0018700327255726976,Пушкин,Путешествие в Арзум
0.03480565371024735,0.04946996466431095,0.021731448763250883,0.0031802120141342758,0.020141342756183747,0.026501766784452298,0.00017667844522968197,0.13162544169611307,0.010247349823321554,0.01254416961130742,0.03992932862190813,0.03833922261484099,0.2295053003533569,0.013074204946996466,0.0015901060070671379,0.0636042402826855,0.30353356890459365,Пушкин,Путешествие в Арзум
0.07080799304952215,0.07819287576020852,0.04083405734144222,0.014335360556038228,0.03431798436142485,0.03909643788010426,0.0,0.19113814074717636,0.008253692441355343,0.029105125977410946,0.08601216333622937,0.03996524761077324,0.184622067767159,0.016072980017376195,0.0047784535186794095,0.14031277150304083,0.022154648132059078,Пушкин,Рославлев
0.05495103373231774,0.07889009793253536,0.036724700761697496,0.005168661588683352,0.031828073993471165,0.042437431991294884,0.0002720348204570185,0.20674646354733406,0.016050054406964092,0.020402611534276388,0.0647442872687704,0.02747551686615887,0.28917301414581065,0.020674646354733407,0.002176278563656148,0.10174102285092491,0.000544069640914037,Пушкин,Путешествие в Арзум
0.07445385644226482,0.10610789121711993,0.032545697726259475,0.010254123941150245,0.034774855104770394,0.03299152920196166,0.0,0.22960320998662506,0.013820775746767721,0.020062416406598307,0.06509139545251895,0.036558181007579134,0.18903254569772626,0.012929112795363353,0.002229157378510923,0.13419527418635754,0.005349977708426215,Пушкин,Путешествие в Арзум
0.042289840123775145,0.07581227436823104,0.038679731820526045,0.009283135636926251,0.04177411036616813,0.02888086642599278,0.0005157297576070139,0.16039195461578132,0.007220216606498195,0.03558535327488396,0.111397627643115,0.040226921093347086,0.22692109334708613,0.014956162970603403,0.0,0.16606498194945848,0.0,Пушкин,Капитанская дочка
0.05122591943957969,0.07355516637478109,0.04597197898423818,0.010070052539404553,0.03502626970227671,0.03546409807355517,0.0008756567425569177,0.1668126094570928,0.010070052539404553,0.040718038528896675,0.09281961471103327,0.050350262697022766,0.23161120840630472,0.021891418563922942,0.0,0.13353765323992994,0.0,Пушкин,Капитанская дочка
0.043599776411403016,0.07881498043599776,0.05086640581330352,0.012297372833985467,0.03633314700950251,0.029066517607602014,0.0022358859698155395,0.15539407490218,0.006707657909446618,0.03912800447177194,0.11850195640022358,0.043040804918949134,0.21408608160983789,0.013974287311347122,0.0,0.15539407490218,0.0005589714924538849,Пушкин,Капитанская дочка
0.07756504663721159,0.11094747177221403,0.035346097201767304,0.008345606283750613,0.035346097201767304,0.030927835051546393,0.0,0.24349533627884143,0.013745704467353952,0.017673048600883652,0.054000981836033385,0.04221894943544428,0.18311242022582228,0.009818360333824251,0.0014727540500736377,0.13058419243986255,0.005400098183603338,Пушкин,Путешествие в Арзум
0.059887005649717516,0.103954802259887,0.03333333333333333,0.011864406779661017,0.024293785310734464,0.03446327683615819,0.0,0.22937853107344633,0.01638418079096045,0.011299435028248588,0.07231638418079096,0.02711864406779661,0.17457627118644067,0.010734463276836158,0.004519774011299435,0.15649717514124295,0.02937853107344633,Пушкин,Путешествие в Арзум
0.04934626739772248,0.0784479122733024,0.046393926613243354,0.015183466891606916,0.0396457191058625,0.030788696752425137,0.0008435259384226065,0.1687051876845213,0.010122311261071278,0.04301982285955293,0.0784479122733024,0.04765921552087727,0.22184732180514552,0.020244622522142555,0.0,0.14930409110080134,0.0,Пушкин,Капитанская дочка
0.01952662721893491,0.022287968441814597,0.008678500986193294,0.0039447731755424065,0.007297830374753451,0.00631163708086785,0.0,0.052465483234714005,0.008086785009861933,0.0033530571992110452,0.018343195266272188,0.05305719921104537,0.2155818540433925,0.002564102564102564,0.0017751479289940828,0.031360946745562134,0.5453648915187377,Пушкин,Путешествие в Арзум
0.06038017144986955,0.08535221766679091,0.049571375326127466,0.009690644800596348,0.04099888184867685,0.033544539694371975,0.0007454342154304882,0.19008572493477452,0.008572493477450614,0.037644427879239654,0.08907938874394335,0.014535967200894522,0.20350354081252328,0.016772269847185987,0.0003727171077152441,0.15915020499440924,0.0,Пушкин,Станционный смотритель
0.060199220441749676,0.08315288003464703,0.052403637938501516,0.019055868341273277,0.043308791684711995,0.024252923343438718,0.0,0.18536162841056736,0.010827197921177999,0.031182330012992636,0.07838891294932872,0.036379385015158076,0.19229103508012127,0.0194889562581204,0.00043308791684711995,0.16327414465136422,0.0,Пушкин,Метель
0.08888888888888889,0.09975308641975308,0.04987654320987654,0.007901234567901235,0.030617283950617285,0.029135802469135802,0.0,0.23407407407407407,0.009876543209876543,0.014814814814814815,0.06518518518518518,0.02962962962962963,0.18271604938271604,0.009876543209876543,0.002962962962962963,0.13925925925925925,0.005432098765432099,Пушкин,Путешествие в Арзум
0.07015985790408526,0.07682060390763766,0.03952042628774423,0.015541740674955595,0.03641207815275311,0.03774422735346359,0.0004440497335701599,0.18872113676731794,0.009325044404973356,0.02930728241563055,0.08392539964476022,0.040408525754884544,0.19005328596802842,0.017317939609236235,0.0026642984014209592,0.13587921847246892,0.02575488454706927,Пушкин,Рославлев
0.04693877551020408,0.06836734693877551,0.050510204081632655,0.009693877551020408,0.036734693877551024,0.02857142857142857,0.0005102040816326531,0.15459183673469387,0.01683673469387755,0.03979591836734694,0.08520408163265306,0.03316326530612245,0.25816326530612244,0.01683673469387755,0.0,0.14234693877551022,0.01173469387755102,Пушкин,Пиковая Дама
0.05095862764883956,0.07416750756811302,0.03632694248234107,0.00958627648839556,0.03632694248234107,0.029767911200807264,0.0010090817356205853,0.17608476286579214,0.007063572149344097,0.037840565085771945,0.09535822401614531,0.042885973763874874,0.24117053481331988,0.008072653884964682,0.0,0.15338042381432895,0.0,Пушкин,Капитанская дочка
0.0547945205479452,0.0747716894977169,0.053082191780821915,0.01598173515981735,0.039383561643835614,0.027968036529680364,0.0,0.15182648401826485,0.013127853881278538,0.02910958904109589,0.11073059360730593,0.028538812785388126,0.228310502283105,0.02226027397260274,0.0028538812785388126,0.1461187214611872,0.001141552511415525,Пушкин,Марья Шонинг
0.06338694418164617,0.0695364238410596,0.04730368968779565,0.010879848628192999,0.04257332071901608,0.03216650898770104,0.0,0.17880794701986755,0.013245033112582781,0.03453169347209082,0.07379375591296121,0.02459791863765374,0.24314096499526963,0.017029328287606435,0.0,0.14049195837275308,0.008514664143803218,Пушкин,Пиковая Дама
0.0421987784564131,0.07273736812881733,0.0416435313714603,0.015546918378678512,0.029983342587451417,0.03720155469183787,0.001110494169905608,0.1510272071071627,0.008883953359244865,0.03387007218212104,0.12326485285952249,0.04775124930594114,0.21543586896168795,0.01776790671848973,0.0,0.16157690172126596,0.0,Пушкин,Капитанская дочка
0.10012062726176116,0.08604744672295939,0.04503417772416566,0.007237635705669481,0.05347808604744672,0.028950542822677925,0.0004020908725371934,0.2565339766787294,0.015681544028950542,0.017289907519099316,0.04463208685162847,0.026537997587454766,0.18174507438681142,0.014475271411338963,0.0036188178528347406,0.11821471652593486,0.0,Пушкин,История села Горюхина
0.05670529801324503,0.07119205298013245,0.05339403973509934,0.021109271523178808,0.04263245033112583,0.027317880794701987,0.0,0.18170529801324503,0.009933774834437087,0.030629139072847682,0.07905629139072848,0.0418046357615894,0.2152317880794702,0.019867549668874173,0.0004139072847682119,0.14693708609271522,0.0020695364238410598,Пушкин,Метель
0.09786096256684491,0.09251336898395722,0.040106951871657755,0.00909090909090909,0.034224598930481284,0.022994652406417113,0.0,0.20748663101604278,0.01229946524064171,0.021925133689839574,0.07005347593582888,0.033689839572192515,0.19144385026737967,0.011764705882352941,0.0042780748663101605,0.1358288770053476,0.014438502673796792,Пушкин,Путешествие в Арзум
0.06960035922766053,0.07633587786259542,0.04265828468792097,0.015267175572519083,0.03592276605298608,0.03951504265828469,0.000449034575662326,0.19802424786708578,0.007184553210597216,0.02828917826672654,0.08890884598114054,0.0327795240233498,0.18949259092950158,0.017512348450830714,0.004939380332285586,0.14683430624158061,0.006286484059272564,Пушкин,Рославлев
0.056199821587867974,0.08742194469223907,0.04727921498661909,0.012042818911685994,0.04192685102586976,0.036574487065120426,0.0008920606601248885,0.17618198037466548,0.007582515611061552,0.030776092774308653,0.09143621766280106,0.0504014272970562,0.1895628902765388,0.02007136485280999,0.0,0.15165031222123104,0.0,Пушкин,Капитанская дочка
0.09675675675675675,0.0918918918918919,0.043243243243243246,0.008648648648648649,0.034594594594594595,0.021621621621621623,0.0,0.20432432432432432,0.012972972972972972,0.023783783783783784,0.06972972972972973,0.03567567567567568,0.1918918918918919,0.011891891891891892,0.004324324324324324,0.13405405405405404,0.014594594594594595,Пушкин,Путешествие в Арзум
0.06444906444906445,0.08316008316008316,0.05280665280665281,0.009147609147609148,0.040332640332640335,0.03076923076923077,0.0,0.19334719334719336,0.0058212058212058215,0.028690228690228692,0.09854469854469855,0.022453222453222454,0.19667359667359668,0.018711018711018712,0.0,0.1550935550935551,0.0,Пушкин,Капитанская дочка
0.06960035922766053,0.07633587786259542,0.04265828468792097,0.015267175572519083,0.03592276605298608,0.03951504265828469,0.000449034575662326,0.19802424786708578,0.007184553210597216,0.02828917826672654,0.08890884598114054,0.0327795240233498,0.18949259092950158,0.017512348450830714,0.004939380332285586,0.14683430624158061,0.006286484059272564,Пушкин,Рославлев
0.08541734329327703,0.09061383566092887,0.05099058135758363,0.013965573238064306,0.046443650535888274,0.035076323481649886,0.0,0.21468009093861642,0.015589477102955504,0.027931146476128613,0.0834686586554076,0.019162065605716143,0.16174082494316336,0.017213380967846702,0.004871711594673595,0.13218577460214356,0.0006495615459564793,Пушкин,История села Горюхина
0.04972592012529366,0.08457321848081441,0.04072043852779953,0.014487079091620987,0.04150352388410337,0.04267815191855912,0.0007830853563038371,0.1601409553641347,0.003915426781519186,0.03876272513703994,0.12411902897415818,0.04267815191855912,0.19655442443226312,0.017227877838684416,0.0,0.1417384494909945,0.00039154267815191856,Пушкин,Капитанская дочка
0.04657293497363796,0.070298769771529,0.04525483304042179,0.011423550087873463,0.037785588752196834,0.03734622144112478,0.0004393673110720562,0.1577328646748682,0.007469244288224956,0.043497363796133566,0.10105448154657294,0.05008787346221441,0.23110720562390158,0.022847100175746926,0.0,0.13708260105448156,0.0,Пушкин,Капитанская дочка
0.0661764705882353,0.07674632352941177,0.042738970588235295,0.01332720588235294,0.034466911764705885,0.04090073529411765,0.00045955882352941176,0.19163602941176472,0.006433823529411764,0.03170955882352941,0.09512867647058823,0.03125,0.19071691176470587,0.017463235294117647,0.00505514705882353,0.14981617647058823,0.0059742647058823525,Пушкин,Рославлев
0.05956471935853379,0.10538373424971363,0.029782359679266894,0.012600229095074456,0.029209621993127148,0.03608247422680412,0.0,0.2411225658648339,0.015463917525773196,0.011454753722794959,0.072737686139748,0.026918671248568157,0.1706758304696449,0.009736540664375716,0.0028636884306987398,0.1575028636884307,0.018900343642611683,Пушкин,Путешествие в Арзум
0.06390081068192656,0.06962327134000953,0.04673342870767763,0.010968049594659036,0.042441583214115404,0.032904148783977114,0.0,0.18073438245112064,0.011921793037672867,0.03481163567000477,0.07534573199809251,0.024320457796852647,0.2446351931330472,0.017167381974248927,0.0,0.14163090128755365,0.002861230329041488,Пушкин,Пиковая Дама
0.06382978723404255,0.07328605200945626,0.042080378250591015,0.014184397163120567,0.04066193853427896,0.03451536643026005,0.0,0.1735224586288416,0.008037825059101654,0.03829787234042553,0.11158392434988179,0.02033096926713948,0.21418439716312057,0.017494089834515367,0.0,0.14799054373522458,0.0,Пушкин,Капитанская дочка
0.04900181488203267,0.08484573502722323,0.03765880217785844,0.010435571687840291,0.041742286751361164,0.032667876588021776,0.00045372050816696913,0.17150635208711434,0.009981851179673321,0.029945553539019964,0.10480943738656988,0.03130671506352087,0.2250453720508167,0.01588021778584392,0.0,0.15471869328493648,0.0,Пушкин,Капитанская дочка
0.05504201680672269,0.08445378151260505,0.053361344537815124,0.0067226890756302525,0.043697478991596636,0.028991596638655463,0.0004201680672268908,0.18361344537815127,0.008403361344537815,0.03361344537815126,0.08991596638655462,0.018487394957983194,0.21764705882352942,0.018067226890756304,0.0004201680672268908,0.15714285714285714,0.0,Пушкин,Станционный смотритель
0.057854406130268196,0.08888888888888889,0.04061302681992337,0.016091954022988506,0.04367816091954023,0.04559386973180077,0.0003831417624521073,0.17471264367816092,0.0053639846743295016,0.03409961685823755,0.11762452107279693,0.03984674329501916,0.18199233716475097,0.017241379310344827,0.0,0.1360153256704981,0.0,Пушкин,Капитанская дочка
0.06140350877192982,0.08284600389863547,0.04093567251461988,0.004873294346978557,0.0341130604288499,0.03313840155945419,0.0,0.14912280701754385,0.004873294346978557,0.043859649122807015,0.10818713450292397,0.025341130604288498,0.21832358674463936,0.016569200779727095,0.015594541910331383,0.14035087719298245,0.02046783625730994,Пушкин,На углу маленькой площади
0.05642504118616145,0.07331136738056013,0.05560131795716639,0.021004942339373972,0.04406919275123559,0.029654036243822075,0.0,0.1758649093904448,0.008649093904448105,0.030065897858319604,0.08443163097199341,0.039950576606260293,0.21375617792421747,0.018121911037891267,0.0,0.1470345963756178,0.002059308072487644,Пушкин,Метель
0.08519362186788156,0.09658314350797266,0.04829157175398633,0.007744874715261959,0.03735763097949886,0.03781321184510251,0.0,0.21275626423690205,0.009111617312072893,0.020045558086560365,0.06605922551252848,0.03462414578587699,0.17813211845102506,0.014123006833712985,0.0031890660592255125,0.14715261958997722,0.0018223234624145787,Пушкин,Путешествие в Арзум
0.10454722114263505,0.08511465215701516,0.045472211426350564,0.00971628449280995,0.05635445005829771,0.029926156237854645,0.000388651379712398,0.25845316750874464,0.015934706568208317,0.018655266226195105,0.04430625728721337,0.025262339681305868,0.1713952584531675,0.013602798289933929,0.003497862417411582,0.11698406529343179,0.000388651379712398,Пушкин,История села Горюхина
0.07043603258265453,0.08672735984666986,0.043603258265452804,0.008624820316243412,0.03258265452803066,0.03497843794920939,0.0,0.20555821753713463,0.015333013895543843,0.01964542405366555,0.06947771921418304,0.03449928126497365,0.1998083373263057,0.011020603737422138,0.0,0.1648298993770963,0.0028749401054144704,Пушкин,Пиковая Дама
0.07077393075356415,0.09775967413441955,0.038696537678207736,0.017311608961303463,0.03513238289205703,0.03207739307535642,0.0,0.1934826883910387,0.012219959266802444,0.025458248472505093,0.10285132382892057,0.029022403258655804,0.17769857433808553,0.008655804480651732,0.0005091649694501018,0.15835030549898166,0.0,Пушкин,Путешествие в Арзум
0.055817947617003004,0.08587376556462001,0.04937741519965651,0.013310433662516101,0.040360669815371404,0.0390725633319021,0.0008587376556462001,0.1786174323744096,0.007728638900815801,0.030485186775440102,0.09059682267067411,0.043366251610133105,0.1893516530699871,0.021897810218978103,0.0,0.15328467153284672,0.0,Пушкин,Капитанская дочка
0.0644883920894239,0.0825451418744626,0.040412725709372314,0.01117798796216681,0.027944969905417026,0.040412725709372314,0.0,0.17669819432502148,0.009888220120378332,0.03224419604471195,0.08899398108340499,0.029664660361134996,0.2235597592433362,0.015047291487532245,0.0,0.15047291487532244,0.006448839208942391,Пушкин,Пиковая Дама
0.07111501316944688,0.08121158911325724,0.035996488147497806,0.012291483757682178,0.03775241439859526,0.03950834064969271,0.0004389815627743635,0.18920105355575065,0.011852502194907815,0.033362598770851626,0.08428446005267778,0.04214223002633889,0.1874451273046532,0.01755926251097454,0.0004389815627743635,0.13037752414398596,0.02502194907813872,Пушкин,Рославлев
0.06332757628094415,0.08232584916522741,0.044905008635578586,0.0063327576280944155,0.03223949337938975,0.037996545768566495,0.0,0.20149683362118595,0.016119746689694875,0.017271157167530225,0.06505469199769717,0.039723661485319514,0.2095567069660334,0.012089810017271158,0.0,0.1715601611974669,0.0,Пушкин,Пиковая Дама
0.07605921388463502,0.10770801429300664,0.036753445635528334,0.007656967840735069,0.031138335885655948,0.02858601327207759,0.0,0.23991832567636548,0.021949974476773864,0.01225114854517611,0.05666156202143951,0.03777437468095967,0.18427769270035732,0.01225114854517611,0.0030627871362940277,0.1388463501786626,0.005104645227156712,Пушкин,Путешествие в Арзум
0.06208333333333333,0.0875,0.05,0.00875,0.050416666666666665,0.041666666666666664,0.0004166666666666667,0.20875,0.007083333333333333,0.027083333333333334,0.06166666666666667,0.028333333333333332,0.19833333333333333,0.017083333333333332,0.0,0.15041666666666667,0.0004166666666666667,Пушкин,Гробовщик
0.05837320574162679,0.06985645933014355,0.049282296650717705,0.011483253588516746,0.04114832535885168,0.03205741626794258,0.0,0.17272727272727273,0.014354066985645933,0.03444976076555024,0.0784688995215311,0.027751196172248804,0.24593301435406698,0.013397129186602871,0.0,0.14210526315789473,0.00861244019138756,Пушкин,Пиковая Дама
0.06311154598825831,0.07974559686888454,0.040117416829745595,0.011252446183953033,0.03816046966731898,0.03424657534246575,0.0,0.1771037181996086,0.009784735812133072,0.029354207436399216,0.11203522504892367,0.023972602739726026,0.21526418786692758,0.015166340508806261,0.0,0.1506849315068493,0.0,Пушкин,Капитанская дочка
0.04640151515151515,0.08901515151515152,0.04498106060606061,0.008996212121212122,0.04071969696969697,0.026515151515151516,0.0004734848484848485,0.1875,0.007575757575757576,0.019886363636363636,0.0790719696969697,0.050662878787878785,0.22301136363636365,0.010890151515151516,0.0,0.16429924242424243,0.0,Пушкин,Капитанская дочка
0.0499092558983666,0.07486388384754991,0.05308529945553539,0.012704174228675136,0.03901996370235935,0.024500907441016333,0.0013611615245009074,0.19192377495462795,0.007259528130671506,0.03130671506352087,0.08484573502722323,0.010889292196007259,0.2382032667876588,0.015426497277676952,0.0009074410163339383,0.16379310344827586,0.0,Пушкин,Капитанская дочка
0.05194319880418535,0.08333333333333333,0.05194319880418535,0.009342301943198805,0.03998505231689088,0.03139013452914798,0.0007473841554559044,0.18236173393124067,0.007100149476831091,0.03961136023916293,0.09005979073243647,0.018310911808669655,0.21150971599402094,0.018310911808669655,0.0003736920777279522,0.16367713004484305,0.0,Пушкин,Станционный смотритель
0.037694013303769404,0.07095343680709534,0.03492239467849224,0.014412416851441241,0.03436807095343681,0.033813747228381374,0.0005543237250554324,0.14412416851441243,0.006097560975609756,0.03436807095343681,0.13303769401330376,0.05266075388026607,0.22172949002217296,0.017738359201773836,0.0,0.16352549889135254,0.0,Пушкин,Капитанская дочка
0.037055583375062595,0.07761642463695544,0.0485728592889334,0.013019529293940912,0.04156234351527291,0.03405107661492238,0.00100150225338007,0.14521782674011016,0.00400600901352028,0.041061592388582875,0.1256885327991988,0.053079619429143715,0.21231847771657486,0.016524787180771158,0.0,0.14872308462694042,0.000500751126690035,Пушкин,Капитанская дочка
0.06140350877192982,0.08284600389863547,0.04093567251461988,0.004873294346978557,0.0341130604288499,0.03313840155945419,0.0,0.14912280701754385,0.004873294346978557,0.043859649122807015,0.10818713450292397,0.025341130604288498,0.21832358674463936,0.016569200779727095,0.015594541910331383,0.14035087719298245,0.02046783625730994,Пушкин,На углу маленькой площади
0.06375976964212259,0.08391608391608392,0.05183052241875771,0.00904977375565611,0.03990127519539284,0.03249691484985603,0.0,0.19415878239407652,0.005758946935417524,0.028794734677087618,0.09872480460715755,0.0213903743315508,0.1974496092143151,0.018922254216371864,0.0,0.15384615384615385,0.0,Пушкин,Капитанская дочка
0.046247464503042596,0.07870182555780933,0.04827586206896552,0.015415821501014199,0.03894523326572008,0.03002028397565923,0.0008113590263691683,0.17119675456389452,0.00973630831643002,0.04462474645030426,0.07829614604462475,0.05070993914807302,0.21703853955375255,0.020689655172413793,0.0,0.14929006085192698,0.0,Пушкин,Капитанская дочка
0.06982803543512246,0.09744658676393955,0.040125065138092754,0.018238665971860343,0.034392912975508075,0.027618551328817093,0.0,0.18811881188118812,0.01354872329338197,0.026055237102657634,0.10057321521625846,0.03335070349140177,0.18551328817092236,0.007295466388744137,0.0010422094841063053,0.15164147993746743,0.005211047420531527,Пушкин,Путешествие в Арзум
0.06386066763425254,0.07692307692307693,0.0440251572327044,0.014029995162070633,0.03289791969037252,0.04160619254958878,0.0004837929366231253,0.18867924528301888,0.006773101112723754,0.0324141267537494,0.09724238026124818,0.031446540880503145,0.1935171746492501,0.017900338655055636,0.005321722302854378,0.14658925979680695,0.006289308176100629,Пушкин,Рославлев
0.060246262093227795,0.08663148636763413,0.05013192612137203,0.008795074758135445,0.04969217238346526,0.04133685136323659,0.00043975373790677223,0.2040457343887423,0.006596306068601583,0.028144239226033423,0.06244503078276165,0.02990325417766051,0.20184696569920843,0.01759014951627089,0.0,0.1517150395778364,0.00043975373790677223,Пушкин,Гробовщик
0.05031731640979148,0.0770625566636446,0.05349048050770626,0.008159564823209429,0.034904805077062555,0.034904805077062555,0.0013599274705349048,0.1931097008159565,0.006346328195829556,0.032638259292837715,0.08884859474161379,0.014959202175883953,0.2370806890299184,0.01586582048957389,0.0009066183136899365,0.1500453309156845,0.0,Пушкин,Капитанская дочка
0.08099547511312218,0.10090497737556561,0.037104072398190045,0.012217194570135747,0.037104072398190045,0.03076923076923077,0.0,0.22171945701357465,0.013574660633484163,0.021266968325791856,0.07149321266968325,0.038461538461538464,0.17828054298642534,0.014479638009049774,0.0018099547511312218,0.13891402714932127,0.0009049773755656109,Пушкин,Путешествие в Арзум
0.06561996779388084,0.07971014492753623,0.04669887278582931,0.010869565217391304,0.043478260869565216,0.030595813204508857,0.0,0.18518518518518517,0.010466988727858293,0.033816425120772944,0.08373590982286634,0.023752012882447666,0.20571658615136876,0.017310789049919485,0.0,0.1566022544283414,0.00644122383252818,Пушкин,Пиковая Дама
0.0499092558983666,0.07486388384754991,0.05308529945553539,0.012704174228675136,0.03901996370235935,0.024500907441016333,0.0013611615245009074,0.19192377495462795,0.007259528130671506,0.03130671506352087,0.08484573502722323,0.010889292196007259,0.2382032667876588,0.015426497277676952,0.0009074410163339383,0.16379310344827586,0.0,Пушкин,Капитанская дочка
0.060859188544152745,0.09347653142402546,0.046539379474940336,0.018297533810660304,0.045346062052505964,0.04097056483691328,0.0,0.18814638027048528,0.008750994431185362,0.0330151153540175,0.09188544152744631,0.032219570405727926,0.16428003182179793,0.01988862370723946,0.0,0.15632458233890215,0.0,Пушкин,Капитанская дочка
0.05372104484967965,0.08969935929029078,0.03794972893050764,0.007392804337111878,0.03844258255298177,0.02759980285855101,0.0,0.18629866929521932,0.009857072449482503,0.02858551010349926,0.09906357811729916,0.029078363725973385,0.21586988664366683,0.009857072449482503,0.0,0.16658452439625432,0.0,Пушкин,Капитанская дочка
0.052845528455284556,0.07859078590785908,0.05600722673893405,0.01038843721770551,0.036133694670280034,0.03342366757000903,0.0009033423667570009,0.19060523938572718,0.005871725383920506,0.03342366757000903,0.08897922312556458,0.015808491418247517,0.23396567299006324,0.015808491418247517,0.0009033423667570009,0.14634146341463414,0.0,Пушкин,Капитанская дочка
0.05142857142857143,0.06857142857142857,0.024873949579831932,0.010084033613445379,0.025210084033613446,0.021848739495798318,0.0,0.14756302521008402,0.009747899159663866,0.013445378151260505,0.05445378151260504,0.04336134453781513,0.15361344537815125,0.009411764705882352,0.002352941176470588,0.09647058823529411,0.267563025210084,Пушкин,Путешествие в Арзум
0.06781701444622792,0.08186195826645265,0.044141252006420544,0.011235955056179775,0.04373996789727127,0.02969502407704655,0.0,0.18659711075441412,0.01043338683788122,0.03451043338683788,0.0826645264847512,0.025280898876404494,0.1998394863563403,0.01725521669341894,0.0,0.15850722311396467,0.006420545746388443,Пушкин,Пиковая Дама
0.08480228680323963,0.09575988565983802,0.046688899475940925,0.006669842782277275,0.03763696998570748,0.03858980466888995,0.0,0.21152929966650785,0.010004764173415913,0.018580276322058123,0.06765126250595521,0.03334921391138637,0.18056217246307765,0.01333968556455455,0.0028585040495474035,0.1500714626012387,0.0019056693663649356,Пушкин,Путешествие в Арзум
0.05172413793103448,0.08177339901477833,0.03645320197044335,0.008866995073891626,0.03793103448275862,0.029064039408866996,0.0009852216748768472,0.183743842364532,0.0064039408866995075,0.02561576354679803,0.08374384236453201,0.0458128078817734,0.2413793103448276,0.007389162561576354,0.0,0.15911330049261083,0.0,Пушкин,Капитанская дочка
0.050505050505050504,0.07943067033976126,0.0440771349862259,0.010101010101010102,0.03764921946740129,0.03856749311294766,0.0004591368227731864,0.15105601469237834,0.005509641873278237,0.03902662993572085,0.10743801652892562,0.05785123966942149,0.22176308539944903,0.022497704315886134,0.0,0.13406795224977044,0.0,Пушкин,Капитанская дочка
0.06953814218993254,0.09652309289050337,0.03943954333160353,0.017644006227296314,0.03580695381421899,0.02802283341982356,0.0,0.1868188894654904,0.012454592631032694,0.02594706798131811,0.10275038920601973,0.03321224701608718,0.18578100674623768,0.007265179034769071,0.0010378827192527244,0.1525687597301505,0.005189413596263622,Пушкин,Путешествие в Арзум
0.09228362877997914,0.09593326381647549,0.03441084462982273,0.006777893639207508,0.0370177267987487,0.023983315954118872,0.0,0.21063607924921793,0.010427528675703858,0.022419186652763295,0.06882168925964546,0.03388946819603754,0.19343065693430658,0.011470281543274244,0.0026068821689259644,0.14181438998957246,0.014077163712200209,Пушкин,Путешествие в Арзум
0.06829268292682927,0.08780487804878048,0.042926829268292686,0.008292682926829269,0.033170731707317075,0.0351219512195122,0.0,0.20634146341463414,0.015609756097560976,0.0175609756097561,0.06780487804878049,0.0351219512195122,0.1980487804878049,0.011707317073170732,0.0,0.16926829268292684,0.002926829268292683,Пушкин,Пиковая Дама
0.05880243814987451,0.0914306202940122,0.042309071351738975,0.01541771244173539,0.04481893151667264,0.03764790247400502,0.00035855145213338117,0.17640731444962351,0.007171029042667623,0.035855145213338116,0.11007529580494801,0.043384725708139116,0.1807099318752241,0.01936177841520258,0.0,0.13624955181068482,0.0,Пушкин,Капитанская дочка
0.06975633062589584,0.08122312470138557,0.041567128523650264,0.009555661729574774,0.03870043000477783,0.024844720496894408,0.0,0.18251313903487817,0.01051122790253225,0.03248924988055423,0.08600095556617296,0.030100334448160536,0.20688007644529383,0.01098901098901099,0.0,0.16722408026755853,0.007644529383659818,Пушкин,Пиковая Дама
0.06416040100250626,0.07568922305764411,0.0431077694235589,0.014536340852130326,0.033583959899749376,0.04160401002506266,0.0005012531328320802,0.18646616541353384,0.007017543859649123,0.033583959899749376,0.09824561403508772,0.03258145363408521,0.19348370927318295,0.017543859649122806,0.005513784461152882,0.14586466165413534,0.006516290726817042,Пушкин,Рославлев
0.09129662522202486,0.08596802841918295,0.05399644760213144,0.012433392539964476,0.05115452930728242,0.03268206039076377,0.0,0.22735346358792186,0.01492007104795737,0.028063943161634103,0.07424511545293074,0.018117229129662522,0.16838365896980462,0.012433392539964476,0.003197158081705151,0.12539964476021315,0.00035523978685612787,Пушкин,История села Горюхина
0.0705983641842445,0.08996986655187258,0.04218682737839001,0.01076194575979337,0.03142488161859664,0.04089539388721481,0.0,0.18725785622040464,0.01076194575979337,0.024537236332328884,0.08136030994403788,0.031855359448988374,0.20964270340077487,0.013775290572535515,0.0,0.1485148514851485,0.0064571674558760225,Пушкин,Пиковая Дама
0.09343299519487454,0.09396689802455953,0.03416978109983983,0.0058729311265349705,0.036305392418579815,0.02402562733582488,0.0,0.20875600640683395,0.012279765082754938,0.02402562733582488,0.06833956219967965,0.034703683929524824,0.19327282434596904,0.011745862253069941,0.003203416978109984,0.1414842498665243,0.014415376401494928,Пушкин,Путешествие в Арзум
0.060240963855421686,0.08691910499139414,0.04991394148020654,0.008605851979345954,0.050344234079173836,0.04130808950086059,0.0004302925989672978,0.2082616179001721,0.006454388984509466,0.027538726333907058,0.06153184165232358,0.029259896729776247,0.20137693631669534,0.01721170395869191,0.0,0.1501721170395869,0.0004302925989672978,Пушкин,Гробовщик
0.07553026383859286,0.09725814795654424,0.04242110708742887,0.017071908949818936,0.03621314019658562,0.024831867563372995,0.0,0.19037765131919296,0.014485256078634247,0.02586652871184687,0.09363683393688567,0.03673047077082255,0.18727366787377134,0.007759958613554061,0.0010346611484738748,0.14433523021210554,0.005173305742369374,Пушкин,Путешествие в Арзум
0.06160337552742616,0.08734177215189873,0.049367088607594936,0.008860759493670886,0.05063291139240506,0.04177215189873418,0.0004219409282700422,0.2088607594936709,0.007172995780590718,0.0270042194092827,0.06160337552742616,0.02869198312236287,0.1991561181434599,0.016877637130801686,0.0,0.150210970464135,0.0004219409282700422,Пушкин,Гробовщик
0.0640346653827636,0.07703418391911411,0.043813192103996146,0.013962445835339432,0.03322099181511796,0.04188733750601829,0.00048146364949446316,0.18921521425132404,0.006740491092922484,0.03225806451612903,0.09725565719788155,0.031295137217140105,0.19306692344727974,0.01781415503129514,0.005296100144439095,0.1463649494463168,0.006259027443428021,Пушкин,Рославлев
0.09461426491994178,0.08369723435225619,0.05349344978165939,0.010553129548762736,0.050946142649199416,0.03238719068413391,0.0,0.2361717612809316,0.01564774381368268,0.028384279475982533,0.06695778748180495,0.018558951965065504,0.16885007278020378,0.014192139737991267,0.00363901018922853,0.1215429403202329,0.000363901018922853,Пушкин,История села Горюхина
0.04894179894179894,0.08024691358024691,0.039241622574955906,0.010141093474426807,0.04188712522045855,0.03262786596119929,0.0004409171075837742,0.164021164021164,0.00837742504409171,0.03262786596119929,0.10758377425044091,0.031746031746031744,0.22707231040564374,0.01895943562610229,0.0,0.15608465608465608,0.0,Пушкин,Капитанская дочка
0.04920273348519362,0.08246013667425968,0.04419134396355353,0.010022779043280182,0.0387243735763098,0.03963553530751709,0.00045558086560364467,0.15444191343963554,0.005466970387243736,0.0387243735763098,0.10797266514806378,0.05649202733485194,0.21548974943052393,0.021867881548974944,0.0,0.1348519362186788,0.0,Пушкин,Капитанская дочка
0.10452543051661994,0.0841009211053264,0.048057669203043656,0.00881057268722467,0.054064877853424106,0.0276331597917501,0.00040048057669203043,0.25830997196635963,0.016419703644373247,0.01682018422106528,0.0460552663195835,0.02523027633159792,0.1750100120144173,0.013215859030837005,0.004004805766920304,0.11734080897076492,0.0,Пушкин,История села Горюхина
0.05636638147961751,0.08958228485153498,0.0377453447408153,0.00805234021137393,0.04026170105686965,0.026170105686965275,0.0,0.19124308002013085,0.010065425264217413,0.027679919476597887,0.0996477101157524,0.029693004529441368,0.21137393054856568,0.008555611474584801,0.0,0.16356316054353295,0.0,Пушкин,Капитанская дочка
0.052873563218390804,0.06988505747126436,0.049195402298850575,0.013793103448275862,0.03954022988505747,0.020689655172413793,0.001379310344827586,0.1728735632183908,0.005977011494252874,0.03954022988505747,0.09609195402298851,0.01839080459770115,0.2386206896551724,0.01839080459770115,0.0004597701149425287,0.16229885057471263,0.0,Пушкин,Капитанская дочка
0.07808219178082192,0.10410958904109589,0.032420091324200914,0.01004566210045662,0.03561643835616438,0.032420091324200914,0.0,0.228310502283105,0.014155251141552512,0.02009132420091324,0.07123287671232877,0.03287671232876712,0.1872146118721461,0.0136986301369863,0.00228310502283105,0.13607305936073058,0.0013698630136986301,Пушкин,Путешествие в Арзум
0.020837467751538004,0.025203413375669777,0.009724151617384401,0.0045643976979559435,0.009128795395911887,0.00813653502679103,0.0,0.05834490970430641,0.006747370510021829,0.0045643976979559435,0.022226632268307202,0.050605278825163726,0.18674340146854534,0.004365945624131772,0.0013891645167692002,0.03869815439571343,0.548719984123834,Пушкин,Путешествие в Арзум
0.05822416302765648,0.08413391557496361,0.039301310043668124,0.005531295487627365,0.03406113537117904,0.045414847161572056,0.0002911208151382824,0.2180494905385735,0.014264919941775837,0.021834061135371178,0.0692867540029112,0.02445414847161572,0.25211062590975253,0.02212518195050946,0.0023289665211062593,0.10858806404657934,0.0,Пушкин,Путешествие в Арзум
0.09381663113006397,0.09328358208955224,0.03624733475479744,0.007462686567164179,0.036780383795309166,0.024520255863539446,0.0,0.2062899786780384,0.01279317697228145,0.02398720682302772,0.06823027718550106,0.033582089552238806,0.19189765458422176,0.013326226012793176,0.0031982942430703624,0.14019189765458423,0.014392324093816631,Пушкин,Путешествие в Арзум
0.041050903119868636,0.08045977011494253,0.051450465243568694,0.01532567049808429,0.03667214012041598,0.030103995621237,0.0016420361247947454,0.15435139573070608,0.005473453749315818,0.03940886699507389,0.11986863711001643,0.042692939244663386,0.21018062397372742,0.013136288998357963,0.0,0.15763546798029557,0.0005473453749315818,Пушкин,Капитанская дочка
0.06097560975609756,0.06894934333958724,0.04690431519699812,0.010318949343339587,0.04455909943714822,0.03189493433395872,0.0,0.18105065666041276,0.01125703564727955,0.03283302063789869,0.07363977485928705,0.024390243902439025,0.2401500938086304,0.017354596622889306,0.0,0.1472795497185741,0.008442776735459663,Пушкин,Пиковая Дама
0.06191950464396285,0.0804953560371517,0.04024767801857585,0.005159958720330237,0.04024767801857585,0.033023735810113516,0.0,0.1785345717234262,0.007223942208462332,0.023735810113519093,0.09391124871001032,0.04231166150670795,0.2002063983488132,0.011351909184726523,0.010319917440660475,0.17131062951496387,0.0,Пушкин,Повесть из римской жизни
0.062143310082435003,0.07989854153455929,0.04375396322130628,0.0057070386810399495,0.032974001268230815,0.03614457831325301,0.0,0.20228281547241597,0.014584654407102092,0.016487000634115408,0.06658211794546608,0.04121750158528852,0.2136968928344959,0.012048192771084338,0.0,0.17247939124920736,0.0,Пушкин,Пиковая Дама
0.04913557779799818,0.08462238398544131,0.047315741583257506,0.01091901728844404,0.04049135577797998,0.029572338489535943,0.00045495905368516835,0.17788898999090083,0.011373976342129208,0.03958143767060965,0.07688808007279345,0.042766151046405826,0.2211101000909918,0.019563239308462238,0.0,0.1483166515013649,0.0,Пушкин,Капитанская дочка
0.06998158379373849,0.08103130755064457,0.03913443830570902,0.010128913443830571,0.03314917127071823,0.03222836095764273,0.0,0.17633517495395948,0.010589318600368325,0.03268876611418048,0.08333333333333333,0.029465930018416207,0.22375690607734808,0.014732965009208104,0.0,0.16022099447513813,0.0032228360957642726,Пушкин,Пиковая Дама
0.05960028551034975,0.09064953604568166,0.04139900071377588,0.015346181299072092,0.044967880085653104,0.037116345467523196,0.00035688793718772306,0.1766595289079229,0.007137758743754461,0.03640256959314775,0.11027837259100642,0.04354032833690221,0.18022840827980013,0.01891506067094932,0.0,0.13740185581727338,0.0,Пушкин,Капитанская дочка
0.06471095772217429,0.08455565142364108,0.04616048317515099,0.015099223468507334,0.033218291630716136,0.03710094909404659,0.0,0.16781708369283865,0.00819672131147541,0.03364969801553063,0.11691113028472822,0.02200172562553926,0.2070750647109577,0.015962036238136326,0.012942191544434857,0.13114754098360656,0.003451251078515962,Пушкин,Роман в письмах
0.06779661016949153,0.10477657935285054,0.03389830508474576,0.014381099126861838,0.030816640986132512,0.03338469440164355,0.0,0.22444786851566512,0.015921931176168466,0.012840267077555213,0.08115048793014895,0.030303030303030304,0.17257318952234207,0.009758602978941962,0.0061633281972265025,0.15819209039548024,0.0035952747817154596,Пушкин,Путешествие в Арзум
0.06436603334625823,0.09461031407522295,0.04381543233811555,0.017836370686312525,0.04303993796044979,0.04148894920511826,0.0,0.1892206281504459,0.009305932531989143,0.032958511050794885,0.0895696006203955,0.031795269484296236,0.16789453276463745,0.02055060100814269,0.0,0.15354788677782086,0.0,Пушкин,Капитанская дочка
0.06087602078693393,0.09020044543429843,0.03971789161098738,0.015219005196733483,0.045657015590200446,0.04417223459539718,0.0003711952487008166,0.18002969561989607,0.006310319227913883,0.03303637713437268,0.11395694135115071,0.038604305864884926,0.17780252412769115,0.017817371937639197,0.0,0.13622865627319972,0.0,Пушкин,Капитанская дочка
0.05563032750112158,0.08254822790489008,0.05563032750112158,0.011215791834903545,0.03589053387169134,0.03454463885150292,0.0008972633467922835,0.1902198295199641,0.005832211754149843,0.03095558546433378,0.09062359802602064,0.016599371915657246,0.231045311799013,0.01570210856886496,0.0008972633467922835,0.1417676087931808,0.0,Пушкин,Капитанская дочка
0.05593143888137122,0.08660351826792964,0.041046459179070814,0.009472259810554804,0.02886783942264321,0.04285069914298602,0.0,0.17365809652683806,0.007216959855660803,0.03563373928732522,0.11682453766350925,0.019846639603067207,0.2074875958502481,0.016689219666215605,0.012629679747406405,0.12674785746504286,0.01849345963013081,Пушкин,Роман в письмах
0.06160337552742616,0.08734177215189873,0.049367088607594936,0.008860759493670886,0.05063291139240506,0.04177215189873418,0.0004219409282700422,0.2088607594936709,0.007172995780590718,0.0270042194092827,0.06160337552742616,0.02869198312236287,0.1991561181434599,0.016877637130801686,0.0,0.150210970464135,0.0004219409282700422,Пушкин,Гробовщик
0.04002163331530557,0.07247160627366143,0.03136830719307734,0.01352082206598161,0.03677663601946998,0.03299080584099513,0.0005408328826392645,0.14818820984315847,0.0048674959437533805,0.03461330448891293,0.1276365603028664,0.05678745267712277,0.2239048134126555,0.018929150892374257,0.0,0.15738236884802595,0.0,Пушкин,Капитанская дочка
0.09317963496637849,0.09462055715658022,0.04418828049951969,0.012968299711815562,0.03602305475504323,0.025456292026897216,0.0,0.20124879923150815,0.01729106628242075,0.021133525456292025,0.07829010566762729,0.037463976945244955,0.18059558117195004,0.011527377521613832,0.004322766570605188,0.13592699327569643,0.005763688760806916,Пушкин,Путешествие в Арзум
0.06358668653750621,0.07501241927471436,0.04272230501738698,0.014406358668653751,0.033283656234475906,0.04222553402881272,0.0004967709885742673,0.18628912071535023,0.006954793840039742,0.033283656234475906,0.09885742672627919,0.03229011425732737,0.19374068554396423,0.01838052657724789,0.00546448087431694,0.14654744162940883,0.006458022851465474,Пушкин,Рославлев
0.0874751491053678,0.09244532803180915,0.048707753479125246,0.007952286282306162,0.03876739562624255,0.0352882703777336,0.0,0.213220675944334,0.009940357852882704,0.019383697813121274,0.06461232604373758,0.03578528827037773,0.1833996023856859,0.01341948310139165,0.002485089463220676,0.14512922465208747,0.0019880715705765406,Пушкин,Путешествие в Арзум
0.020035356511490868,0.02396385778825378,0.009035552936554704,0.004321351404439206,0.00883912787271656,0.00785700255352583,0.0,0.05735611864073856,0.007267727362011393,0.004321351404439206,0.02082105676684345,0.05165979178943233,0.19956786485955608,0.004321351404439206,0.0013749754468670202,0.036142211746218816,0.543115301512473,Пушкин,Путешествие в Арзум
0.10430399379604498,0.08452888716556806,0.04497867390461419,0.010081426909654904,0.05622334238076774,0.031019775106630478,0.00038774718883288094,0.25940286932919737,0.015897634742148118,0.018611865063978286,0.04459092671578131,0.02481582008530438,0.17138425746413338,0.013571151609150834,0.0034897246994959287,0.11632415664986429,0.00038774718883288094,Пушкин,История села Горюхина
0.054274084124830396,0.08412483039348712,0.052917232021709636,0.005427408412483039,0.0438715513342379,0.02939846223428313,0.0004522840343735866,0.17955676164631387,0.0067842605156037995,0.03618272274988693,0.09181365897783808,0.01854364540931705,0.22207146087743102,0.017186793306196293,0.0004522840343735866,0.15694255992763456,0.0,Пушкин,Станционный смотритель
0.04968027545499262,0.06345302508607968,0.05115592720118052,0.013772749631087064,0.038366945400885394,0.019675356615838663,0.0014756517461878996,0.16379734382685687,0.005902606984751598,0.041810132808657155,0.09985243482538121,0.019675356615838663,0.24495818986719134,0.019183472700442697,0.0004918839153959665,0.16674864731923267,0.0,Пушкин,Капитанская дочка
0.054439746300211415,0.07452431289640592,0.05232558139534884,0.015856236786469344,0.040169133192389,0.02748414376321353,0.0,0.1511627906976744,0.013213530655391121,0.0354122621564482,0.11257928118393234,0.026955602536997886,0.22568710359408034,0.022198731501057084,0.002642706131078224,0.14429175475687103,0.0010570824524312897,Пушкин,Марья Шонинг
0.04380403458213256,0.07896253602305475,0.0484149855907781,0.012680115273775217,0.02824207492795389,0.03342939481268011,0.001729106628242075,0.1521613832853026,0.009798270893371758,0.037463976945244955,0.12968299711815562,0.03976945244956772,0.2132564841498559,0.014985590778097982,0.0,0.15504322766570605,0.0005763688760806917,Пушкин,Капитанская дочка
0.06317494600431965,0.09233261339092873,0.03509719222462203,0.01565874730021598,0.038876889848812095,0.03023758099352052,0.0,0.19546436285097193,0.02159827213822894,0.028077753779697623,0.08045356371490281,0.010259179265658747,0.21004319654427644,0.010259179265658747,0.0,0.16846652267818574,0.0,Пушкин,Кирджали
0.03458445040214477,0.04664879356568365,0.017158176943699734,0.007774798927613941,0.0160857908847185,0.014477211796246649,0.0,0.1,0.006970509383378016,0.009115281501340482,0.040214477211796246,0.04423592493297587,0.1380697050938338,0.006434316353887399,0.0018766756032171583,0.06595174262734585,0.450402144772118,Пушкин,Путешествие в Арзум
0.057495590828924165,0.08747795414462081,0.042328042328042326,0.016225749559082892,0.04409171075837742,0.03950617283950617,0.0003527336860670194,0.18059964726631395,0.007760141093474427,0.03562610229276896,0.10652557319223986,0.04338624338624339,0.182010582010582,0.01834215167548501,0.0,0.1382716049382716,0.0,Пушкин,Капитанская дочка
0.055077452667814115,0.08562822719449226,0.04905335628227195,0.012908777969018933,0.04087779690189329,0.0378657487091222,0.0008605851979345956,0.17728055077452667,0.007314974182444062,0.031841652323580036,0.09294320137693632,0.04432013769363167,0.1897590361445783,0.021944922547332185,0.0,0.1523235800344234,0.0,Пушкин,Капитанская дочка
0.06140350877192982,0.08284600389863547,0.04093567251461988,0.004873294346978557,0.0341130604288499,0.03313840155945419,0.0,0.14912280701754385,0.004873294346978557,0.043859649122807015,0.10818713450292397,0.025341130604288498,0.21832358674463936,0.016569200779727095,0.015594541910331383,0.14035087719298245,0.02046783625730994,Пушкин,На углу маленькой площади
0.0709474629546475,0.0776829815895824,0.05343511450381679,0.014369106421194431,0.03682083520431073,0.039964077233947015,0.0,0.1643466546924113,0.00898069151324652,0.03367759317467445,0.11360574764256848,0.02694207453973956,0.1966771441400988,0.018859452177817693,0.012572968118545127,0.12662775033677592,0.00449034575662326,Пушкин,Роман в письмах
0.06496318752706799,0.08488523170203552,0.04677349501948896,0.01429190125595496,0.03291468168038112,0.035513209181463834,0.0,0.1676050238198354,0.0086617583369424,0.0346470333477696,0.11909917713295799,0.02208748375920312,0.20744911216977047,0.015591165006496318,0.0129926375054136,0.12906019922044176,0.0034647033347769596,Пушкин,Роман в письмах
0.06806579693703914,0.07203630175836642,0.04424276800907544,0.013613159387407828,0.032898468519568916,0.04424276800907544,0.0005672149744753262,0.18944980147475893,0.00737379466817924,0.030062393647192286,0.0975609756097561,0.03119682359614294,0.19228587634713556,0.01758366420873511,0.006239364719228588,0.14634146341463414,0.006239364719228588,Пушкин,Рославлев
0.054439746300211415,0.07452431289640592,0.05232558139534884,0.015856236786469344,0.040169133192389,0.02748414376321353,0.0,0.1511627906976744,0.013213530655391121,0.0354122621564482,0.11257928118393234,0.026955602536997886,0.22568710359408034,0.022198731501057084,0.002642706131078224,0.14429175475687103,0.0010570824524312897,Пушкин,Марья Шонинг
0.043010752688172046,0.09090909090909091,0.041544477028347994,0.007331378299120235,0.039589442815249266,0.026392961876832845,0.0004887585532746823,0.19208211143695014,0.007331378299120235,0.016617790811339198,0.07917888563049853,0.04643206256109482,0.22678396871945258,0.009286412512218964,0.0,0.17302052785923755,0.0,Пушкин,Капитанская дочка
0.0724898694281855,0.08284556506078343,0.03692030616839262,0.012606933813597478,0.03872129671319226,0.040522287257991896,0.00045024763619990995,0.1855020261143629,0.01125619090499775,0.03241782980639352,0.08509680324178298,0.042323277802791534,0.18640252138676272,0.018009905447996397,0.00045024763619990995,0.12832057631697433,0.025664115263394866,Пушкин,Рославлев
0.05320665083135392,0.0831353919239905,0.04133016627078385,0.010451306413301662,0.036104513064133016,0.028028503562945367,0.0019002375296912114,0.15961995249406175,0.014251781472684086,0.02992874109263658,0.1159144893111639,0.02660332541567696,0.2209026128266033,0.019477434679334917,0.00047505938242280285,0.15866983372921614,0.0,Пушкин,Капитанская дочка
0.09647696476964769,0.0959349593495935,0.041192411924119245,0.008130081300813009,0.03414634146341464,0.01788617886178862,0.0,0.20650406504065041,0.016802168021680216,0.01951219512195122,0.07371273712737128,0.034688346883468835,0.1897018970189702,0.00975609756097561,0.003794037940379404,0.13929539295392954,0.012466124661246613,Пушкин,Путешествие в Арзум
0.07226817588158467,0.08184588593818024,0.03656943839791032,0.012189812799303439,0.03656943839791032,0.0413582934262081,0.00043535045711797995,0.19155420113191118,0.0108837614279495,0.029603831084022637,0.0827165868524162,0.04179364388332608,0.18545929473225947,0.01654331737048324,0.0008707009142359599,0.13321723987810188,0.026121027427078797,Пушкин,Рославлев
0.06822262118491922,0.0763016157989228,0.04398563734290844,0.01481149012567325,0.035457809694793535,0.040843806104129264,0.0004488330341113106,0.1988330341113106,0.006732495511669659,0.03052064631956912,0.08976660682226212,0.031867145421903054,0.1862657091561939,0.017504488330341114,0.004937163375224416,0.14766606822262118,0.0058348294434470375,Пушкин,Рославлев
0.06408185245018848,0.10016155088852989,0.03769520732364028,0.010770059235325794,0.025848142164781908,0.028540656973613354,0.0,0.22724824986537426,0.024232633279483037,0.010231556273559504,0.07215939687668282,0.029617662897145933,0.172859450726979,0.011847065158858373,0.0059235325794291865,0.15078082929456113,0.028002154011847066,Пушкин,Путешествие в Арзум
0.08904810644831115,0.09160696008188332,0.0465711361310133,0.01330603889457523,0.0383828045035824,0.0255885363357216,0.0,0.1985670419651996,0.017400204708290685,0.02098259979529171,0.07778915046059365,0.0368474923234391,0.18526100307062435,0.01023541453428864,0.00255885363357216,0.14073694984646878,0.00511770726714432,Пушкин,Путешествие в Арзум
0.05528089887640449,0.07460674157303371,0.056179775280898875,0.020674157303370785,0.043146067415730335,0.027865168539325844,0.0,0.18741573033707865,0.007640449438202248,0.03146067415730337,0.07325842696629213,0.04404494382022472,0.20404494382022473,0.020224719101123594,0.00044943820224719103,0.15146067415730338,0.0022471910112359553,Пушкин,Метель
0.06465833945628215,0.09074210139603232,0.04592211609110948,0.011388684790595151,0.04224834680382072,0.03306392358559882,0.0011021307861866275,0.1943423952975753,0.009551800146950772,0.034900808229243206,0.09000734753857458,0.012123438648052902,0.19250551065393093,0.01763409257898604,0.0,0.159808963997061,0.0,Пушкин,Станционный смотритель
0.06140350877192982,0.08284600389863547,0.04093567251461988,0.004873294346978557,0.0341130604288499,0.03313840155945419,0.0,0.14912280701754385,0.004873294346978557,0.043859649122807015,0.10818713450292397,0.025341130604288498,0.21832358674463936,0.016569200779727095,0.015594541910331383,0.14035087719298245,0.02046783625730994,Пушкин,На углу маленькой площади
0.049225159525979945,0.07657247037374658,0.055150410209662715,0.008204193254329991,0.03555150410209663,0.03372835004557885,0.0013673655423883319,0.19416590701914313,0.006381039197812215,0.033272561531449404,0.0870556061987238,0.01504102096627165,0.23564266180492252,0.015952597994530537,0.0009115770282588879,0.15177757520510482,0.0,Пушкин,Капитанская дочка
0.06559083810515356,0.10515356585111921,0.03331598125976054,0.01353461738677772,0.031754294638209266,0.035398230088495575,0.0,0.23165018219677252,0.01665799062988027,0.00989068193649141,0.07235814679854242,0.03019260801665799,0.1717855283706403,0.010931806350858927,0.00676730869338886,0.16137428422696512,0.003643935450286309,Пушкин,Путешествие в Арзум
0.06471095772217429,0.08455565142364108,0.04616048317515099,0.015099223468507334,0.033218291630716136,0.03710094909404659,0.0,0.16781708369283865,0.00819672131147541,0.03364969801553063,0.11691113028472822,0.02200172562553926,0.2070750647109577,0.015962036238136326,0.012942191544434857,0.13114754098360656,0.003451251078515962,Пушкин,Роман в письмах
0.08954524144397562,0.09610876699484294,0.04922644163150492,0.007032348804500703,0.03187998124706985,0.03609939052977028,0.0,0.2273792780121894,0.011251758087201125,0.016408813877168308,0.06610407876230662,0.033286451007969994,0.17580872011251758,0.010782934833567745,0.0028129395218002813,0.14111579934364746,0.005157055789967183,Пушкин,Путешествие в Арзум
0.06573957016434892,0.08386009270965024,0.052675937631689845,0.009270965023177412,0.038348082595870206,0.031184155077960386,0.0,0.19384745048461863,0.006321112515802781,0.029077117572692796,0.09987357774968394,0.020227560050568902,0.19848293299620734,0.01938474504846186,0.0,0.15170670037926676,0.0,Пушкин,Капитанская дочка
0.0610200364298725,0.08424408014571949,0.05191256830601093,0.010473588342440802,0.03825136612021858,0.03506375227686703,0.0009107468123861566,0.1953551912568306,0.007285974499089253,0.031876138433515486,0.08561020036429873,0.017759562841530054,0.23041894353369763,0.012295081967213115,0.0004553734061930783,0.13706739526411657,0.0,Пушкин,Капитанская дочка
0.08691258211217787,0.09247094492167761,0.04901465386558868,0.00808489135927236,0.03890853966649823,0.0358767054067711,0.0,0.21424962102071754,0.01010611419909045,0.019706922688226377,0.061647296614451744,0.0358767054067711,0.18544719555330974,0.013643254168772108,0.0025265285497726125,0.1435068216270844,0.00202122283981809,Пушкин,Путешествие в Арзум
0.08386075949367089,0.09071729957805907,0.044831223628691984,0.016350210970464137,0.037447257383966245,0.024261603375527425,0.0,0.19251054852320676,0.015822784810126583,0.02267932489451477,0.0859704641350211,0.03639240506329114,0.1909282700421941,0.010548523206751054,0.0026371308016877636,0.13976793248945146,0.005274261603375527,Пушкин,Путешествие в Арзум
0.05652535328345802,0.06940980881130507,0.051537822111388194,0.02119700748129676,0.04197838736492103,0.027847049044056525,0.0,0.17955112219451372,0.00914380714879468,0.03117206982543641,0.08395677472984206,0.04031587697423109,0.21820448877805487,0.018703241895261846,0.0,0.1483790523690773,0.0020781379883624274,Пушкин,Метель
0.08515588645881805,0.09539320614239181,0.04839460214053048,0.007910656119125175,0.03815728245695672,0.036761284318287575,0.0,0.21172638436482086,0.009306654257794323,0.02047463936714751,0.06561191251744998,0.03536528617961843,0.18054909260120985,0.013494648673801768,0.003257328990228013,0.1465798045602606,0.0018613308515588647,Пушкин,Путешествие в Арзум
0.05715658021133525,0.07012487992315082,0.0494716618635927,0.011527377521613832,0.040345821325648415,0.03218059558117195,0.0,0.17195004803073968,0.014889529298751201,0.0345821325648415,0.07780979827089338,0.027857829010566763,0.2478386167146974,0.013448607108549471,0.0,0.14217098943323728,0.008645533141210375,Пушкин,Пиковая Дама
0.09613615455381785,0.09015639374425023,0.04553817847286108,0.007359705611775529,0.05749770009199632,0.02621895124195032,0.00045998160073597056,0.24701011959521618,0.011039558417663294,0.019319227230910764,0.04645814167433303,0.02391904323827047,0.18077276908923642,0.014259429622815088,0.006439742410303588,0.12741490340386386,0.0,Пушкин,История села Горюхина
0.055001845699520116,0.08527131782945736,0.05204872646733112,0.009228497600590625,0.04171280915466962,0.029531192321889995,0.00036913990402362494,0.18530823181985973,0.007751937984496124,0.03765227021040975,0.08822443706164636,0.01698043558508675,0.21336286452565523,0.01808785529715762,0.00036913990402362494,0.15909929863418235,0.0,Пушкин,Станционный смотритель
0.0761904761904762,0.08253968253968254,0.04217687074829932,0.009977324263038548,0.04308390022675737,0.026303854875283448,0.0,0.1909297052154195,0.011791383219954649,0.029931972789115645,0.0761904761904762,0.02857142857142857,0.20272108843537415,0.014512471655328799,0.0,0.15782312925170067,0.0072562358276643995,Пушкин,Пиковая Дама
0.06088141753748296,0.08768741481144934,0.04407087687414812,0.008632439800090867,0.033621081326669695,0.030895047705588367,0.0009086778736937755,0.1858246251703771,0.006360745115856429,0.033166742389822805,0.09722853248523398,0.02862335302135393,0.23307587460245344,0.014084507042253521,0.0,0.13493866424352566,0.0,Пушкин,Капитанская дочка
0.0594059405940594,0.07425742574257425,0.04455445544554455,0.009450945094509451,0.045004500450045004,0.03195319531953195,0.0,0.18406840684068407,0.010351035103510351,0.037803780378037805,0.07695769576957696,0.023852385238523854,0.22592259225922592,0.01575157515751575,0.0,0.15256525652565256,0.008100810081008101,Пушкин,Пиковая Дама
0.06393088552915767,0.08034557235421166,0.05529157667386609,0.009935205183585313,0.03758099352051836,0.03412526997840173,0.0017278617710583153,0.18228941684665226,0.008207343412526998,0.030669546436285097,0.10323974082073434,0.023326133909287255,0.20086393088552915,0.01814254859611231,0.00043196544276457883,0.14989200863930885,0.0,Пушкин,Капитанская дочка
0.0720035778175313,0.08184257602862254,0.03667262969588551,0.013416815742397137,0.040697674418604654,0.03935599284436494,0.0004472271914132379,0.18604651162790697,0.011180679785330949,0.03220035778175313,0.08586762075134168,0.04159212880143113,0.18649373881932022,0.017889087656529516,0.0004472271914132379,0.1283542039355993,0.025491949910554562,Пушкин,Рославлев
0.06723107569721115,0.10707171314741036,0.0348605577689243,0.015438247011952191,0.030876494023904383,0.03286852589641434,0.0,0.21912350597609562,0.01593625498007968,0.013944223107569721,0.08266932270916334,0.029382470119521914,0.17231075697211157,0.0099601593625498,0.005478087649402391,0.1593625498007968,0.0034860557768924302,Пушкин,Путешествие в Арзум
0.07139608913142337,0.08321964529331514,0.04138244656662119,0.010459299681673489,0.031832651205093224,0.03365165984538426,0.0,0.17326057298772168,0.010914051841746248,0.031832651205093224,0.08321964529331514,0.02910413824465666,0.2260118235561619,0.015916325602546612,0.0,0.15325147794452024,0.004547521600727604,Пушкин,Пиковая Дама
0.060884800700832235,0.08891809023215068,0.049058256679807274,0.01357862461673237,0.032413491020586944,0.035479632063074903,0.0,0.1712658782303986,0.009636443276390714,0.0337275514673675,0.11519929916776171,0.021901007446342532,0.2049934296977661,0.01576872536136662,0.012702584318878668,0.13184406482698205,0.002628120893561104,Пушкин,Роман в письмах
0.051295073641442354,0.07414931437277807,0.034281361097003554,0.004824784154393093,0.029710512950736415,0.03961401726764855,0.00025393600812595224,0.19349923819197562,0.014982224479431183,0.01904520060944642,0.06043676993397664,0.030980192991366177,0.2813610970035551,0.019299136617572373,0.0022854240731335703,0.0952260030472321,0.04875571356018284,Пушкин,Путешествие в Арзум
0.05387205387205387,0.08417508417508418,0.03992303992303992,0.010582010582010581,0.037037037037037035,0.031746031746031744,0.000962000962000962,0.1620971620971621,0.012987012987012988,0.031265031265031266,0.11207311207311207,0.026455026455026454,0.2178932178932179,0.021164021164021163,0.000481000481000481,0.15728715728715728,0.0,Пушкин,Капитанская дочка
0.05008710801393728,0.0740418118466899,0.046167247386759584,0.01088850174216028,0.036585365853658534,0.03484320557491289,0.0008710801393728223,0.16332752613240417,0.009146341463414634,0.03876306620209059,0.10017421602787456,0.04573170731707317,0.22822299651567945,0.023083623693379792,0.0,0.13806620209059234,0.0,Пушкин,Капитанская дочка
0.05724876441515651,0.07125205930807249,0.05313014827018122,0.0214168039538715,0.042009884678747944,0.02759472817133443,0.0,0.18245469522240526,0.009060955518945634,0.030477759472817133,0.07907742998352553,0.042009884678747944,0.21499176276771004,0.019769357495881382,0.00041186161449752884,0.1470345963756178,0.002059308072487644,Пушкин,Метель
0.05307125307125307,0.08894348894348894,0.036855036855036855,0.008845208845208846,0.03882063882063882,0.0285012285012285,0.0009828009828009828,0.19262899262899263,0.008353808353808353,0.016707616707616706,0.08304668304668304,0.04373464373464373,0.22653562653562653,0.005896805896805897,0.0,0.16707616707616707,0.0,Пушкин,Капитанская дочка
0.08506787330316742,0.09683257918552036,0.04796380090497738,0.007692307692307693,0.03755656108597285,0.03800904977375565,0.0,0.21221719457013574,0.00904977375565611,0.019909502262443438,0.0665158371040724,0.03484162895927602,0.17737556561085974,0.014027149321266969,0.003167420814479638,0.14796380090497738,0.0018099547511312218,Пушкин,Путешествие в Арзум
0.04968094804010939,0.07657247037374658,0.054694621695533276,0.009571558796718322,0.03600729261622607,0.033272561531449404,0.0013673655423883319,0.1918869644484959,0.006381039197812215,0.033272561531449404,0.0870556061987238,0.015496809480401094,0.23564266180492252,0.015952597994530537,0.0009115770282588879,0.15223336371923427,0.0,Пушкин,Капитанская дочка
0.07515945526633339,0.07602137562489227,0.050508533011549735,0.014997414238924324,0.043957938286502324,0.03102913290811929,0.0012066885019824168,0.1870367178072746,0.01034304430270643,0.03016721254956042,0.07481468712290984,0.014997414238924324,0.22685743837269437,0.019824168246853992,0.00017238407171177384,0.1429063954490605,0.0,Лермонтов,Вадим
0.06556269009800608,0.07282865833051706,0.045454545454545456,0.009462656302805001,0.042244001351808044,0.029063872930043935,0.0021966880702940185,0.18181818181818182,0.008279824264954376,0.033119297059817504,0.08465697870902332,0.012673200405542413,0.2502534640081108,0.022811760729976344,0.0003379520108144643,0.13889827644474484,0.0003379520108144643,Лермонтов,Вадим
0.06219000381533766,0.07554368561617703,0.05112552460892789,0.009919877909194963,0.03471957268218237,0.037390309042350245,0.00038153376573826786,0.16138878290728728,0.00534147272033575,0.03700877527661198,0.11560473101869516,0.012209080503624571,0.23349866463181992,0.02518122853872568,0.0,0.1384967569629912,0.0,Лермонтов,Княжна Мери
0.03699788583509514,0.06730091613812544,0.05250176180408739,0.01233262861169838,0.03629316420014094,0.027836504580690626,0.0007047216349541931,0.14693446088794926,0.005285412262156448,0.04686398872445384,0.11486962649753348,0.022198731501057084,0.2427766032417195,0.030303030303030304,0.0,0.15680056377730797,0.0,Лермонтов,Бэла
0.0768231984418957,0.06686864315083316,0.0419822549231768,0.01536463968837914,0.0396018177883575,0.038303397533001514,0.0008656135035706557,0.19519584505518286,0.011685782298203853,0.026834018610690326,0.08504652672581692,0.014066219433023155,0.2298203851980091,0.020558320709803072,0.0006492101276779918,0.13633412681237828,0.0,Лермонтов,Вадим
0.0783662866214461,0.07389233655650165,0.045894068408139706,0.007937653341030452,0.04329629095107519,0.03521431664020782,0.0015875306682060903,0.18675133496897098,0.005772838793476692,0.027998268148361958,0.07995381728965219,0.015298022802713234,0.23163515658825226,0.025400490691297444,0.0,0.14056862462115746,0.00043296290951075193,Лермонтов,Вадим
0.062144420131291025,0.06958424507658643,0.05164113785557987,0.010940919037199124,0.02800875273522976,0.03194748358862144,0.002188183807439825,0.150109409190372,0.006564551422319475,0.035448577680525166,0.11991247264770241,0.009190371991247264,0.2590809628008753,0.01663019693654267,0.0,0.1461706783369803,0.000437636761487965,Лермонтов,Княжна Мери
0.06470588235294118,0.06784313725490196,0.04588235294117647,0.014509803921568627,0.03019607843137255,0.03490196078431373,0.000392156862745098,0.156078431372549,0.00980392156862745,0.03176470588235294,0.10509803921568628,0.010980392156862745,0.24705882352941178,0.02235294117647059,0.0,0.1584313725490196,0.0,Лермонтов,Княжна Мери
0.060240963855421686,0.06218422075398368,0.0586863583365721,0.012048192771084338,0.031869413136416634,0.03614457831325301,0.00194325689856199,0.14030314807617567,0.004663816556548776,0.035367275553828216,0.13019821220365332,0.006607073455110766,0.2514574426739215,0.018266614846482704,0.0,0.14963078118927323,0.000388651379712398,Лермонтов,Княжна Мери
0.0833611760775142,0.07434012696291346,0.04994988306047444,0.014199799532241897,0.04477113264283328,0.03324423655195456,0.000835282325425994,0.19495489475442698,0.010190444370197126,0.026729034413631808,0.0699966588706983,0.015369194787838289,0.21984630805212163,0.021383227530905446,0.0001670564650851988,0.1404944871366522,0.0001670564650851988,Лермонтов,Вадим
0.062388591800356503,0.07415329768270945,0.060249554367201426,0.01140819964349376,0.027807486631016044,0.034581105169340466,0.0,0.1518716577540107,0.011764705882352941,0.030303030303030304,0.11372549019607843,0.0106951871657754,0.2545454545454545,0.024955436720142603,0.0,0.13155080213903744,0.0,Лермонтов,Княжна Мери
0.08247942214009743,0.07441626070888628,0.049554846295985215,0.01427851503443642,0.044851335461112044,0.03376448849319671,0.0008399126490844952,0.194691752057786,0.010246934318830841,0.026877204770703846,0.0703846799932807,0.015286410213337813,0.21972114900050393,0.021501763816563078,0.00016798252981689904,0.1407693599865614,0.00016798252981689904,Лермонтов,Вадим
0.08192838233245088,0.06771631600947471,0.051414239933119686,0.007942037062839627,0.040406855231991085,0.039431517347080954,0.002229343736937439,0.18628953601783474,0.009474710881984117,0.028145464678835167,0.07914170266127908,0.015884074125679253,0.2240490455622126,0.02424411313919465,0.0,0.14058798941061726,0.0011146718684687195,Лермонтов,Вадим
0.051241623965313364,0.07843910130074892,0.0520299566417028,0.016554986204178165,0.025226645644461962,0.028774142688214426,0.0011824990145841545,0.16081986598344503,0.009459992116673236,0.03310997240835633,0.11588490342924715,0.012219156484036263,0.2538431217973985,0.01891998423334647,0.0,0.14189988175009854,0.00039416633819471815,Лермонтов,Княжна Мери
0.05893300248138958,0.06544665012406947,0.054280397022332505,0.010856079404466501,0.03815136476426799,0.034119106699751864,0.0012406947890818859,0.1401985111662531,0.004962779156327543,0.03380893300248139,0.1327543424317618,0.008684863523573201,0.24844913151364764,0.019851116625310174,0.0,0.14795285359801488,0.00031017369727047146,Лермонтов,Княжна Мери
0.06884501135767954,0.06604927485584483,0.04368338284116722,0.013279748383714835,0.04403284990389656,0.04053817927660318,0.0015726017822820198,0.17735453433513892,0.006989341254586755,0.030578367988817055,0.0915603704350865,0.01729861960510222,0.22697885724270486,0.021666957889218942,0.00034946706272933774,0.1492224357854272,0.0,Лермонтов,Вадим
0.06893021668657226,0.06705340385599727,0.043337314451458796,0.012455212421088551,0.043166695103224705,0.039924927486777,0.001364954785872718,0.18051527043166696,0.009042825456406757,0.028664050503327078,0.09418188022521753,0.0182562702610476,0.22897116533014844,0.02013308309162259,0.0003412386964681795,0.14366149121310356,0.0,Лермонтов,Вадим
0.05042301184433164,0.06463620981387479,0.05245346869712352,0.0155668358714044,0.030456852791878174,0.03688663282571912,0.0,0.13637901861252116,0.008460236886632826,0.038917089678511,0.12893401015228426,0.010490693739424704,0.24500846023688663,0.027411167512690356,0.0,0.1532994923857868,0.0006768189509306261,Лермонтов,Княжна Мери
0.061219628394473556,0.07122439256788947,0.06693663649356836,0.011672224868985231,0.03501667460695569,0.025964745116722247,0.0007146260123868509,0.15388280133396856,0.009528346831824679,0.040495474035254886,0.09337779895188185,0.013577894235350167,0.2403525488327775,0.033111005240590755,0.0,0.14221057646498333,0.0007146260123868509,Лермонтов,Бэла
0.061192873741285826,0.07591014717273431,0.051897753679318356,0.008133230054221533,0.03214562354763749,0.037180480247869865,0.000774593338497289,0.16266460108443068,0.006196746707978312,0.03408210689388071,0.12083656080557707,0.012393493415956624,0.23276529821843533,0.022075910147172733,0.0,0.14175058094500387,0.0,Лермонтов,Княжна Мери
0.041577499235707735,0.07276062366248853,0.059614796698257415,0.010700091715071844,0.036380311831244266,0.025985937022317333,0.0009171507184347294,0.14827269948028127,0.006114338122898196,0.04952613879547539,0.11770100886579028,0.020483032711708957,0.23020483032711708,0.026597370834607153,0.0,0.15316416997859983,0.0,Лермонтов,Бэла
0.08512833741777376,0.07003740487553205,0.051334967109506,0.007609957435831291,0.04114536308525732,0.038049787179156455,0.0014188056236295627,0.19618212304914226,0.008254869082935637,0.02721527150780343,0.0736489100993164,0.01573584418934606,0.2174642074035857,0.02515155423706952,0.0,0.1404617567393267,0.001160840964787824,Лермонтов,Вадим
0.0734622144112478,0.07416520210896309,0.06010544815465729,0.01265377855887522,0.040421792618629174,0.029876977152899824,0.00070298769771529,0.17328646748681897,0.009138840070298769,0.04077328646748682,0.07240773286467486,0.017926186291739893,0.2460456942003515,0.015114235500878734,0.000351493848857645,0.1335676625659051,0.0,Лермонтов,Штосс
0.06128133704735376,0.07401512136888182,0.055710306406685235,0.006764822920811779,0.033426183844011144,0.033426183844011144,0.001193792280143255,0.1623557500994827,0.006764822920811779,0.036211699164345405,0.11898129725427775,0.012733784321528054,0.238758456028651,0.02109033028253084,0.0,0.1368881814564266,0.0003979307600477517,Лермонтов,Княжна Мери
0.06762589928057554,0.06402877697841726,0.05,0.014748201438848921,0.03633093525179856,0.034892086330935254,0.0,0.15575539568345323,0.009712230215827337,0.03201438848920863,0.1,0.008633093525179856,0.25287769784172665,0.022302158273381296,0.0,0.1510791366906475,0.0,Лермонтов,Княжна Мери
0.056068601583113456,0.08344327176781002,0.049802110817941954,0.013522427440633245,0.03924802110817942,0.025065963060686015,0.0006596306068601583,0.16655672823218998,0.016820580474934038,0.044854881266490766,0.09234828496042216,0.015171503957783642,0.23383905013192613,0.017150395778364115,0.0,0.14544854881266492,0.0,Лермонтов,Бэла
0.0811598649892605,0.06903958269407794,0.05108929119361767,0.010125805461798098,0.04065664314206812,0.03774163853942927,0.0023013194231359313,0.1890150352868978,0.010586069346425284,0.026235041423749616,0.08069960110463333,0.014114759128567045,0.2213869285056766,0.024087143295489413,0.0,0.14068732740104326,0.0010739490641301012,Лермонтов,Вадим
0.03954994885782475,0.06853051483123082,0.05250596658711217,0.012274122059324924,0.03784520968291851,0.028639618138424822,0.0006818956699624957,0.14728946471189908,0.005455165359699966,0.045687009887487216,0.11387657688373679,0.02113876576883737,0.24139106716672348,0.030003409478349813,0.0,0.15513126491646778,0.0,Лермонтов,Бэла
0.06923336710570753,0.06551840594393786,0.04204660587639311,0.014353259034110099,0.04373522458628842,0.041033434650455926,0.001519756838905775,0.17865585950692334,0.007598784194528876,0.029213103681188787,0.09354947652819993,0.017392772711921647,0.22678149273893955,0.022120905099628503,0.00033772374197906115,0.1469098277608916,0.0,Лермонтов,Вадим
0.07023172905525847,0.07415329768270945,0.06666666666666667,0.012477718360071301,0.0392156862745098,0.026737967914438502,0.00071301247771836,0.17967914438502675,0.006773618538324421,0.03493761140819964,0.0680926916221034,0.01746880570409982,0.2427807486631016,0.014973262032085561,0.00071301247771836,0.1443850267379679,0.0,Лермонтов,Штосс
0.07177615571776155,0.06873479318734793,0.04521492295214923,0.012773722627737226,0.04237631792376318,0.03852392538523925,0.0012165450121654502,0.18532035685320356,0.011759935117599351,0.023925385239253853,0.08860502838605028,0.019059205190592052,0.22992700729927007,0.019870235198702353,0.0008110300081103001,0.14010543390105434,0.0,Лермонтов,Вадим
0.03955968352253182,0.06845545235638115,0.053663570691434466,0.011695906432748537,0.03646370829033368,0.028551771585827314,0.0006879944960440316,0.1479188166494668,0.005503955968352253,0.04540763673890609,0.11214310285517716,0.020295837633298935,0.2435500515995872,0.029927760577915376,0.0,0.15617475060199518,0.0,Лермонтов,Бэла
0.06129597197898424,0.07145359019264448,0.06269702276707531,0.010858143607705779,0.0276707530647986,0.03327495621716287,0.0,0.14395796847635728,0.010157618213660246,0.0329246935201401,0.11768826619964974,0.009457092819614711,0.26024518388791595,0.024868651488616462,0.0,0.13345008756567425,0.0,Лермонтов,Княжна Мери
0.1013277428371768,0.09294199860237597,0.04821802935010482,0.011879804332634521,0.045422781271837874,0.0363382250174703,0.0,0.206848357791754,0.011879804332634521,0.027952480782669462,0.08315863032844165,0.012578616352201259,0.15932914046121593,0.03004891684136967,0.0006988120195667365,0.13137665967854648,0.0,Лермонтов,Я хочу рассказать вам
0.03954994885782475,0.06853051483123082,0.05250596658711217,0.012274122059324924,0.03784520968291851,0.028639618138424822,0.0006818956699624957,0.14728946471189908,0.005455165359699966,0.045687009887487216,0.11387657688373679,0.02113876576883737,0.24139106716672348,0.030003409478349813,0.0,0.15513126491646778,0.0,Лермонтов,Бэла
0.06505503144654089,0.0699685534591195,0.04068396226415094,0.009040880503144654,0.03852201257861635,0.030267295597484277,0.004127358490566038,0.18455188679245282,0.010809748427672955,0.034001572327044025,0.08215408805031446,0.009630503144654088,0.26316823899371067,0.018474842767295597,0.00039308176100628933,0.1391509433962264,0.0,Лермонтов,Вадим
0.09145952836201403,0.08253664754620778,0.05704270235818993,0.011153601019757807,0.03824091778202677,0.03505417463352454,0.0006373486297004461,0.1781389420012747,0.010834926704907584,0.02804333970681963,0.09241555130656469,0.01338432122370937,0.1988527724665392,0.02198852772466539,0.0,0.1258763543658381,0.014340344168260038,Лермонтов,Княжна Мери
0.06858275520317146,0.07373637264618434,0.04578790882061447,0.01466798810703667,0.03766105054509415,0.04618434093161546,0.00178394449950446,0.17522299306243805,0.003964321110009911,0.0311199207135778,0.09217046580773043,0.016055500495540137,0.23270564915758177,0.020614469772051537,0.00019821605550049553,0.13954410307234885,0.0,Лермонтов,Вадим
0.06675938803894298,0.0737134909596662,0.06363004172461753,0.012517385257301807,0.03546592489568846,0.027816411682892908,0.0006954102920723226,0.17280945757997218,0.006258692628650904,0.03372739916550765,0.07406119610570236,0.01564673157162726,0.24756606397774686,0.01773296244784423,0.001043115438108484,0.15055632823365786,0.0,Лермонтов,Штосс
0.05907837731390311,0.06577392674281213,0.05238282788499409,0.012209531311539977,0.028751476959432847,0.035447026388341865,0.0007877116975187081,0.14848365498227648,0.005907837731390311,0.03977944072469476,0.12800315084679006,0.009058684521465145,0.24576604962583695,0.023631350925561245,0.0,0.14296967309964553,0.0019692792437967705,Лермонтов,Княжна Мери
0.05829404200600086,0.0732961851693099,0.053579082726103726,0.006000857265323617,0.034719245606515216,0.030861551650235748,0.0017145306472353193,0.1564509215602229,0.006429489927132447,0.03557651093013288,0.12001714530647235,0.011573081868838405,0.24817831118731248,0.018859837119588514,0.0,0.14402057436776683,0.0004286326618088298,Лермонтов,Княжна Мери
0.07082035306334372,0.0683281412253375,0.045898234683281414,0.012876427829698858,0.041744548286604365,0.038629283489096576,0.0012461059190031153,0.1838006230529595,0.012045690550363447,0.024091381100726894,0.0893042575285566,0.019522326064382138,0.23177570093457944,0.019937694704049845,0.0008307372793354102,0.1391484942886812,0.0,Лермонтов,Вадим
0.05475504322766571,0.06685878962536022,0.044956772334293946,0.0069164265129683,0.04265129682997118,0.027953890489913546,0.00345821325648415,0.1786743515850144,0.007492795389048991,0.034870317002881845,0.08501440922190202,0.012680115273775217,0.26455331412103744,0.018443804034582133,0.0,0.15072046109510087,0.0,Лермонтов,Вадим
0.060008054772452676,0.07450664518727346,0.05436971405557793,0.00644381796214257,0.03383004430124849,0.03302456705598067,0.0012082158679017317,0.16109544905356424,0.00684655658477648,0.03664921465968586,0.11961337092227145,0.01288763592428514,0.2396294804671768,0.020942408376963352,0.0,0.13854208618606526,0.0004027386226339106,Лермонтов,Княжна Мери
0.07316239316239316,0.07282051282051281,0.06222222222222222,0.01264957264957265,0.03863247863247863,0.028717948717948718,0.0006837606837606838,0.17811965811965813,0.005811965811965812,0.033846153846153845,0.07008547008547009,0.016068376068376067,0.24273504273504273,0.016752136752136753,0.0006837606837606838,0.147008547008547,0.0,Лермонтов,Штосс
0.06301251618472162,0.06560207164436772,0.0586965904186448,0.011652999568407424,0.02762192490289167,0.032369443245576175,0.0021579628830384117,0.14156236512731982,0.005179110919292188,0.03625377643504532,0.12300388433318947,0.010358221838584376,0.25636599050496334,0.018990073370738023,0.0,0.146741476046612,0.00043159257660768235,Лермонтов,Княжна Мери
0.045454545454545456,0.08044473512099411,0.04708960104643558,0.012753433616742969,0.039568345323741004,0.028449967298888164,0.0006540222367560497,0.15434924787442772,0.014715500327011119,0.04512753433616743,0.10071942446043165,0.02223675604970569,0.24100719424460432,0.01896664486592544,0.0,0.1484630477436233,0.0,Лермонтов,Бэла
0.05796344647519582,0.06736292428198433,0.06736292428198433,0.011488250652741514,0.03315926892950392,0.022193211488250653,0.0010443864229765013,0.14386422976501306,0.009921671018276762,0.046736292428198434,0.097911227154047,0.014621409921671017,0.24960835509138382,0.03315926892950392,0.0,0.14281984334203654,0.000783289817232376,Лермонтов,Бэла
0.06095238095238095,0.06704761904761905,0.05333333333333334,0.012952380952380953,0.03542857142857143,0.03542857142857143,0.0,0.15352380952380953,0.01219047619047619,0.032,0.10476190476190476,0.008761904761904762,0.26095238095238094,0.018666666666666668,0.0,0.144,0.0,Лермонтов,Княжна Мери
0.06930693069306931,0.0739038189533239,0.06223479490806223,0.01272984441301273,0.03606789250353607,0.028288543140028287,0.0007072135785007072,0.17291371994342292,0.006011315417256012,0.03182461103253183,0.07355021216407355,0.015558698727015558,0.24893917963224893,0.017326732673267328,0.0010608203677510608,0.14957567185289958,0.0,Лермонтов,Штосс
0.0860864040660737,0.08386277001270648,0.05686149936467599,0.010800508259212199,0.03780177890724269,0.033672172808132145,0.0006353240152477764,0.17280813214739518,0.010800508259212199,0.028907242693773826,0.09974587039390088,0.012706480304955527,0.20012706480304956,0.023506988564167726,0.0,0.12738246505717915,0.014294790343074968,Лермонтов,Княжна Мери
0.1013277428371768,0.09294199860237597,0.04821802935010482,0.011879804332634521,0.045422781271837874,0.0363382250174703,0.0,0.206848357791754,0.011879804332634521,0.027952480782669462,0.08315863032844165,0.012578616352201259,0.15932914046121593,0.03004891684136967,0.0006988120195667365,0.13137665967854648,0.0,Лермонтов,Я хочу рассказать вам
0.06059285091543156,0.06800348735832606,0.05405405405405406,0.010897994768962511,0.02746294681778553,0.03138622493461203,0.0026155187445510027,0.14646904969485613,0.006538796861377506,0.03574542284219703,0.12118570183086312,0.01002615518744551,0.25937227550130776,0.017872711421098517,0.0,0.14734088927637315,0.00043591979075850045,Лермонтов,Княжна Мери
0.03120879120879121,0.07164835164835165,0.044395604395604395,0.008791208791208791,0.035164835164835165,0.025934065934065935,0.0008791208791208791,0.1397802197802198,0.006593406593406593,0.05274725274725275,0.10989010989010989,0.03428571428571429,0.25846153846153846,0.028131868131868132,0.0,0.15208791208791209,0.0,Лермонтов,Бэла
0.04352404352404352,0.07546507546507547,0.04176904176904177,0.011232011232011231,0.04001404001404001,0.033696033696033696,0.0,0.1533871533871534,0.012285012285012284,0.04527904527904528,0.09898209898209898,0.02737802737802738,0.24394524394524394,0.022815022815022814,0.0,0.15022815022815023,0.0,Лермонтов,Бэла
0.057439446366782006,0.0671280276816609,0.05778546712802768,0.011072664359861591,0.03771626297577855,0.03321799307958478,0.0006920415224913495,0.13217993079584775,0.0058823529411764705,0.033910034602076124,0.13494809688581316,0.00865051903114187,0.2508650519031142,0.019377162629757784,0.0,0.14809688581314878,0.0010380622837370243,Лермонтов,Княжна Мери
0.0665551839464883,0.06688963210702341,0.04230769230769231,0.013879598662207358,0.04414715719063545,0.04096989966555184,0.0016722408026755853,0.17926421404682275,0.007692307692307693,0.029933110367892975,0.09481605351170569,0.01705685618729097,0.22792642140468228,0.021070234113712373,0.00016722408026755852,0.14565217391304347,0.0,Лермонтов,Вадим
0.06235565819861432,0.07852193995381063,0.0481139337952271,0.007698229407236336,0.032717474980754425,0.036181678214010776,0.00038491147036181676,0.1697459584295612,0.006158583525789068,0.034257120862201694,0.1170130869899923,0.01077752117013087,0.23017705927636645,0.021939953810623556,0.0,0.14395688991531946,0.0,Лермонтов,Княжна Мери
0.0603415559772296,0.06793168880455408,0.05085388994307401,0.0174573055028463,0.03377609108159393,0.040607210626185955,0.0,0.13282732447817835,0.0064516129032258064,0.037191650853889945,0.1335863377609108,0.00683111954459203,0.22884250474383303,0.02922201138519924,0.0,0.1540796963946869,0.0,Лермонтов,Княжна Мери
0.05370650529500756,0.06996974281391831,0.05446293494704992,0.015128593040847202,0.031013615733736764,0.03252647503782148,0.00037821482602118004,0.1535552193645991,0.00869894099848714,0.03668683812405446,0.10779122541603631,0.0113464447806354,0.2617246596066566,0.020045385779122543,0.0,0.14258698940998488,0.00037821482602118004,Лермонтов,Княжна Мери
0.07231040564373897,0.07372134038800705,0.061375661375661375,0.012698412698412698,0.03880070546737213,0.030335097001763667,0.0007054673721340388,0.1689594356261023,0.007760141093474427,0.04091710758377425,0.07407407407407407,0.01834215167548501,0.25008818342151673,0.015520282186948854,0.0003527336860670194,0.13403880070546736,0.0,Лермонтов,Штосс
0.06108897742363878,0.06994245241257194,0.051350154935812305,0.009738822487826471,0.027888446215139442,0.03098716246126605,0.002213368747233289,0.1478530323151837,0.00619743249225321,0.03497122620628597,0.12217795484727756,0.01018149623727313,0.26073483842408146,0.01637892872952634,0.0,0.1478530323151837,0.0004426737494466578,Лермонтов,Княжна Мери
0.059026920227216596,0.07038775006174364,0.06717708076068166,0.011607804396147196,0.03482341318844159,0.024203507038775007,0.0007409236848604594,0.14892566065695234,0.010125957026426277,0.04297357372190665,0.09632007903185971,0.014077550012348727,0.24425784144233145,0.03334156581872067,0.0,0.14126944924672757,0.0007409236848604594,Лермонтов,Бэла
0.05692307692307692,0.06423076923076923,0.06076923076923077,0.009615384615384616,0.036923076923076927,0.031538461538461536,0.0007692307692307692,0.12923076923076923,0.006923076923076923,0.02923076923076923,0.12423076923076923,0.007692307692307693,0.27153846153846156,0.016923076923076923,0.0,0.1519230769230769,0.0015384615384615385,Лермонтов,Княжна Мери
0.050594227504244485,0.06451612903225806,0.05195246179966044,0.01561969439728353,0.030560271646859084,0.03701188455008489,0.0,0.1361629881154499,0.008149405772495755,0.03904923599320883,0.1293718166383701,0.010526315789473684,0.24550084889643464,0.027164685908319185,0.0,0.1531409168081494,0.0006791171477079797,Лермонтов,Княжна Мери
0.0800358369419143,0.07406301328953263,0.05226220695833955,0.014334776765715993,0.044945497984172016,0.03210392713155144,0.001045244139166791,0.19187695983276093,0.010452441391667911,0.028968194714051067,0.06868747200238913,0.015230700313573242,0.22144243691205018,0.02150216514857399,0.00014932059130954157,0.14275048529192175,0.00014932059130954157,Лермонтов,Вадим
0.03214744963566224,0.06086583797685383,0.04543506215173596,0.011573081868838405,0.035147878268324044,0.02571795970852979,0.0008572653236176596,0.12730390055722246,0.0038576939562794685,0.05272181740248607,0.12944706386626662,0.02828975567938277,0.2571795970852979,0.03214744963566224,0.0,0.15730818688384055,0.0,Лермонтов,Бэла
0.0607649599012955,0.06508328192473782,0.05644663787785318,0.011104256631708822,0.0391733497840839,0.03454657618753856,0.0012338062924120913,0.1391116594694633,0.004935225169648365,0.03578038247995065,0.13325107958050586,0.008328192473781616,0.2421344848858729,0.020049352251696483,0.0,0.14774830351634793,0.00030845157310302283,Лермонтов,Княжна Мери
0.059728838402345184,0.06815683400513009,0.05643092707951631,0.01282521069989007,0.03224624404543789,0.03224624404543789,0.0,0.1524367900329791,0.009160864785635764,0.03994137046537193,0.10773176987907658,0.010993037742762916,0.2532063026749725,0.02088677171124954,0.0,0.1440087944301942,0.0,Лермонтов,Княжна Мери
0.05358948432760364,0.06201550387596899,0.05089315807212673,0.016852039096730706,0.03134479271991911,0.03606336366700371,0.0,0.13144590495449948,0.00741489720256151,0.03640040444893832,0.13245702730030334,0.008763060330299966,0.24671385237613752,0.028311425682507583,0.0,0.15706100438153017,0.0006740815638692282,Лермонтов,Княжна Мери
0.1013277428371768,0.09294199860237597,0.04821802935010482,0.011879804332634521,0.045422781271837874,0.0363382250174703,0.0,0.206848357791754,0.011879804332634521,0.027952480782669462,0.08315863032844165,0.012578616352201259,0.15932914046121593,0.03004891684136967,0.0006988120195667365,0.13137665967854648,0.0,Лермонтов,Я хочу рассказать вам
0.056902356902356906,0.06700336700336701,0.05084175084175084,0.016835016835016835,0.03265993265993266,0.03737373737373737,0.0,0.13535353535353536,0.007407407407407408,0.037037037037037035,0.13265993265993267,0.008754208754208754,0.23232323232323232,0.027946127946127945,0.0,0.15622895622895622,0.0006734006734006734,Лермонтов,Княжна Мери
0.04781906300484653,0.06526655896607432,0.05912762520193861,0.013893376413570274,0.03489499192245557,0.03037156704361874,0.0006462035541195477,0.14604200323101776,0.00678513731825525,0.04749596122778675,0.10759289176090468,0.017770597738287562,0.23683360258481423,0.03037156704361874,0.0,0.15411954765751212,0.0009693053311793214,Лермонтов,Бэла
0.06670233636525771,0.07026930622436241,0.04351703228107723,0.00945247012662743,0.042803638309256285,0.031389334760121276,0.002140181915462814,0.1819154628143392,0.006420545746388443,0.03424291064740503,0.08828250401284109,0.011949349028000713,0.24772605671482076,0.022293561619404316,0.00017834849295523454,0.1403602639557696,0.0003566969859104691,Лермонтов,Вадим
0.061208875286916604,0.06426931905126243,0.056618209640397855,0.011476664116296864,0.03289977046671767,0.03519510328997705,0.0019127773527161439,0.14384085692425402,0.0038255547054322878,0.03481254781943382,0.1262433052792655,0.0072685539403213465,0.25745983167559294,0.017980107115531753,0.0,0.14460596786534047,0.00038255547054322876,Лермонтов,Княжна Мери
0.05880294014700735,0.06650332516625831,0.05180259012950648,0.01750087504375219,0.03290164508225411,0.03885194259712986,0.0,0.1344067203360168,0.007000350017500875,0.036751837591879596,0.13300665033251663,0.0077003850192509625,0.2313615680784039,0.028351417570878543,0.0,0.1550577528876444,0.0,Лермонтов,Княжна Мери
0.07049512240014724,0.06883857905392969,0.04343824774526044,0.015461071231363888,0.03773237621939996,0.04527885146327996,0.0016565433462175593,0.18516473403276273,0.006073992269464384,0.030554021719123872,0.09037364255475797,0.01417264862875023,0.22786674029081538,0.02116694275722437,0.00018406037180195104,0.14154242591570035,0.0,Лермонтов,Вадим
0.045882710422364026,0.0695837131570951,0.06168337891218475,0.009723488301428137,0.03767851716803403,0.020662412640534793,0.001215436037678517,0.1388635673047706,0.007900334244910361,0.04740200546946217,0.11698571862655728,0.018535399574597388,0.246733515648739,0.027043451838347006,0.0,0.15010635065329686,0.0,Лермонтов,Бэла
0.07550103662750518,0.07342778161713891,0.0509675190048376,0.010884588804422944,0.042156185210780926,0.030753282653766412,0.002246026261230131,0.18693849343469246,0.012093987560469938,0.03127159640635798,0.07912923289564616,0.012093987560469938,0.22667588113337941,0.021423635107118175,0.00017277125086385625,0.143054595715273,0.0012093987560469939,Лермонтов,Вадим
0.06108336534767576,0.08413369189396849,0.06146753745678064,0.01152516327314637,0.0384172109104879,0.02228198232808298,0.000768344218209758,0.17095658855167115,0.015751056473300037,0.03611217825585863,0.08989627353054168,0.013830195927775643,0.23165578179024202,0.016519400691509797,0.0,0.14560122935074912,0.0,Лермонтов,Бэла
0.07027540360873694,0.07027540360873694,0.04311490978157645,0.014624881291547959,0.03836657169990503,0.04425451092117759,0.0017094017094017094,0.1838556505223172,0.005698005698005698,0.029439696106362774,0.09021842355175688,0.0157644824311491,0.22943969610636278,0.020322886989553656,0.0001899335232668566,0.14245014245014245,0.0,Лермонтов,Вадим
0.07409713574097136,0.07409713574097136,0.06133250311332503,0.014321295143212951,0.03829389788293898,0.029887920298879204,0.00031133250311332503,0.1765255292652553,0.0062266500622665,0.029265255292652552,0.07658779576587796,0.0136986301369863,0.23785803237858033,0.0186799501867995,0.001556662515566625,0.14726027397260275,0.0,Лермонтов,Штосс
0.08355570380253502,0.07404936624416278,0.05103402268178786,0.015010006671114077,0.04469646430953969,0.03352234823215477,0.0008338892595063375,0.19496330887258173,0.010173448965977319,0.025016677785190126,0.06871247498332221,0.016177451634422947,0.21964643095396932,0.022348232154769845,0.0001667778519012675,0.13992661774516343,0.0001667778519012675,Лермонтов,Вадим
0.06724649978786593,0.07509546033092915,0.04348748408994484,0.011879507848960543,0.044972422571064916,0.028425965210012727,0.002545608824777259,0.1767076792532881,0.010182435299109036,0.03372931692829868,0.08400509121764956,0.014212982605006363,0.2411964361476453,0.01951633432329232,0.00021213406873143826,0.14573610521849809,0.0008485362749257531,Лермонтов,Вадим
0.059719438877755514,0.07575150300601202,0.054509018036072145,0.006813627254509018,0.03246492985971944,0.035270541082164326,0.0008016032064128256,0.16312625250501003,0.006813627254509018,0.036072144288577156,0.1218436873747495,0.01282565130260521,0.23246492985971945,0.02124248496993988,0.0,0.1402805611222445,0.0,Лермонтов,Княжна Мери
0.05871949062610541,0.07216130173328617,0.0629642730810046,0.010611956137247965,0.032189600282985495,0.033958259639193494,0.0,0.14043155288291476,0.009904492394764769,0.03608065086664308,0.12239122744959322,0.009904492394764769,0.25221082419526,0.022992571630703926,0.0,0.13512557481429077,0.00035373187124159886,Лермонтов,Княжна Мери
0.07468443197755961,0.07889200561009818,0.0546984572230014,0.011570827489481066,0.03260869565217391,0.0364656381486676,0.0007012622720897616,0.15743338008415148,0.009467040673211781,0.02699859747545582,0.10203366058906031,0.01332398316970547,0.22826086956521738,0.026297335203366058,0.0,0.13078541374474054,0.015778401122019635,Лермонтов,Княжна Мери
0.08027981345769487,0.08027981345769487,0.0552964690206529,0.010659560293137908,0.03764157228514324,0.03530979347101932,0.0006662225183211193,0.16022651565622917,0.011325782811459028,0.030313124583610927,0.10692871419053963,0.012325116588940706,0.20852764823451034,0.024983344437041973,0.0,0.1302465023317788,0.014990006662225183,Лермонтов,Княжна Мери
0.08370260955194485,0.07336287543082226,0.05120630231413097,0.01559166256359757,0.04447726899720991,0.033973412112259974,0.0008206138191367143,0.19661907106515675,0.010996225176431972,0.023961923518792057,0.06712621040538323,0.01674052191038897,0.2202527490562941,0.02232069588051863,0.00016412276382734285,0.13851961267027738,0.00016412276382734285,Лермонтов,Вадим
0.0784973366975049,0.06742360527053547,0.04709840201850295,0.008410428931875526,0.04051023268853378,0.03854779927109616,0.001682085786375105,0.18573030557891787,0.006447995514437903,0.029015979814970564,0.08298289879450518,0.017241379310344827,0.231847490888702,0.025231286795626577,0.0,0.13877207737594618,0.000560695262125035,Лермонтов,Вадим
0.04787068697544296,0.06838669567920423,0.06341311781162574,0.010258004351880633,0.038234379857009636,0.019894311470313956,0.0012433944668946222,0.13832763444202673,0.007771215418091389,0.04849238420889027,0.11532483680447622,0.018650917003419334,0.24805719614547717,0.027976375505129002,0.0,0.14609884986011812,0.0,Лермонтов,Бэла
0.07740242702525418,0.06838307641849786,0.05428009183338799,0.010003279763857002,0.04148901279107904,0.0344375204985241,0.002131846507051492,0.18563463430632995,0.010659232535257461,0.03050180387012135,0.08117415546080682,0.012955067235159068,0.22400787143325682,0.02230239422761561,0.0,0.14348966874385044,0.0011479173499508036,Лермонтов,Вадим
0.0636055701919458,0.06849830636055702,0.05382009785472337,0.011290929619872036,0.036130974783590515,0.03462551750094091,0.0,0.1558148287542341,0.010914565299209636,0.03500188182160331,0.10575837410613474,0.00978547233722243,0.25479864508844563,0.017689123071132858,0.0,0.14226571321038767,0.0,Лермонтов,Княжна Мери
0.061491160645657184,0.0749423520368947,0.05265180630284397,0.007686395080707148,0.030745580322828592,0.0361260568793236,0.0007686395080707148,0.1614142966948501,0.006917755572636433,0.033820138355111454,0.12298232129131437,0.012298232129131437,0.23328209069946196,0.022290545734050732,0.0,0.1425826287471176,0.0,Лермонтов,Княжна Мери
0.07845220030349014,0.06904400606980274,0.04582701062215478,0.007890743550834597,0.0417298937784522,0.038846737481031866,0.0015174506828528073,0.18285280728376327,0.006069802731411229,0.02898330804248862,0.08285280728376328,0.0165402124430956,0.23247344461305008,0.025189681335356602,0.0,0.14142640364188164,0.00030349013657056146,Лермонтов,Вадим
0.048535564853556486,0.06401673640167364,0.048535564853556486,0.014644351464435146,0.02594142259414226,0.0301255230125523,0.00041841004184100416,0.14393305439330545,0.009205020920502092,0.03347280334728033,0.11548117154811716,0.012552301255230125,0.26820083682008367,0.024686192468619247,0.0,0.1594142259414226,0.0008368200836820083,Лермонтов,Княжна Мери
0.07355292612727854,0.07451231212024305,0.06108090821874001,0.015350175887432043,0.03837543971858011,0.029740965781899584,0.0003197953309881676,0.17588743204349216,0.0063959066197633516,0.02782219379597058,0.07771026543012471,0.013751199232491206,0.23728813559322035,0.019187719859290055,0.0015989766549408379,0.14742564758554524,0.0,Лермонтов,Штосс
0.0509936257967754,0.07499062617172854,0.049493813273340834,0.01537307836520435,0.025871766029246346,0.031121109861267343,0.0014998125234345708,0.15598050243719536,0.007124109486314211,0.03449568803899512,0.12110986126734158,0.010873640794900637,0.25534308211473566,0.018747656542932135,0.0,0.14473190851143608,0.0022497187851518562,Лермонтов,Княжна Мери
0.06757557794902193,0.07172495554238292,0.042876901798063624,0.01343607982612132,0.03694921952183363,0.04663110057300929,0.0019758940920766646,0.17526180596720015,0.0043469670025686625,0.0306263584271883,0.09523809523809523,0.014819205690574985,0.23750246986761508,0.020549298557597313,0.00019758940920766647,0.1402884805374432,0.0,Лермонтов,Вадим
0.04853228962818004,0.07318982387475538,0.05362035225048924,0.015655577299412915,0.027788649706457925,0.030136986301369864,0.0007827788649706458,0.1487279843444227,0.008610567514677104,0.03405088062622309,0.11389432485322896,0.011350293542074364,0.27045009784735813,0.020352250489236792,0.0,0.14246575342465753,0.0003913894324853229,Лермонтов,Княжна Мери
0.0779109589041096,0.07148972602739725,0.04708904109589041,0.007990867579908675,0.04238013698630137,0.036244292237442924,0.0014269406392694063,0.18350456621004566,0.005707762557077625,0.02925228310502283,0.08133561643835617,0.01569634703196347,0.2321632420091324,0.026541095890410957,0.0,0.1408390410958904,0.0004280821917808219,Лермонтов,Вадим
0.06533847472150814,0.06726649528706084,0.05205655526992288,0.013924592973436161,0.03491859468723222,0.04070265638389032,0.0021422450728363325,0.16066838046272494,0.008140531276778063,0.03449014567266495,0.08547557840616966,0.021208226221079693,0.2493573264781491,0.020779777206512424,0.0004284490145672665,0.143101970865467,0.0,Лермонтов,Вадим
0.051005212211466866,0.06664184661206254,0.06291883842144452,0.010424422933730455,0.036857781087118395,0.03164556962025317,0.0007446016381236039,0.12211466865227104,0.005956813104988831,0.03276247207743857,0.1351451973194341,0.00967982129560685,0.2647058823529412,0.018242740134028296,0.0,0.15003723008190617,0.0011169024571854058,Лермонтов,Княжна Мери
0.0327140549273021,0.061793214862681745,0.050080775444264945,0.010904684975767368,0.034733441033925685,0.025040387722132473,0.0008077544426494346,0.13045234248788368,0.005250403877221325,0.05250403877221325,0.12399030694668821,0.025040387722132473,0.2568659127625202,0.031906300484652664,0.0,0.15791599353796446,0.0,Лермонтов,Бэла
0.06380316930775647,0.06943286071726439,0.04837364470391994,0.014178482068390326,0.03502919099249374,0.04482902418682235,0.0025020850708924102,0.16409507923269392,0.006046705587989992,0.034820683903252714,0.0877814845704754,0.019182652210175146,0.24562135112593828,0.019182652210175146,0.0004170141784820684,0.14470391993327772,0.0,Лермонтов,Вадим
0.06814141813154256,0.07090657712818486,0.04384752123247087,0.013628283626308513,0.036342089670156036,0.04621765751530713,0.0019751135690302193,0.17677266442820463,0.0045427612087695045,0.030416748963065378,0.0946079399565475,0.014813351767726645,0.23661860556982026,0.020738692474817303,0.00019751135690302193,0.14023306340114555,0.0,Лермонтов,Вадим
0.0694060773480663,0.06681629834254144,0.04333563535911602,0.015193370165745856,0.04333563535911602,0.04143646408839779,0.0017265193370165745,0.18162983425414364,0.006388121546961326,0.031595303867403314,0.08926104972375691,0.016747237569060772,0.22669198895027623,0.020718232044198894,0.0003453038674033149,0.1453729281767956,0.0,Лермонтов,Вадим
0.04773869346733668,0.0678391959798995,0.06407035175879397,0.0103643216080402,0.038944723618090454,0.01978643216080402,0.001256281407035176,0.13819095477386933,0.007851758793969849,0.04930904522613065,0.11400753768844221,0.018844221105527637,0.24842964824120603,0.027324120603015076,0.0,0.14604271356783918,0.0,Лермонтов,Бэла
0.07412309728656519,0.07445400397088021,0.06154864328259431,0.013898080741230973,0.03673064195896757,0.02945069490403706,0.00033090668431502316,0.1743878226340172,0.005956320317670417,0.031105228325612178,0.07478491065519524,0.014890800794176042,0.24189278623428193,0.018199867637326273,0.0009927200529450694,0.1472534745201853,0.0,Лермонтов,Штосс
0.04895104895104895,0.07342657342657342,0.047785547785547784,0.014374514374514374,0.024864024864024864,0.030303030303030304,0.001554001554001554,0.15384615384615385,0.006604506604506605,0.03613053613053613,0.12354312354312354,0.010101010101010102,0.26495726495726496,0.017871017871017872,0.0,0.14335664335664336,0.002331002331002331,Лермонтов,Княжна Мери
0.06031866464339909,0.0641122913505311,0.057283763277693474,0.011760242792109257,0.03338391502276176,0.03528072837632777,0.0018968133535660092,0.1422610015174507,0.0037936267071320183,0.03414264036418816,0.1267071320182094,0.007207890743550834,0.2568285280728376,0.017830045523520487,0.0,0.1468133535660091,0.00037936267071320183,Лермонтов,Княжна Мери
0.07319545823195459,0.06772100567721005,0.05271695052716951,0.013584752635847526,0.03953771289537713,0.04034874290348743,0.0018248175182481751,0.17254663422546634,0.010746147607461476,0.03223844282238443,0.07664233576642336,0.018045417680454177,0.23722627737226276,0.022303325223033254,0.00040551500405515005,0.14071370640713707,0.00020275750202757503,Лермонтов,Вадим
0.0699426111908178,0.0699426111908178,0.06599713055954089,0.011119081779053085,0.031205164992826398,0.02977044476327116,0.0003586800573888092,0.15315638450502153,0.012195121951219513,0.03299856527977044,0.10365853658536585,0.011119081779053085,0.24461979913916787,0.02187948350071736,0.0,0.13593974175035867,0.006097560975609756,Лермонтов,Княжна Мери
0.048150510204081634,0.08099489795918367,0.04878826530612245,0.013073979591836735,0.03985969387755102,0.0274234693877551,0.0006377551020408163,0.15593112244897958,0.01594387755102041,0.04400510204081633,0.09980867346938775,0.020089285714285716,0.2378826530612245,0.01881377551020408,0.0,0.1485969387755102,0.0,Лермонтов,Бэла
0.06795808193077167,0.07272149888853605,0.06287710384248968,0.013337567481740234,0.03270879644331534,0.032391235312797716,0.00031756113051762465,0.15147665925690695,0.00952683391552874,0.03461416322642109,0.11305176246427437,0.011432200698634487,0.2359479199745951,0.023499523658304225,0.0,0.13305811368688472,0.0050809780882819944,Лермонтов,Княжна Мери
0.061946902654867256,0.07642799678197908,0.05349959774738536,0.007240547063555913,0.03298471440064361,0.03258246178600161,0.0008045052292839903,0.16411906677393404,0.006838294448913918,0.036202735317779566,0.12148028962188254,0.01246983105390185,0.2345132743362832,0.021319388576025743,0.0,0.13716814159292035,0.00040225261464199515,Лермонтов,Княжна Мери
0.05782755926022402,0.06902839281062777,0.06694451680125033,0.011982287053920291,0.034383954154727794,0.0224016671008075,0.001041938004688721,0.1466527741599375,0.00989841104454285,0.0461057567074759,0.0976816879395676,0.015108101067986456,0.2466788226100547,0.032039593644178174,0.0,0.14144308413649387,0.0007814535035165407,Лермонтов,Бэла
0.0669049037125273,0.07206670637284097,0.043081199126464166,0.013301568393885249,0.03672821123684733,0.04665475481437364,0.001786777843954735,0.17450863609291245,0.004367679174111574,0.030772285090331548,0.09549334921580306,0.015088346237839985,0.23823704586063132,0.020647210641254715,0.0001985308715505261,0.14016279531467143,0.0,Лермонтов,Вадим
0.07414763323402847,0.07447864945382324,0.06190003310162198,0.013571665011585568,0.036742800397219465,0.029460443561734526,0.00033101621979476995,0.17411453161204898,0.005958291956305859,0.031115524660708375,0.074809665673618,0.014564713670969877,0.24263488910956638,0.018205892088712348,0.0009930486593843098,0.14697120158887786,0.0,Лермонтов,Штосс
0.06056920457309657,0.06981269764047678,0.0666504500121625,0.012162490878131841,0.0350279737290197,0.025784480661639502,0.0007297494526879105,0.15300413524689857,0.00997324252006811,0.04086596935052299,0.095110678666991,0.01313549014838239,0.24106056920457308,0.03283872537095597,0.0,0.1425443930917052,0.0007297494526879105,Лермонтов,Бэла
0.06959204662324306,0.06993486458690436,0.0654782310593075,0.012684264655467946,0.031196434693177923,0.027082619129242372,0.00034281796366129587,0.15426808364758313,0.012341446691806651,0.0329105245114844,0.10250257113472747,0.010970174837161468,0.24442920809050395,0.023311621528968117,0.0,0.13644154953719576,0.006513541309564621,Лермонтов,Княжна Мери
0.06386354621182071,0.07497024990083301,0.052360174533915116,0.010710035700119,0.03411344704482348,0.036890122967076555,0.0003966679888932963,0.16342721142403807,0.006346687822292741,0.03768345894486315,0.11622372074573582,0.011106703689012296,0.22808409361364537,0.02459341531138437,0.0,0.13923046410154702,0.0,Лермонтов,Княжна Мери
0.05653071760454311,0.068921011874032,0.06582343830665978,0.013164687661331956,0.03536396489416624,0.024522457408363448,0.0007743933918430562,0.1497160557563242,0.00980898296334538,0.041817243159525036,0.09447599380485286,0.012648425400103252,0.24393391843056272,0.03149199793495096,0.0,0.1502323180175529,0.0007743933918430562,Лермонтов,Бэла
0.0741310366041218,0.07305444478621963,0.04583205167640726,0.008766533374346354,0.04398646570286066,0.034297139341741,0.001076591817902184,0.18302060904337128,0.00584435558289757,0.030605967394647802,0.08135958166717933,0.014764687788372808,0.237465395262996,0.024146416487234697,0.0,0.14118732697631498,0.00046139649338665026,Лермонтов,Вадим
0.07515945526633339,0.07602137562489227,0.050508533011549735,0.014997414238924324,0.043957938286502324,0.03102913290811929,0.0012066885019824168,0.1870367178072746,0.01034304430270643,0.03016721254956042,0.07481468712290984,0.014997414238924324,0.22685743837269437,0.019824168246853992,0.00017238407171177384,0.1429063954490605,0.0,Лермонтов,Вадим
0.0699897575964493,0.0706725844998293,0.06384431546602937,0.012973711164219871,0.031068624103789688,0.026971662683509732,0.0003414134516899966,0.15329463980880847,0.011949470809149881,0.03175145100716968,0.10344827586206896,0.010925230454079891,0.24615909866848754,0.02321611471491977,0.0,0.13724820757937864,0.006145442130419939,Лермонтов,Княжна Мери
0.06261585993820803,0.0737384140061792,0.04304840370751802,0.011122554067971163,0.0446961894953656,0.02945417095777549,0.0024716786817713696,0.17466529351184346,0.009886714727085478,0.03542739443872297,0.0867147270854789,0.014624098867147271,0.24552008238928938,0.01812564366632338,0.00020597322348094748,0.14768280123583935,0.0,Лермонтов,Вадим
0.03954994885782475,0.06853051483123082,0.05250596658711217,0.012274122059324924,0.03784520968291851,0.028639618138424822,0.0006818956699624957,0.14728946471189908,0.005455165359699966,0.045687009887487216,0.11387657688373679,0.02113876576883737,0.24139106716672348,0.030003409478349813,0.0,0.15513126491646778,0.0,Лермонтов,Бэла
0.03699788583509514,0.06730091613812544,0.05250176180408739,0.01233262861169838,0.03629316420014094,0.027836504580690626,0.0007047216349541931,0.14693446088794926,0.005285412262156448,0.04686398872445384,0.11486962649753348,0.022198731501057084,0.2427766032417195,0.030303030303030304,0.0,0.15680056377730797,0.0,Лермонтов,Бэла
0.06802721088435375,0.06749015395631937,0.04547081990691013,0.011457214464733263,0.04439670605084139,0.0384890798424633,0.0012531328320802004,0.18653777300393842,0.010383100608664519,0.027747941281775868,0.08682420336555675,0.019692087361260293,0.22717508055853922,0.020050125313283207,0.00035803795202291446,0.14464733261725743,0.0,Лермонтов,Вадим
0.0625,0.06848802395209581,0.05389221556886228,0.010853293413173653,0.035179640718562874,0.03330838323353293,0.0,0.1534431137724551,0.010853293413173653,0.036676646706586824,0.10516467065868264,0.008982035928143712,0.25860778443113774,0.0187125748502994,0.0,0.1433383233532934,0.0,Лермонтов,Княжна Мери
0.06247325631151048,0.06546854942233633,0.05947796320068464,0.011553273427471117,0.02866923406076166,0.0329482242190843,0.002139495079161318,0.14163457424047926,0.005134788189987163,0.03551561831407788,0.12323491655969192,0.010269576379974325,0.2550278134360291,0.018827556696619598,0.0,0.14719726144629866,0.0004278990158322636,Лермонтов,Княжна Мери
0.060785141409877584,0.07302659349936683,0.054453355846348674,0.0059096665259603205,0.034613761080624736,0.03292528493035036,0.0016884761502743773,0.1574504010130857,0.0059096665259603205,0.03545799915576193,0.12157028281975517,0.011819333051920641,0.24187420852680455,0.018995356690586745,0.0,0.14309835373575347,0.00042211903756859433,Лермонтов,Княжна Мери
0.08355570380253502,0.07404936624416278,0.05103402268178786,0.015010006671114077,0.04469646430953969,0.03352234823215477,0.0008338892595063375,0.19496330887258173,0.010173448965977319,0.025016677785190126,0.06871247498332221,0.016177451634422947,0.21964643095396932,0.022348232154769845,0.0001667778519012675,0.13992661774516343,0.0001667778519012675,Лермонтов,Вадим
0.03297644539614561,0.06295503211991435,0.044967880085653104,0.010706638115631691,0.03511777301927195,0.026124197002141327,0.0008565310492505353,0.1259100642398287,0.004282655246252677,0.05182012847965739,0.1259100642398287,0.03169164882226981,0.25910064239828695,0.03297644539614561,0.0,0.15460385438972163,0.0,Лермонтов,Бэла
0.051094890510948905,0.06970802919708029,0.05218978102189781,0.014598540145985401,0.030656934306569343,0.030656934306569343,0.000364963503649635,0.14927007299270073,0.009124087591240875,0.03686131386861314,0.1062043795620438,0.011313868613138687,0.27992700729927006,0.01897810218978102,0.0,0.1386861313868613,0.000364963503649635,Лермонтов,Княжна Мери
0.07772020725388601,0.07530224525043178,0.061139896373056994,0.01623488773747841,0.036614853195164075,0.029706390328151987,0.0003454231433506045,0.18100172711571674,0.0058721934369602765,0.024179620034542316,0.07910189982728842,0.013471502590673576,0.229706390328152,0.020379965457685664,0.0017271157167530224,0.1474956822107081,0.0,Лермонтов,Штосс
0.06703716568252865,0.07328933657519972,0.06495310871830497,0.012156998957971519,0.03647099687391455,0.027787426189649182,0.0006946856547412296,0.174018756512678,0.006599513720041681,0.033692254254949636,0.07189996526571726,0.016325112886418896,0.2462660646057659,0.01736714136853074,0.0010420284821118443,0.1503994442514762,0.0,Лермонтов,Штосс
0.08603038309114927,0.07364597093791281,0.05449141347424042,0.01618229854689564,0.04474900924702774,0.034015852047556146,0.0004953764861294584,0.19765521796565388,0.011393659180977542,0.025924702774108323,0.0642338177014531,0.017338177014531043,0.21449801849405548,0.021796565389696168,0.0,0.13738441215323646,0.00016512549537648613,Лермонтов,Вадим
0.06350351795056829,0.07270431174454267,0.04528233808407,0.008659570629622948,0.03860725239040231,0.028865235432076492,0.0032473389861086056,0.18203139094353238,0.010102832401226773,0.03319502074688797,0.08154429009561609,0.011726501894281075,0.2601479343315894,0.01984484935955259,0.00036081544290095615,0.139996391845571,0.00018040772145047808,Лермонтов,Вадим
0.05,0.07829457364341086,0.05116279069767442,0.01627906976744186,0.024806201550387597,0.028294573643410852,0.0011627906976744186,0.15852713178294572,0.009302325581395349,0.03255813953488372,0.11434108527131782,0.012015503875968992,0.262015503875969,0.018992248062015504,0.0,0.14186046511627906,0.0003875968992248062,Лермонтов,Княжна Мери
0.04804589458587307,0.06776622445320904,0.05198996055934026,0.015059160989602008,0.029401219074937254,0.036213696665471494,0.00035855145213338117,0.14377913230548584,0.008963786303334529,0.040157762638938686,0.12262459662961635,0.010756543564001434,0.24345643599856578,0.026532807457870206,0.0,0.1541771244173539,0.0007171029042667623,Лермонтов,Княжна Мери
0.07470328135908774,0.06911798929485688,0.04305329299511287,0.013963230160577147,0.03816616243891087,0.03863160344426344,0.0009308820107051431,0.1896672096811729,0.01210146613916686,0.023970211775657436,0.08680474749825459,0.016523155690016292,0.2324877821736095,0.021875727251570862,0.0006981615080288574,0.1373050965790086,0.0,Лермонтов,Вадим
0.08247942214009743,0.07441626070888628,0.049554846295985215,0.01427851503443642,0.044851335461112044,0.03376448849319671,0.0008399126490844952,0.194691752057786,0.010246934318830841,0.026877204770703846,0.0703846799932807,0.015286410213337813,0.21972114900050393,0.021501763816563078,0.00016798252981689904,0.1407693599865614,0.00016798252981689904,Лермонтов,Вадим
0.0327140549273021,0.061793214862681745,0.050080775444264945,0.010904684975767368,0.034733441033925685,0.025040387722132473,0.0008077544426494346,0.13045234248788368,0.005250403877221325,0.05250403877221325,0.12399030694668821,0.025040387722132473,0.2568659127625202,0.031906300484652664,0.0,0.15791599353796446,0.0,Лермонтов,Бэла
0.05823627287853577,0.0675540765391015,0.05524126455906822,0.009983361064891847,0.036605657237936774,0.030615640599001664,0.0013311148086522463,0.13577371048252912,0.004991680532445923,0.03394342762063228,0.129783693843594,0.009983361064891847,0.2608985024958403,0.01930116472545757,0.0,0.1454242928452579,0.00033277870216306157,Лермонтов,Княжна Мери
0.057227638830012716,0.06994489190334888,0.0453582026282323,0.01314116150911403,0.028825773632895294,0.033488766426451884,0.00211954217888936,0.15387876218736754,0.006782534972445952,0.0347604917337855,0.1165748198389148,0.008054260279779568,0.26663840610428147,0.018228062738448497,0.0,0.14285714285714285,0.00211954217888936,Лермонтов,Княжна Мери
0.08700657894736842,0.07434210526315789,0.05476973684210526,0.01644736842105263,0.04457236842105263,0.034210526315789476,0.000493421052631579,0.1980263157894737,0.011348684210526316,0.025822368421052632,0.06365131578947368,0.01694078947368421,0.21332236842105262,0.021875,0.0,0.13700657894736842,0.0001644736842105263,Лермонтов,Вадим
0.057267125770206595,0.07031533164189924,0.06197897789054005,0.010511054729974628,0.029720913374411018,0.034795215657847045,0.0,0.14063066328379847,0.009423704240666908,0.03515766582094962,0.12178325480246466,0.008698803914461761,0.2606016672707503,0.023196810438564697,0.0,0.13591881116346502,0.0,Лермонтов,Княжна Мери
0.061975209916033586,0.07596961215513795,0.053978408636545384,0.007197121151539384,0.03318672530987605,0.03358656537385046,0.0007996801279488205,0.16473410635745703,0.006797281087564974,0.03558576569372251,0.1211515393842463,0.012395041983206718,0.23270691723310677,0.021191523390643743,0.0,0.13834466213514593,0.00039984006397441024,Лермонтов,Княжна Мери
0.1013277428371768,0.09294199860237597,0.04821802935010482,0.011879804332634521,0.045422781271837874,0.0363382250174703,0.0,0.206848357791754,0.011879804332634521,0.027952480782669462,0.08315863032844165,0.012578616352201259,0.15932914046121593,0.03004891684136967,0.0006988120195667365,0.13137665967854648,0.0,Лермонтов,Я хочу рассказать вам
0.07433712121212122,0.06865530303030302,0.04261363636363636,0.01396780303030303,0.038115530303030304,0.03858901515151515,0.000946969696969697,0.19081439393939395,0.011837121212121212,0.02462121212121212,0.0868844696969697,0.016571969696969696,0.23390151515151514,0.02012310606060606,0.0007102272727272727,0.13731060606060605,0.0,Лермонтов,Вадим
0.05725190839694656,0.0648854961832061,0.056106870229007635,0.01183206106870229,0.031297709923664124,0.03549618320610687,0.0019083969465648854,0.13931297709923665,0.004198473282442748,0.03549618320610687,0.12480916030534352,0.00801526717557252,0.2679389312977099,0.01717557251908397,0.0,0.14427480916030536,0.0,Лермонтов,Княжна Мери
0.057878889260622284,0.06791569086651054,0.05587152893944463,0.010371361659417865,0.038808966209434595,0.03412512546002008,0.0006691201070592171,0.13415858146537304,0.005018400802944129,0.03245232519237203,0.1328203412512546,0.00936768149882904,0.2539310806289729,0.019739043158246906,0.0,0.14653730344596855,0.00033456005352960856,Лермонтов,Княжна Мери
0.05170432784373803,0.0762160091918805,0.050555342780543855,0.015702795863653772,0.026043661432401378,0.030639601685178094,0.0011489850631941786,0.15779394867866717,0.007276905400229797,0.03485254691689008,0.12064343163538874,0.011106855610877058,0.2523937188816545,0.01876675603217158,0.0,0.14285714285714285,0.002297970126388357,Лермонтов,Княжна Мери
0.0557006092254134,0.05918189730200174,0.0639686684073107,0.010008703220191472,0.03263707571801567,0.03176675369886858,0.0,0.12228024369016537,0.0073977371627502175,0.034377719756309835,0.12010443864229765,0.006962576153176675,0.28807658833768496,0.020887728459530026,0.0,0.1453437771975631,0.0013054830287206266,Лермонтов,Княжна Мери
0.045749513303049966,0.08176508760545101,0.04510058403634004,0.012978585334198572,0.03958468526930565,0.031148604802076575,0.0006489292667099286,0.1528228423101882,0.01427644386761843,0.043478260869565216,0.10123296560674887,0.024334847501622323,0.23945489941596365,0.01881894873458793,0.0,0.14860480207657364,0.0,Лермонтов,Бэла
0.07371483996120272,0.0750080827675396,0.06207565470417071,0.014548981571290009,0.037827352085354024,0.029421273844164243,0.00032331070158422246,0.17652764306498545,0.006466214031684449,0.030391205948916908,0.0750080827675396,0.014548981571290009,0.23795667636598772,0.01842870999030068,0.0009699321047526673,0.14678305851923698,0.0,Лермонтов,Штосс
0.05658504301786896,0.06651224354731966,0.050628722700198546,0.016876240900066182,0.032759761747187296,0.03739245532759762,0.0,0.13500992720052946,0.00727994705493051,0.03673064195896757,0.13302448709463932,0.008603573792190603,0.23395102581072139,0.02746525479814692,0.0,0.15651886168100596,0.0006618133686300463,Лермонтов,Княжна Мери
0.05549701440112399,0.06743940990516333,0.06041447137337548,0.009834913944502985,0.03863716192483316,0.03161222339304531,0.0007024938531787847,0.1285563751317176,0.005619950825430277,0.032314717246224096,0.13417632595714787,0.0091324200913242,0.256059009483667,0.0182648401826484,0.0,0.1506849315068493,0.001053740779768177,Лермонтов,Княжна Мери
0.07018979057591623,0.06839005235602094,0.043520942408376964,0.01407068062827225,0.04466623036649214,0.04073952879581152,0.0016361256544502618,0.1824280104712042,0.0068717277486911,0.030104712041884817,0.08916884816753927,0.016524869109947642,0.225130890052356,0.019469895287958117,0.0003272251308900524,0.14676047120418848,0.0,Лермонтов,Вадим
0.0476878612716763,0.06791907514450866,0.05130057803468208,0.014812138728323699,0.028540462427745664,0.03468208092485549,0.000361271676300578,0.14414739884393063,0.009754335260115607,0.03865606936416185,0.12247109826589596,0.011199421965317919,0.2438583815028902,0.027095375722543353,0.0,0.15679190751445088,0.000722543352601156,Лермонтов,Княжна Мери
0.06631989596879063,0.0698959687906372,0.06469440832249675,0.01235370611183355,0.031209362808842653,0.028283485045513652,0.00032509752925877764,0.14141742522756828,0.009102730819245773,0.0377113133940182,0.1147594278283485,0.011378413524057216,0.24869960988296488,0.026657997399219768,0.0,0.13198959687906373,0.005201560468140442,Лермонтов,Княжна Мери
0.029462738301559793,0.0645580589254766,0.045060658578856154,0.010398613518197574,0.03552859618717504,0.02729636048526863,0.0008665511265164644,0.1304159445407279,0.005199306759098787,0.05415944540727903,0.1169844020797227,0.03292894280762565,0.2621317157712305,0.03119584055459272,0.0,0.15381282495667245,0.0,Лермонтов,Бэла
0.06974906145030627,0.07053941908713693,0.04742145820983995,0.014226437462951986,0.03517091483896463,0.04603833234538629,0.0021734835012843312,0.1703220707370085,0.005532503457814661,0.03260225251926497,0.08614898241454258,0.01738786801027465,0.2392807745504841,0.01956135151155898,0.0005927682276229994,0.14325232167555818,0.0,Лермонтов,Вадим
0.06675938803894298,0.07719054242002782,0.058066759388038944,0.011474269819193325,0.032336578581363004,0.03337969401947149,0.0,0.1575104311543811,0.01043115438108484,0.030250347705146036,0.10500695410292073,0.012517385257301807,0.23609179415855355,0.026773296244784424,0.0,0.1359527121001391,0.006258692628650904,Лермонтов,Княжна Мери
0.0747485258411377,0.07700312174817898,0.050121401318071454,0.014915019077349982,0.04353104405133541,0.029830038154699964,0.0012140131807145335,0.1874783211932015,0.009712105445716268,0.029830038154699964,0.07613596947624003,0.015261879986125564,0.2261533125216788,0.02063822407214707,0.0001734304543877905,0.14325355532431494,0.0,Лермонтов,Вадим
0.03278688524590164,0.07930881701373504,0.057598582188746125,0.011076650420912717,0.0412051395657953,0.02702702702702703,0.00044306601683650863,0.14576871953921133,0.005316792202038104,0.05095259193619849,0.12007089056269384,0.02658396101019052,0.2153300841825432,0.021267168808152416,0.0,0.16526362428001773,0.0,Лермонтов,Бэла
0.05258519388954171,0.06698002350176263,0.06257344300822562,0.012925969447708578,0.033783783783783786,0.029964747356051705,0.0005875440658049354,0.1509988249118684,0.00763807285546416,0.043772032902467686,0.10105757931844889,0.017038777908343124,0.2382491186839013,0.02937720329024677,0.0,0.15158636897767333,0.0008813160987074031,Лермонтов,Бэла
0.05384354893328818,0.06400270910938029,0.05011852353538774,0.016931933626820182,0.03149339654588554,0.036572976633931595,0.0,0.1293599729089062,0.006772773450728073,0.037588892651540806,0.1371486623772435,0.008804605485946495,0.240772096173383,0.02878428716559431,0.0,0.1571283440568913,0.0006772773450728074,Лермонтов,Княжна Мери
0.048280907095830286,0.0662033650329188,0.05047549378200439,0.013533284564740308,0.027066569129480616,0.03328456474030724,0.000365764447695684,0.14118507681053402,0.008046817849305048,0.03913679590343819,0.12399414776883687,0.012070226773957572,0.2501828822238478,0.026700804681784932,0.0,0.15874177029992684,0.000731528895391368,Лермонтов,Княжна Мери
0.06675938803894298,0.0737134909596662,0.06363004172461753,0.012517385257301807,0.03546592489568846,0.027816411682892908,0.0006954102920723226,0.17280945757997218,0.006258692628650904,0.03372739916550765,0.07406119610570236,0.01564673157162726,0.24756606397774686,0.01773296244784423,0.001043115438108484,0.15055632823365786,0.0,Лермонтов,Штосс
0.08371078678074148,0.07263881899010233,0.051333668847508805,0.015265894984063076,0.044455628250293575,0.03439020298607616,0.0008387854386847844,0.1949337359503439,0.010065425264217413,0.024492534809595706,0.06861264888441537,0.01660795168595873,0.22076832746183525,0.02264720684448918,0.00016775708773695687,0.1389028686462003,0.00016775708773695687,Лермонтов,Вадим
0.06625891946992865,0.0709480122324159,0.04607543323139653,0.014271151885830785,0.03710499490316004,0.04485219164118247,0.0024464831804281344,0.17186544342507645,0.004485219164118246,0.032823649337410804,0.09174311926605505,0.017533129459734963,0.23649337410805302,0.019571865443425075,0.00040774719673802244,0.14311926605504588,0.0,Лермонтов,Вадим
0.06869948567229978,0.07237325495958853,0.0668626010286554,0.012123438648052902,0.03710506980161646,0.029757531227038943,0.0007347538574577516,0.1704628949301984,0.007714915503306392,0.041146216017634095,0.07200587803085966,0.018368846436443792,0.25165319617927995,0.016164584864070537,0.0003673769287288758,0.13445995591476856,0.0,Лермонтов,Штосс
0.06446485340868952,0.07453196750264925,0.04503708936771459,0.008654185800070647,0.04009184033910279,0.02967149417167079,0.003002472624514306,0.1808548216178029,0.009537265983751325,0.03338043094312964,0.08212645708230307,0.012716354645001766,0.255210173083716,0.020840692334864006,0.00035323207347227127,0.139350052984811,0.00017661603673613564,Лермонтов,Вадим
0.06380316930775647,0.06943286071726439,0.04837364470391994,0.014178482068390326,0.03502919099249374,0.04482902418682235,0.0025020850708924102,0.16409507923269392,0.006046705587989992,0.034820683903252714,0.0877814845704754,0.019182652210175146,0.24562135112593828,0.019182652210175146,0.0004170141784820684,0.14470391993327772,0.0,Лермонтов,Вадим
0.06390210740992522,0.06911398141853614,0.04464083389984138,0.007477906186267845,0.04192159528665307,0.029231815091774305,0.0031724450487196918,0.18672105143893045,0.008610922275096307,0.03081803761613415,0.07795150691139814,0.012009970541581691,0.2587808746884206,0.018354860639021073,0.0,0.14729209154769998,0.0,Лермонтов,Вадим
0.05930599369085174,0.06466876971608833,0.05425867507886435,0.010410094637223975,0.039116719242902206,0.031861198738170345,0.0012618296529968455,0.13785488958990536,0.00473186119873817,0.03438485804416404,0.13249211356466878,0.00914826498422713,0.25362776025236594,0.01892744479495268,0.0,0.14763406940063092,0.0003154574132492114,Лермонтов,Княжна Мери
0.07541254125412541,0.07062706270627063,0.05231023102310231,0.01089108910891089,0.04191419141914191,0.03316831683168317,0.0021452145214521452,0.18613861386138614,0.011056105610561057,0.031683168316831684,0.07986798679867987,0.013366336633663366,0.2249174917491749,0.020792079207920793,0.0,0.14455445544554454,0.0011551155115511551,Лермонтов,Вадим
0.07440890125173853,0.07892906815020863,0.05458970792767733,0.011474269819193325,0.03268428372739916,0.03616133518776078,0.0006954102920723226,0.15820584144645342,0.010083449235048678,0.026773296244784424,0.10118219749652295,0.013560500695410291,0.22948539638386647,0.0260778859527121,0.0,0.13004172461752433,0.01564673157162726,Лермонтов,Княжна Мери
0.06150341685649203,0.07555049354593774,0.04973424449506454,0.008352315869400152,0.03530751708428246,0.036826119969627945,0.0007593014426727411,0.1609719058466211,0.0056947608200455585,0.03492786636294609,0.11807137433561124,0.011009870918754746,0.23690205011389523,0.0231586940015186,0.0,0.14123006833712984,0.0,Лермонтов,Княжна Мери
0.06941357497008036,0.06582321764404171,0.04274234911950761,0.013677551718242434,0.04411010429133185,0.04069071636177124,0.001538724568302274,0.17883398871601983,0.007009745255599248,0.030090613780133356,0.09232347409813643,0.01692597025132501,0.22704735852282443,0.021542143956231833,0.00034193879295606086,0.14788852795349633,0.0,Лермонтов,Вадим
0.06655112651646447,0.07833622183708838,0.05788561525129983,0.011438474870017331,0.03223570190641248,0.03292894280762565,0.0,0.15944540727902945,0.01074523396880416,0.029462738301559793,0.10398613518197573,0.012478336221837088,0.23535528596187175,0.026689774696707105,0.0,0.13622183708838823,0.006239168110918544,Лермонтов,Княжна Мери
0.060053211706575446,0.08323831242873432,0.06081337894336754,0.01178259217027746,0.039908779931584946,0.021664766248574687,0.0007601672367920942,0.1702774610414291,0.016723679209426075,0.03724819460281262,0.09083998479665527,0.013683010262257697,0.23185100722158875,0.015583428354237932,0.0,0.14557202584568604,0.0,Лермонтов,Бэла
0.02992194275802255,0.06461405030355594,0.045099739809193407,0.00997398091934085,0.03642671292281006,0.027320034692107545,0.0008673026886383347,0.13096270598438856,0.004770164787510842,0.05333911535125759,0.11795316565481354,0.03295750216825672,0.26149176062445795,0.030789245446660885,0.0,0.15351257588898526,0.0,Лермонтов,Бэла
0.06667881216979413,0.0688650027327382,0.04408817635270541,0.009655674986336309,0.04208416833667335,0.031699763162689014,0.00218619056294407,0.17999635634906175,0.006376389141920204,0.034796866460193115,0.08854071779923484,0.012388413190016396,0.249954454363272,0.02277281836400073,0.00018218254691200583,0.13936964838768445,0.00036436509382401167,Лермонтов,Вадим
0.060134310134310136,0.06623931623931624,0.056776556776556776,0.01098901098901099,0.039377289377289376,0.033577533577533576,0.001221001221001221,0.14133089133089133,0.004884004884004884,0.035103785103785104,0.13156288156288157,0.008241758241758242,0.24328449328449328,0.01984126984126984,0.0,0.14713064713064714,0.00030525030525030525,Лермонтов,Княжна Мери
0.06466984343090537,0.06569094622191968,0.051735874744724304,0.013614703880190605,0.03301565690946222,0.03675970047651463,0.0013614703880190605,0.15112321307011573,0.0051055139550714775,0.03641933287950987,0.12457454050374404,0.0068073519400953025,0.24778761061946902,0.019400953029271615,0.0,0.14193328795098706,0.0,Лермонтов,Княжна Мери
0.07752956636005257,0.07605124835742444,0.05009855453350854,0.015604467805519055,0.04352825229960578,0.03055190538764783,0.0011498028909329829,0.18791064388961892,0.00985545335085414,0.030223390275952694,0.07408015768725361,0.014290407358738502,0.2250328515111695,0.020532194480946123,0.000164257555847569,0.14339684625492774,0.0,Лермонтов,Вадим
0.07273986837547627,0.07308624870107377,0.0626948389331486,0.013162452372705231,0.0398337374437132,0.02805680637339799,0.0006927606511950121,0.18184967093869067,0.005888465535157603,0.032906130931763075,0.0682369241427087,0.016279875303082784,0.2393488049878767,0.015587114651887772,0.0006927606511950121,0.1489435400069276,0.0,Лермонтов,Штосс
0.054276783177038934,0.06706450696220517,0.04461494742824666,0.0068201193520886615,0.042625745950554135,0.02784882068769537,0.003694231315714692,0.178743961352657,0.007388462631429384,0.03438476840011367,0.08468314862176755,0.01250355214549588,0.2659846547314578,0.01875532821824382,0.0,0.15061096902529128,0.0,Лермонтов,Вадим
0.06913935902052575,0.06877925819229384,0.0662585523946705,0.011163125675189053,0.030608570399711918,0.028808066258552395,0.00036010082823190496,0.15196254951386387,0.012243428159884768,0.03312927619733525,0.10442924018725243,0.011163125675189053,0.24630896651062298,0.022686352178610012,0.0,0.13683831472812388,0.006121714079942384,Лермонтов,Княжна Мери
0.05609756097560976,0.06515679442508711,0.05714285714285714,0.010801393728222997,0.037282229965156795,0.03205574912891986,0.0010452961672473868,0.13066202090592335,0.005226480836236934,0.03449477351916376,0.1313588850174216,0.010104529616724738,0.2651567944250871,0.018815331010452963,0.0,0.14425087108013937,0.0003484320557491289,Лермонтов,Княжна Мери
0.07479842168468005,0.0761708697889861,0.050437467833247554,0.015268485160404872,0.04374678332475553,0.03139475038600103,0.001200892091267799,0.18613827414650883,0.010464916795333677,0.030365414307771486,0.07565620174987134,0.014753817121290102,0.22662549322353748,0.019728941499399553,0.00017155601303825698,0.14307771487390633,0.0,Лермонтов,Вадим
0.059122234312658686,0.06891548784911135,0.05694595574900254,0.012694958287994197,0.03300689154878491,0.03191875226695684,0.0,0.15415306492564382,0.009793253536452665,0.039535727239753356,0.10591222343126587,0.01088139281828074,0.25172288719622776,0.02176278563656148,0.0,0.14327167210736308,0.0003627130939426913,Лермонтов,Княжна Мери
0.07880617035546612,0.07880617035546612,0.056338028169014086,0.01039570757880617,0.03621730382293763,0.03621730382293763,0.0006706908115358819,0.15660630449362845,0.01006036217303823,0.029845741113346747,0.10663983903420524,0.01341381623071764,0.21495640509725017,0.02649228705566734,0.0,0.12944332662642521,0.015090543259557344,Лермонтов,Княжна Мери
0.0767656090071648,0.07505970658478335,0.06141248720573183,0.016035482770385533,0.037188672807915386,0.03002388263391334,0.000341180484476288,0.18014329580348004,0.005800068236096895,0.023882633913340157,0.07847151142954623,0.013647219379051518,0.23200272944387582,0.02012964858410099,0.0017059024223814397,0.1473899692937564,0.0,Лермонтов,Штосс
0.07747445478114992,0.06893396370291292,0.04697270093030349,0.00793045600122007,0.04163489400640537,0.03812719231355803,0.0015250876925423213,0.18118041787402775,0.005947842000915053,0.028976666158304104,0.08403233185908189,0.016013420771694372,0.2341009608052463,0.025468964465456764,0.0,0.14137562909867318,0.00030501753850846426,Лермонтов,Вадим
0.0632003585835948,0.06902734199910354,0.04482294935006723,0.007395786642761094,0.04168534289556253,0.02935903182429404,0.0031376064545047063,0.18579112505602868,0.008516360376512775,0.031376064545047065,0.07776781712236665,0.011878081577767817,0.2597489914836396,0.018377409233527566,0.0,0.14791573285522186,0.0,Лермонтов,Вадим
0.06302843966179862,0.07801691006917756,0.04727132974634896,0.007686395080707148,0.0334358186010761,0.03574173712528824,0.0003843197540353574,0.16833205226748654,0.006149116064565719,0.03420445810914681,0.11760184473481937,0.011145272867025366,0.23136049192928518,0.021906225980015372,0.0,0.14373558800922367,0.0,Лермонтов,Княжна Мери
0.07827926657263752,0.07475317348377997,0.059943582510578276,0.016572637517630464,0.03631875881523272,0.030324400564174896,0.0003526093088857546,0.1815937940761636,0.005994358251057828,0.024330042313117067,0.07898448519040903,0.013399153737658674,0.229901269393512,0.02080394922425952,0.001763046544428773,0.1466854724964739,0.0,Лермонтов,Штосс
0.06393544382371198,0.07262569832402235,0.046761845644527206,0.007862611214566521,0.040968342644320296,0.027932960893854747,0.0037243947858473,0.1855990068280571,0.010138630250362093,0.030622801572522243,0.07614318228843368,0.012000827643285744,0.2580177943306435,0.018415063107800538,0.0002069108214359611,0.14504448582660873,0.0,Лермонтов,Вадим
0.06487504279356385,0.07531667237247518,0.04587470044505306,0.008729887024991442,0.040568298527901406,0.029270797672030127,0.0030811365970558027,0.18007531667237248,0.009414584046559397,0.03406367682300582,0.08319068812050667,0.01266689489900719,0.25231085244779183,0.020712084902430674,0.00034234851078397807,0.13933584388907908,0.00017117425539198904,Лермонтов,Вадим
0.03333333333333333,0.07654320987654321,0.05761316872427984,0.011111111111111112,0.040329218106995884,0.027160493827160494,0.00041152263374485596,0.14732510288065845,0.005349794238683128,0.04979423868312757,0.11893004115226337,0.025102880658436213,0.22016460905349794,0.02345679012345679,0.0,0.1633744855967078,0.0,Лермонтов,Бэла
0.04950495049504951,0.0671410891089109,0.0594059405940594,0.013613861386138614,0.0343440594059406,0.03063118811881188,0.0006188118811881188,0.15068069306930693,0.006806930693069307,0.04610148514851485,0.10488861386138613,0.01701732673267327,0.23483910891089108,0.03001237623762376,0.0,0.15346534653465346,0.0009282178217821782,Лермонтов,Бэла
0.08004268943436499,0.06799817045281292,0.051227321237993596,0.009757584997713066,0.0402500381155664,0.038268028662905934,0.002286933983839,0.18905320933069064,0.010367434060070133,0.026528434212532398,0.0814148498246684,0.014941302027748132,0.2225949077603293,0.0237841134319256,0.0,0.14026528434212532,0.0012196981247141333,Лермонтов,Вадим
0.060733867566427666,0.06663854913538592,0.059046815689582456,0.01180936313791649,0.029101644875579924,0.036271615352172076,0.002108814846056516,0.1442429354702657,0.005061155630535639,0.03500632644453817,0.12273302404048925,0.009700548291859975,0.25305778152678193,0.018135807676086038,0.0,0.14592998734711093,0.00042176296921130323,Лермонтов,Княжна Мери
0.08638549759526452,0.0708472068072512,0.05327413984461709,0.01812800591934887,0.041250462449130595,0.03736588975212726,0.0011098779134295228,0.18867924528301888,0.012948575656677765,0.02737698853126156,0.06548279689234185,0.014798372179060304,0.22290048094709583,0.02238253792082871,0.0003699593044765076,0.1365149833518313,0.0001849796522382538,Лермонтов,Вадим
0.06761710794297353,0.07026476578411406,0.04643584521384929,0.01405295315682281,0.03625254582484725,0.04541751527494908,0.002443991853360489,0.17067209775967412,0.004480651731160896,0.03340122199592668,0.09103869653767821,0.017311608961303463,0.23890020366598777,0.019348268839103868,0.0004073319755600815,0.1419551934826884,0.0,Лермонтов,Вадим
0.06642066420664207,0.07782623280778263,0.06205971150620597,0.011405568601140557,0.030862126803086212,0.03723582690372358,0.0,0.16437437101643743,0.012411942301241194,0.02683663200268366,0.10634015431063401,0.009392821200939282,0.23482053002348205,0.02549480040254948,0.0,0.13451861791345185,0.0,Лермонтов,Княжна Мери
0.05669710806697108,0.06278538812785388,0.06164383561643835,0.00989345509893455,0.03729071537290715,0.03272450532724505,0.00076103500761035,0.1297564687975647,0.00684931506849315,0.0289193302891933,0.12404870624048706,0.007990867579908675,0.2697869101978691,0.017123287671232876,0.0,0.15220700152207,0.0015220700152207,Лермонтов,Княжна Мери
0.0663441603317208,0.07290946786454734,0.06461644782308223,0.01243953006219765,0.0359364201796821,0.027643400138217002,0.000691085003455425,0.17311679336558397,0.006219765031098825,0.033863165169315826,0.07325501036627505,0.015894955079474776,0.2480995162404976,0.017622667588113337,0.0010366275051831375,0.15031098825155495,0.0,Лермонтов,Штосс
0.05975924333619948,0.07179707652622527,0.05073086844368014,0.006448839208942391,0.03353396388650043,0.027515047291487533,0.0021496130696474634,0.15520206362854685,0.0060189165950128975,0.0352536543422184,0.11908856405846947,0.012037833190025795,0.2588134135855546,0.018056749785038694,0.0,0.14316423043852106,0.0004299226139294927,Лермонтов,Княжна Мери
0.061192873741285826,0.07591014717273431,0.051897753679318356,0.008133230054221533,0.03214562354763749,0.037180480247869865,0.000774593338497289,0.16266460108443068,0.006196746707978312,0.03408210689388071,0.12083656080557707,0.012393493415956624,0.23276529821843533,0.022075910147172733,0.0,0.14175058094500387,0.0,Лермонтов,Княжна Мери
0.07816711590296496,0.06933213536987122,0.04567235699311171,0.008086253369272238,0.04207846660676849,0.038185085354896675,0.0016471997604073077,0.18448637316561844,0.006139562743336329,0.029649595687331536,0.08295896975142258,0.016921233902365978,0.23120694818808027,0.02440850554058101,0.0,0.14076070679844266,0.0002994908655286014,Лермонтов,Вадим
0.045551169146674765,0.0707561494078348,0.06164591557849985,0.010021257212268448,0.036744609778317644,0.021864561190403888,0.0012146978439113271,0.13847555420589128,0.007591861524445794,0.04798056483449742,0.11752201639842089,0.018220467658669907,0.2447616155481324,0.02702702702702703,0.0,0.15062253264500455,0.0,Лермонтов,Бэла
0.05671537926235212,0.0824634655532359,0.05706332637439109,0.012874043145441893,0.04036186499652053,0.021572720946416143,0.0006958942240779402,0.16214335421016005,0.014961725817675714,0.04592901878914405,0.09046624913013222,0.015309672929714684,0.23799582463465555,0.017397355601948505,0.0,0.1440501043841336,0.0,Лермонтов,Бэла
0.038581207218419414,0.07031736154324829,0.05787181082762912,0.009334163036714374,0.043559427504667084,0.027380211574362167,0.0,0.15619166148102054,0.0043559427504667085,0.03920348475420037,0.089607965152458,0.024268823895457373,0.26073428749222155,0.017423771001866834,0.0,0.15992532669570628,0.0012445550715619166,Распутин,Прощание с Матерой
0.060147299509001634,0.06955810147299508,0.09615384615384616,0.007364975450081833,0.04582651391162029,0.016366612111292964,0.0004091653027823241,0.11783960720130933,0.005319148936170213,0.05932896890343699,0.07528641571194762,0.016366612111292964,0.24918166939443534,0.03273322422258593,0.0,0.14770867430441897,0.0004091653027823241,Распутин,Прощание с Матерой
0.05518672199170124,0.06970954356846473,0.06846473029045644,0.00995850622406639,0.05726141078838174,0.021576763485477178,0.0004149377593360996,0.13402489626556016,0.008713692946058092,0.06182572614107884,0.07302904564315353,0.022406639004149378,0.23029045643153526,0.024896265560165973,0.0,0.16224066390041494,0.0,Распутин,Прощание с Матерой
0.04790419161676647,0.07912745936698032,0.06629597946963216,0.011120615911035072,0.05218135158254919,0.020958083832335328,0.00213857998289136,0.1372968349016253,0.004704875962360992,0.0611633875106929,0.07955517536355859,0.013259195893926433,0.23310521813515825,0.02694610778443114,0.0,0.16424294268605646,0.0,Распутин,Прощание с Матерой
0.06263982102908278,0.09574944071588366,0.06129753914988814,0.0044742729306487695,0.0447427293064877,0.015659955257270694,0.0,0.16778523489932887,0.006263982102908278,0.046085011185682326,0.06174496644295302,0.01879194630872483,0.24921700223713647,0.018344519015659956,0.0,0.14720357941834453,0.0,Распутин,На родине
0.06741573033707865,0.10511054729974628,0.0721275824574121,0.005074302283436027,0.049655672345052554,0.021747009786154403,0.0,0.21348314606741572,0.011960855382384922,0.039144617615077926,0.05436752446538601,0.005074302283436027,0.20478434215295396,0.014860456687205509,0.0,0.1348314606741573,0.0003624501631025734,Распутин,На родине
0.042293233082706765,0.06296992481203008,0.06203007518796992,0.005169172932330827,0.046052631578947366,0.023496240601503758,0.00046992481203007516,0.1325187969924812,0.006578947368421052,0.06109022556390977,0.07612781954887218,0.025845864661654134,0.27349624060150374,0.02443609022556391,0.0,0.1574248120300752,0.0,Распутин,Прощание с Матерой
0.03457590491626148,0.07077255537547272,0.06428957320367369,0.022690437601296597,0.04538087520259319,0.019448946515397084,0.0010804970286331713,0.1091301998919503,0.005402485143165856,0.0750945434900054,0.10696920583468396,0.02971366828741221,0.24635332252836303,0.019989195029713667,0.0,0.14910858995137763,0.0,Распутин,Прощание с Матерой
0.041432887354337505,0.07250755287009064,0.07854984894259819,0.010358221838584376,0.050927924039706515,0.02157962883038412,0.00043159257660768235,0.1320673284419508,0.0073370738023306,0.053517479499352615,0.08890807078118257,0.02762192490289167,0.23392317652136382,0.02157962883038412,0.0,0.15925766076823478,0.0,Распутин,Живи и помни
0.07697666318355974,0.08220132358063392,0.07697666318355974,0.009752699407871821,0.05990943921978405,0.017067223963775687,0.00034831069313827936,0.16788575409265064,0.009404388714733543,0.042842215256008356,0.06095437129919889,0.020202020202020204,0.20480668756530826,0.019853709508881923,0.0,0.15081853012887494,0.0,Распутин,Прощание с Матерой
0.03654822335025381,0.06395939086294417,0.07563451776649746,0.003553299492385787,0.04619289340101523,0.026903553299492386,0.0005076142131979696,0.12385786802030457,0.006598984771573604,0.06192893401015229,0.08375634517766498,0.04010152284263959,0.2593908629441624,0.018781725888324875,0.0,0.15228426395939088,0.0,Распутин,Прощание с Матерой
0.09361864730607566,0.09400076423385556,0.07069163163928162,0.0038211692777990066,0.05464272067252579,0.030569354222392053,0.0,0.16583874665647688,0.008024455483377914,0.040504394344669466,0.07986243790599924,0.0015284677111196026,0.19220481467329004,0.016048910966755828,0.0,0.14864348490638135,0.0,Распутин,Видение
0.03185035389282103,0.07987866531850354,0.05409504550050556,0.007077856420626896,0.038928210313447925,0.01870576339737108,0.0015166835187057635,0.13498483316481294,0.007077856420626896,0.046511627906976744,0.07583417593528817,0.04701718907987867,0.26693629929221435,0.01870576339737108,0.0,0.17087967644084934,0.0,Распутин,Прощание с Матерой
0.047113884555382214,0.08892355694227769,0.07363494539781591,0.010608424336973479,0.04336973478939157,0.01903276131045242,0.0012480499219968799,0.14165366614664587,0.008424336973478939,0.054914196567862714,0.0904836193447738,0.015288611544461778,0.21466458658346335,0.019344773790951637,0.0,0.17129485179407175,0.0,Распутин,Живи и помни
0.062395169406239515,0.08923180140892319,0.0724589064072459,0.008050989600805098,0.06071787990607179,0.02214022140221402,0.0010063737001006373,0.16236162361623616,0.007380073800738007,0.05098960080509896,0.060382422006038244,0.020127474002012747,0.21637034552163703,0.02146930560214693,0.0,0.1449178128144918,0.0,Распутин,Прощание с Матерой
0.04514480408858603,0.09156729131175469,0.05579216354344123,0.010647359454855196,0.046848381601362864,0.02768313458262351,0.0012776831345826234,0.14054514480408858,0.005536626916524702,0.05877342419080068,0.09497444633730835,0.022998296422487224,0.227427597955707,0.025979557069846677,0.0,0.14480408858603067,0.0,Распутин,Прощание с Матерой
0.0582053354890865,0.07518189167340339,0.068714632174616,0.01131770412287793,0.0582053354890865,0.02263540824575586,0.0008084074373484236,0.137429264349232,0.006063055780113177,0.05578011317704123,0.07558609539207761,0.023039611964430072,0.21948261924009702,0.02465642683912692,0.0,0.16289409862570736,0.0,Распутин,Прощание с Матерой
0.0437842064112588,0.0797498045347928,0.07310398749022674,0.012118842845973418,0.04652071931196247,0.017982799061767005,0.0007818608287724785,0.1352619233776388,0.0109460516028147,0.05785770132916341,0.07701329163408913,0.023846755277560593,0.23143080531665364,0.027756059421422986,0.0,0.16184519155590305,0.0,Распутин,Прощание с Матерой
0.042105263157894736,0.08178137651821862,0.06963562753036437,0.012550607287449392,0.048987854251012146,0.020242914979757085,0.0012145748987854252,0.14534412955465587,0.006477732793522267,0.0562753036437247,0.07732793522267206,0.01417004048582996,0.2380566801619433,0.02186234817813765,0.0,0.16234817813765182,0.0016194331983805667,Распутин,Прощание с Матерой
0.05048156758551976,0.07273331119229492,0.07472600464961807,0.010627698439056792,0.04616406509465294,0.021587512454334108,0.00033211557622052476,0.1275323812686815,0.004649618067087346,0.056127532381268684,0.08635004981733643,0.018598472268349386,0.2321487877781468,0.023248090335436733,0.0,0.174692793091996,0.0,Распутин,Живи и помни
0.04690522243713733,0.08268858800773694,0.0551257253384913,0.005319148936170213,0.047388781431334626,0.015473887814313346,0.0033849129593810446,0.16247582205029013,0.005319148936170213,0.048355899419729204,0.05851063829787234,0.0367504835589942,0.2567698259187621,0.019825918762088973,0.0,0.15377176015473887,0.0019342359767891683,Распутин,Прощание с Матерой
0.04262295081967213,0.07049180327868852,0.08469945355191257,0.008743169398907104,0.041530054644808745,0.01912568306010929,0.003278688524590164,0.1355191256830601,0.00819672131147541,0.06229508196721312,0.06393442622950819,0.03169398907103825,0.2573770491803279,0.014754098360655738,0.0,0.1557377049180328,0.0,Распутин,Прощание с Матерой
0.047747400847131305,0.07585675779745861,0.06854062379668849,0.005390835579514825,0.05198305737389295,0.023488640739314594,0.0003850596842510589,0.14670773969965345,0.005775895263765884,0.06199460916442048,0.0712360415864459,0.02849441663457836,0.23604158644589912,0.023488640739314594,0.0,0.15248363496341932,0.0003850596842510589,Распутин,Прощание с Матерой
0.05580159433126661,0.07130203720106289,0.07927369353410098,0.0070859167404783,0.05535872453498671,0.01904340124003543,0.0,0.1328609388839681,0.005314437555358724,0.05358724534986714,0.08768821966341896,0.016386182462356066,0.2178919397697077,0.023914968999114262,0.0,0.1744906997342781,0.0,Распутин,Живи и помни
0.057310469314079425,0.0825812274368231,0.08032490974729242,0.010830324909747292,0.0388086642599278,0.024819494584837544,0.0004512635379061372,0.13041516245487364,0.008122743682310469,0.05054151624548736,0.10469314079422383,0.02391696750902527,0.21660649819494585,0.024368231046931407,0.0,0.14485559566787004,0.0013537906137184115,Распутин,Уроки французского
0.03136531365313653,0.06150061500615006,0.07564575645756458,0.007380073800738007,0.03567035670356704,0.014760147601476014,0.0036900369003690036,0.1070110701107011,0.005535055350553505,0.06826568265682657,0.08425584255842558,0.03874538745387454,0.28474784747847476,0.019065190651906518,0.0,0.16236162361623616,0.0,Распутин,Прощание с Матерой
0.048859934853420196,0.07212657049790601,0.07445323406235459,0.013029315960912053,0.05304792926942764,0.021870637505816658,0.0009306654257794323,0.1382038157282457,0.007910656119125175,0.05072126570497906,0.10237319683573755,0.011167985109353188,0.23033969288040948,0.02047463936714751,0.0,0.15449046067938577,0.0,Распутин,Прощание с Матерой
0.05137085137085137,0.0810966810966811,0.086002886002886,0.012987012987012988,0.048484848484848485,0.022222222222222223,0.0002886002886002886,0.12871572871572873,0.007503607503607504,0.05512265512265512,0.09552669552669553,0.010966810966810967,0.2098124098124098,0.01875901875901876,0.0002886002886002886,0.17085137085137087,0.0,Распутин,Живи и помни
0.0496215306980656,0.08536585365853659,0.06938603868797309,0.012195121951219513,0.04499579478553406,0.02144659377628259,0.001261564339781329,0.13372582001682085,0.010092514718250631,0.05004205214465938,0.07653490328006729,0.0336417157275021,0.2283431455004205,0.0248107653490328,0.0,0.15853658536585366,0.0,Распутин,Живи и помни
0.05850681981335248,0.07824838478104809,0.057430007178750894,0.01148600143575018,0.04055994256999282,0.027279253409906678,0.0014357501794687725,0.14680545585068197,0.008255563531945441,0.04989231873653984,0.09117013639626705,0.01974156496769562,0.22613065326633167,0.024766690595836326,0.0,0.15829145728643215,0.0,Распутин,Живи и помни
0.037933817594834544,0.08716707021791767,0.08151735270379339,0.009685230024213076,0.047619047619047616,0.01977401129943503,0.0004035512510088781,0.13075060532687652,0.009685230024213076,0.046811945117029866,0.10694108151735271,0.01493139628732849,0.21670702179176757,0.020984665052461663,0.0,0.16868442292171107,0.0004035512510088781,Распутин,Уроки французского
0.04026527711984841,0.06300331596399811,0.06868782567503552,0.0071056371387967785,0.04642349597347229,0.021316911416390336,0.0009474182851729038,0.10184746565608717,0.0047370914258645196,0.06584557081951682,0.10326859308384652,0.01752723827569872,0.25580293699668405,0.027475130270014213,0.0,0.17574609189957366,0.0,Распутин,Живи и помни
0.03477822580645161,0.06149193548387097,0.06804435483870967,0.007560483870967742,0.04536290322580645,0.018649193548387098,0.0010080645161290322,0.1063508064516129,0.003528225806451613,0.06653225806451613,0.10483870967741936,0.01663306451612903,0.2610887096774194,0.027721774193548387,0.0,0.17590725806451613,0.0005040322580645161,Распутин,Живи и помни
0.06726669824727617,0.07863571766935101,0.06679298910468973,0.009474182851729039,0.045476077688299386,0.019422074846044527,0.0004737091425864519,0.15300805305542398,0.009474182851729039,0.045476077688299386,0.06489815253434392,0.013263855992420654,0.23874940786357177,0.015632401705352912,0.0,0.17195641875888204,0.0,Распутин,Прощание с Матерой
0.0566986739826246,0.08321902149062643,0.08047553726566073,0.010973936899862825,0.038866026520347506,0.025605852766346592,0.0004572473708276177,0.12848651120256058,0.00823045267489712,0.05029721079103795,0.10470964791952446,0.022862368541380886,0.21764974851394606,0.02423411065386374,0.0,0.14586191129401005,0.0013717421124828531,Распутин,Уроки французского
0.04663440387153542,0.07391113066432028,0.075230972283326,0.012318521777386713,0.048834139903211615,0.01715794104707435,0.0008798944126704796,0.13814342278926528,0.006599208095028597,0.05807303123625165,0.08886933567971843,0.01803783545974483,0.23053233611966564,0.024197096348438186,0.0,0.16058073031236253,0.0,Распутин,Прощание с Матерой
0.05473684210526316,0.06568421052631579,0.05768421052631579,0.008,0.05431578947368421,0.021052631578947368,0.0008421052631578948,0.15242105263157896,0.006736842105263158,0.037894736842105266,0.07284210526315789,0.02736842105263158,0.2517894736842105,0.019789473684210527,0.0,0.168,0.0008421052631578948,Распутин,Живи и помни
0.03483606557377049,0.060109289617486336,0.0703551912568306,0.0034153005464480873,0.040300546448087435,0.012295081967213115,0.0006830601092896175,0.0976775956284153,0.007513661202185792,0.05874316939890711,0.1092896174863388,0.015710382513661202,0.2937158469945355,0.01707650273224044,0.0,0.17827868852459017,0.0,Распутин,Встреча
0.055778223112892454,0.07782231128924516,0.07448229792919171,0.006680026720106881,0.05477621910487642,0.018704074816299265,0.00033400133600534405,0.14462257849031396,0.006346025384101536,0.056112224448897796,0.06780227120908483,0.020374081496325986,0.23480293921175685,0.028056112224448898,0.0,0.15297261189044756,0.00033400133600534405,Распутин,Прощание с Матерой
0.04600171969045572,0.08297506448839209,0.06276870163370593,0.011607910576096303,0.04213241616509028,0.02106620808254514,0.0008598452278589854,0.12682717110920033,0.009028374892519347,0.058039552880481515,0.07867583834909717,0.04256233877901978,0.23989681857265693,0.01934651762682717,0.0,0.1582115219260533,0.0,Распутин,Живи и помни
0.05548549810844893,0.06557377049180328,0.05674653215636822,0.007986548970155528,0.05422446406052964,0.021437578814627996,0.0008406893652795292,0.15090374106767548,0.006725514922236234,0.03741067675493905,0.0735603194619588,0.02816309373686423,0.2505254308532997,0.019756200084068937,0.0,0.17023959646910466,0.0004203446826397646,Распутин,Живи и помни
0.03170478170478171,0.0550935550935551,0.060291060291060294,0.002598752598752599,0.0395010395010395,0.01975051975051975,0.0010395010395010396,0.11538461538461539,0.004158004158004158,0.06600831600831601,0.08887733887733888,0.032224532224532226,0.3024948024948025,0.02182952182952183,0.0,0.15904365904365905,0.0,Распутин,Прощание с Матерой
0.0453035336756267,0.0800362428269405,0.0854726668680157,0.01117487163998792,0.05406221685291453,0.020839625490788282,0.0,0.1331923890063425,0.005738447598912715,0.057988523104802174,0.07943219571126547,0.019631531259438235,0.20869827846572034,0.02506795530051344,0.0,0.1733615221987315,0.0,Распутин,Живи и помни
0.045763760049474335,0.06307977736549165,0.07421150278293136,0.008039579468150896,0.04329004329004329,0.019789734075448363,0.0,0.11750154607297464,0.0037105751391465678,0.061224489795918366,0.10698824984539271,0.009894867037724181,0.26097711811997526,0.021026592455163882,0.0,0.1645021645021645,0.0,Распутин,Живи и помни
0.057843996494303246,0.09465381244522349,0.06266432953549518,0.0052585451358457495,0.04513584574934268,0.014899211218229623,0.0,0.1586327782646801,0.0056967572304995615,0.049079754601226995,0.0600350569675723,0.020157756354075372,0.2589833479404032,0.017090271691498685,0.0,0.14986853637160386,0.0,Распутин,На родине
0.021174205967276226,0.04812319538017324,0.07988450433108758,0.014436958614051972,0.03753609239653513,0.016361886429258902,0.0,0.07603464870067372,0.009624639076034648,0.06737247353224254,0.1260827718960539,0.014436958614051972,0.2993262752646776,0.011549566891241578,0.0,0.17805582290664101,0.0,Распутин,Встреча
0.04493429419245443,0.08266214497668503,0.061466723187791436,0.01271725307333616,0.0423908435777872,0.020771513353115726,0.000847816871555744,0.1254768969902501,0.008902077151335312,0.05637982195845697,0.08139041966935143,0.04408647732089869,0.2433234421364985,0.017804154302670624,0.0,0.15684612123781264,0.0,Распутин,Живи и помни
0.055324211778703156,0.08447352766210589,0.08477096966091612,0.012790005948839975,0.049970255800118976,0.020226055919095775,0.0,0.13533610945865557,0.006841165972635336,0.04907792980368828,0.08298631766805473,0.016061867935752528,0.20582986317668056,0.024092801903628794,0.0,0.17221891731112432,0.0,Распутин,Живи и помни
0.036544850498338874,0.07419712070874862,0.08527131782945736,0.011627906976744186,0.03322259136212625,0.02823920265780731,0.0005537098560354374,0.1168327796234773,0.0049833887043189366,0.05537098560354374,0.10686600221483943,0.02602436323366556,0.24640088593576967,0.018272425249169437,0.0,0.1539313399778516,0.0016611295681063123,Распутин,Уроки французского
0.060166886253842776,0.09442248572683355,0.06324110671936758,0.004830917874396135,0.045234958278436536,0.015810276679841896,0.0,0.1629336846728151,0.006148440931049627,0.0461133069828722,0.061484409310496264,0.019762845849802372,0.25384277558190604,0.018006148440931048,0.0,0.14800175669740886,0.0,Распутин,На родине
0.0531496062992126,0.08070866141732283,0.05551181102362205,0.004330708661417323,0.05078740157480315,0.02125984251968504,0.0011811023622047244,0.15826771653543306,0.0066929133858267716,0.04330708661417323,0.06338582677165354,0.02795275590551181,0.24173228346456693,0.015354330708661417,0.0,0.17559055118110237,0.0007874015748031496,Распутин,Живи и помни
0.059757942511346446,0.07980332829046899,0.09304084720121028,0.00832072617246596,0.054841149773071106,0.019288956127080183,0.00037821482602118004,0.1418305597579425,0.01021180030257186,0.0510590015128593,0.06467473524962178,0.01059001512859304,0.21860816944024206,0.023071104387291982,0.0,0.1645234493192133,0.0,Распутин,Живи и помни
0.038535645472061654,0.06229929351316635,0.06936416184971098,0.005780346820809248,0.04367373153500321,0.012845215157353885,0.0,0.10211946050096339,0.00899165061014772,0.056518946692357096,0.10404624277456648,0.015414258188824663,0.287732819524727,0.014771997430956968,0.0,0.17790622992935132,0.0,Распутин,Встреча
0.06651017214397496,0.08685446009389672,0.07785602503912363,0.006651017214397496,0.05203442879499218,0.017605633802816902,0.0003912363067292645,0.14945226917057902,0.012128325508607199,0.03873239436619718,0.06025039123630673,0.023474178403755867,0.21987480438184664,0.023474178403755867,0.0,0.16471048513302033,0.0,Распутин,Живи и помни
0.04340425531914894,0.07531914893617021,0.07872340425531915,0.01148936170212766,0.05106382978723404,0.023404255319148935,0.0,0.13234042553191488,0.008085106382978723,0.05319148936170213,0.08638297872340425,0.026808510638297874,0.22808510638297871,0.020851063829787235,0.0,0.16085106382978723,0.0,Распутин,Живи и помни
0.057123879109930255,0.08701428096977748,0.06741946197276652,0.010295582862836267,0.05679176353370973,0.016605778811026237,0.001328462304882099,0.14679508468947194,0.00631019594818997,0.05147791431418133,0.0710727333111923,0.012288276320159415,0.2241780139488542,0.02590501494520093,0.0,0.16539355695782132,0.0,Распутин,Прощание с Матерой
0.051647373107747106,0.0886019590382903,0.07034728406055209,0.008904719501335707,0.04630454140694568,0.0213713268032057,0.0008904719501335708,0.13802315227070347,0.01068566340160285,0.04942119323241318,0.0730186999109528,0.030276046304541407,0.22395369545859306,0.024487978628673197,0.0,0.1620658949243099,0.0,Распутин,Живи и помни
0.04243219597550306,0.06867891513560805,0.0699912510936133,0.003499562554680665,0.05380577427821522,0.026246719160104987,0.0004374453193350831,0.13298337707786526,0.005686789151356081,0.0673665791776028,0.08617672790901137,0.028871391076115485,0.24015748031496062,0.022747156605424323,0.0,0.15091863517060367,0.0,Распутин,Прощание с Матерой
0.034261241970021415,0.07537473233404711,0.07965738758029979,0.010278372591006424,0.045396145610278375,0.02184154175588865,0.00042826552462526765,0.11220556745182013,0.0059957173447537475,0.046680942184154174,0.11905781584582441,0.019271948608137045,0.23126338329764454,0.021413276231263382,0.0,0.17644539614561028,0.00042826552462526765,Распутин,Уроки французского
0.05782792665726375,0.10049365303244005,0.0768688293370945,0.011988716502115656,0.04830747531734838,0.02362482369534556,0.0,0.15973201692524683,0.007404795486600846,0.0465444287729196,0.0659379407616361,0.028561354019746122,0.19428772919605078,0.02009873060648801,0.0,0.1583215796897038,0.0,Распутин,Живи и помни
0.051830985915492955,0.07605633802816901,0.056901408450704224,0.004507042253521127,0.041690140845070424,0.01971830985915493,0.0022535211267605635,0.1656338028169014,0.0022535211267605635,0.038873239436619716,0.06535211267605634,0.027042253521126762,0.26929577464788734,0.01915492957746479,0.0,0.15774647887323945,0.0016901408450704226,Распутин,Прощание с Матерой
0.04716636197440585,0.08336380255941499,0.07239488117001829,0.009140767824497258,0.05009140767824497,0.02340036563071298,0.00036563071297989033,0.1327239488117002,0.006946983546617916,0.04570383912248629,0.07349177330895795,0.025959780621572212,0.23912248628884827,0.030347349177330896,0.0,0.15978062157221207,0.0,Распутин,Живи и помни
0.05220883534136546,0.08866234167438987,0.07414272474513438,0.01143033673154155,0.054989187519308,0.02100710534445474,0.0,0.15693543404386778,0.006796416434970652,0.0457213469261662,0.06178560395427865,0.025949953660797033,0.20698177324683348,0.025023169601482854,0.0,0.16836577077540932,0.0,Распутин,Прощание с Матерой
0.033637400228050174,0.07126567844925884,0.08608893956670467,0.012542759407069556,0.03591790193842646,0.027366020524515394,0.0005701254275940707,0.11288483466362599,0.004561003420752566,0.052451539338654506,0.11060433295324971,0.028506271379703536,0.2491448118586089,0.018244013683010263,0.0,0.15450399087799316,0.0017103762827822121,Распутин,Уроки французского
0.04539073467477773,0.08189050070191858,0.0542817033224146,0.007955077211043519,0.040243331773514274,0.019653720168460457,0.0014038371548900327,0.15582592419279365,0.007487131492746842,0.04866635470285447,0.06598034627983154,0.037903603182030884,0.2597098736546561,0.01544220870379036,0.0,0.15816565278427702,0.0,Распутин,Прощание с Матерой
0.052303860523038606,0.0859277708592777,0.07264425072644251,0.008717310087173101,0.048567870485678705,0.020755500207555,0.0008302200083022001,0.1357409713574097,0.0112079701120797,0.049813200498132,0.06973848069738481,0.028642590286425903,0.22540473225404734,0.024906600249066,0.0,0.16479867164798673,0.0,Распутин,Живи и помни
0.054411764705882354,0.09264705882352942,0.06948529411764706,0.009558823529411765,0.05036764705882353,0.022058823529411766,0.0007352941176470588,0.15294117647058825,0.008823529411764706,0.05036764705882353,0.06066176470588235,0.015073529411764706,0.22794117647058823,0.023161764705882354,0.0,0.16176470588235295,0.0,Распутин,Прощание с Матерой
0.03221010901883053,0.07581764122893954,0.06838453914767097,0.009415262636273538,0.05450941526263627,0.024777006937561942,0.0004955401387512388,0.11397423191278494,0.005450941526263627,0.05847373637264618,0.09266600594648167,0.035678889990089196,0.24529236868186324,0.018334985133795837,0.0,0.1645193260654113,0.0,Распутин,Живи и помни
0.051570835803200946,0.07053941908713693,0.08061647895672792,0.008298755186721992,0.051570835803200946,0.01896858328393598,0.0,0.12566686425607587,0.004742145820983995,0.051570835803200946,0.08832246591582692,0.027267338470657973,0.2234736218138708,0.022525192649673977,0.0,0.17486662714878481,0.0,Распутин,Живи и помни
0.04487989886219975,0.08470290771175727,0.08596713021491782,0.011694058154235146,0.054993678887484194,0.022439949431099875,0.0003160556257901391,0.14412136536030343,0.0060050568900126425,0.059102402022756004,0.0632111251580278,0.022439949431099875,0.22313527180783818,0.020859671302149177,0.0,0.1561314791403287,0.0,Распутин,Прощание с Матерой
0.06828811973807297,0.09962581852198316,0.05986903648269411,0.007015902712815715,0.04817586529466791,0.02478952291861553,0.0004677268475210477,0.1833489242282507,0.010757717492984098,0.04069223573433115,0.05378858746492049,0.01637043966323667,0.2432179607109448,0.01028999064546305,0.0,0.13283442469597756,0.0004677268475210477,Распутин,На родине
0.046548323471400394,0.09388560157790928,0.07810650887573964,0.010650887573964497,0.04220907297830375,0.021696252465483234,0.0,0.15069033530571993,0.01301775147928994,0.045364891518737675,0.08915187376725839,0.011834319526627219,0.20867850098619328,0.023668639053254437,0.0,0.16370808678500987,0.0007889546351084812,Распутин,Уроки французского
0.04101838755304102,0.07260726072607261,0.07119283356907119,0.007072135785007072,0.0462046204620462,0.021216407355021217,0.0014144271570014145,0.14097123998114097,0.009900990099009901,0.0627062706270627,0.08345120226308345,0.0165016501650165,0.23290900518623292,0.01933050447901933,0.0,0.1735030645921735,0.0,Распутин,Прощание с Матерой
0.0530469092503288,0.0920648838228847,0.06882946076282333,0.01052170100832968,0.046470846120122755,0.023235423060061378,0.00131521262604121,0.14160455940377029,0.01052170100832968,0.04910127137220517,0.07365190705830776,0.032003507233669445,0.21701008329679966,0.023235423060061378,0.0,0.15738711091626478,0.0,Распутин,Живи и помни
0.057539682539682536,0.09970238095238096,0.05952380952380952,0.005456349206349206,0.04712301587301587,0.015873015873015872,0.0,0.16220238095238096,0.005456349206349206,0.04712301587301587,0.061507936507936505,0.021825396825396824,0.25148809523809523,0.015873015873015872,0.0,0.14930555555555555,0.0,Распутин,На родине
0.05080213903743316,0.07754010695187166,0.06907308377896614,0.00980392156862745,0.04946524064171123,0.022281639928698752,0.0,0.15106951871657753,0.00980392156862745,0.05213903743315508,0.07754010695187166,0.02406417112299465,0.23529411764705882,0.019162210338680926,0.0,0.15196078431372548,0.0,Распутин,Живи и помни
0.036,0.06933333333333333,0.06844444444444445,0.010666666666666666,0.03911111111111111,0.02711111111111111,0.0,0.10977777777777778,0.006666666666666667,0.059111111111111114,0.10577777777777778,0.014222222222222223,0.2551111111111111,0.02711111111111111,0.0,0.17155555555555554,0.0,Распутин,Живи и помни
0.03806416530723219,0.0766721044045677,0.08210984230560087,0.011963023382272975,0.03317020119630234,0.028276237085372486,0.000543773790103317,0.12071778140293637,0.004893964110929853,0.05600870038064165,0.10603588907014681,0.026101141924959218,0.24306688417618272,0.017400761283306143,0.0,0.1533442088091354,0.0016313213703099511,Распутин,Уроки французского
0.04076539101497504,0.07903494176372712,0.07903494176372712,0.008319467554076539,0.04866888519134775,0.021630615640599003,0.0,0.14517470881863562,0.008319467554076539,0.05948419301164726,0.07154742096505824,0.022462562396006656,0.22129783693843594,0.022878535773710483,0.0,0.1713810316139767,0.0,Распутин,Живи и помни
0.04834605597964377,0.07888040712468193,0.0549618320610687,0.004071246819338422,0.04529262086513995,0.016793893129770993,0.0035623409669211198,0.1623409669211196,0.004580152671755725,0.04834605597964377,0.061068702290076333,0.03358778625954199,0.26564885496183205,0.018829516539440202,0.0,0.15165394402035623,0.002035623409669211,Распутин,Прощание с Матерой
0.030831878999418267,0.07155322862129145,0.08493310063990692,0.009889470622454915,0.04537521815008726,0.02326934264107039,0.0005817335660267597,0.07620709714950552,0.009889470622454915,0.06980802792321117,0.1227457824316463,0.0034904013961605585,0.24956369982547993,0.027341477603257707,0.0,0.17452006980802792,0.0,Распутин,Живи и помни
0.03721781574130567,0.06894447834045149,0.06223306894447834,0.009762050030506406,0.04392922513727883,0.024405125076266018,0.0,0.1549725442342892,0.004270896888346553,0.039048200122025624,0.0848078096400244,0.02928615009151922,0.26174496644295303,0.018913971934106162,0.0,0.15924344112263575,0.0012202562538133007,Распутин,Прощание с Матерой
0.03825857519788918,0.06992084432717678,0.07211961301671065,0.011433597185576077,0.05321020228671944,0.018469656992084433,0.0013192612137203166,0.1358839050131926,0.008355321020228672,0.054969217238346524,0.0760773966578716,0.021108179419525065,0.24538258575197888,0.025065963060686015,0.0,0.16842568161829374,0.0,Распутин,Прощание с Матерой
0.04116222760290557,0.07298512625389139,0.06710480802490487,0.014873746108612937,0.03908682116914562,0.025942580421999307,0.0,0.11310965063991699,0.008301625735039779,0.06053268765133172,0.10722933241093048,0.016603251470079558,0.22276029055690072,0.03389830508474576,0.0,0.17640954686959529,0.0,Распутин,Живи и помни
0.06637004078605858,0.08268446421950315,0.0882461994809047,0.006303299962921765,0.05784204671857619,0.0196514645902855,0.0,0.14794215795328142,0.0096403411197627,0.0485724879495736,0.060437523173896925,0.013718946978123842,0.20986281053021877,0.023730070448646643,0.0,0.1649981460882462,0.0,Распутин,Живи и помни
0.04627450980392157,0.0796078431372549,0.07098039215686275,0.00980392156862745,0.044313725490196076,0.022745098039215685,0.00196078431372549,0.13294117647058823,0.0058823529411764705,0.052941176470588235,0.07882352941176471,0.021176470588235293,0.2376470588235294,0.02431372549019608,0.0,0.17058823529411765,0.0,Распутин,Прощание с Матерой
0.04795204795204795,0.08141858141858142,0.055944055944055944,0.005494505494505495,0.047452547452547456,0.016483516483516484,0.003996003996003996,0.15984015984015984,0.004995004995004995,0.04995004995004995,0.05844155844155844,0.035464535464535464,0.25924075924075923,0.01898101898101898,0.0,0.15284715284715283,0.0014985014985014985,Распутин,Прощание с Матерой
0.05673044645854314,0.09298422289358846,0.06478684122188653,0.008392077878482713,0.060758643840214836,0.023162134944612285,0.0010070493454179255,0.1614635783820074,0.01342732460557234,0.055052030882846596,0.06377979187646861,0.019133937562940583,0.21148036253776434,0.020476670023497817,0.0,0.14736488754615643,0.0,Распутин,Прощание с Матерой
0.06889174154899444,0.0962772785622593,0.06718014548566538,0.007274283269148481,0.04835258878904578,0.02267864783910997,0.0004278990158322636,0.18955926401369277,0.009841677364142062,0.04193410355156183,0.06033376123234917,0.008557980316645272,0.2314933675652546,0.014548566538296961,0.0,0.1326486949080017,0.0,Распутин,На родине
0.038410596026490065,0.06799116997792494,0.0728476821192053,0.007947019867549669,0.04370860927152318,0.02075055187637969,0.0008830022075055188,0.11081677704194261,0.003532008830022075,0.0684326710816777,0.1055187637969095,0.013686534216335542,0.24370860927152319,0.02913907284768212,0.0,0.17218543046357615,0.0004415011037527594,Распутин,Живи и помни
0.05365441487114491,0.061681453316434307,0.0819602872834812,0.006759611322348965,0.05027460920997043,0.02619349387410224,0.0012674271229404308,0.11195606252640473,0.002957329953527672,0.06463878326996197,0.10435149978876214,0.008449514152936205,0.2336290663286861,0.024926066751161807,0.0,0.16730038022813687,0.0,Распутин,Живи и помни
0.04355340477013481,0.09332872450743174,0.06394745938472174,0.008641548565502939,0.05461458693397857,0.02523332181126858,0.0003456619426201175,0.14241272035948843,0.006567576909782233,0.06429312132734186,0.08365019011406843,0.024196335983408226,0.21431040442447286,0.026615969581749048,0.0,0.1482889733840304,0.0,Распутин,Прощание с Матерой
0.039135514018691586,0.06717289719626168,0.05899532710280374,0.012266355140186916,0.04964953271028037,0.019275700934579438,0.0,0.09988317757009346,0.007009345794392523,0.05957943925233645,0.10455607476635514,0.019275700934579438,0.26401869158878505,0.02102803738317757,0.0,0.17815420560747663,0.0,Распутин,Живи и помни
0.056338028169014086,0.08223534756928669,0.08223534756928669,0.010449795547478418,0.03680145388459791,0.028169014084507043,0.00045433893684688776,0.12721490231712856,0.006360745115856429,0.05088596092685143,0.1076783280327124,0.02271694684234439,0.21853702862335303,0.024988641526578828,0.0,0.14357110404361653,0.0013630168105406633,Распутин,Уроки французского
0.06240624062406241,0.0921092109210921,0.06540654065406541,0.007800780078007801,0.054305430543054305,0.020702070207020702,0.0018001800180018,0.171017101710171,0.009000900090009001,0.048604860486048604,0.054305430543054305,0.029102910291029103,0.21932193219321933,0.0222022202220222,0.0,0.141014101410141,0.0009000900090009,Распутин,Прощание с Матерой
0.0375462718138551,0.05552617662612375,0.0904283447911158,0.021152829190904283,0.046007403490216814,0.02009518773135907,0.0005288207297726071,0.06240084611316764,0.008461131676361713,0.08090957165520889,0.15388683236382866,0.006345848757271285,0.24272871496562665,0.020624008461131677,0.0,0.15335801163405605,0.0,Распутин,Живи и помни
0.045433472415391744,0.05887807139545665,0.08066759388038942,0.005563282336578581,0.04960593416782568,0.025498377375985166,0.0013908205841446453,0.1033843300880853,0.0023180343069077423,0.06675938803894298,0.10848400556328233,0.007417709782104775,0.24710245711636533,0.02688919796012981,0.0,0.17060732498840983,0.0,Распутин,Живи и помни
0.03819604233778187,0.0708697653014266,0.06810860561435803,0.010124252185918085,0.04832029452369995,0.017027151403589506,0.0013805798435342844,0.13621721122871605,0.009203865623561895,0.05522319374137138,0.08191440404970088,0.017487344684767602,0.2485043718361712,0.023469857340082834,0.0,0.17395306028531984,0.0,Распутин,Прощание с Матерой
0.0499790004199916,0.08525829483410331,0.06887862242755145,0.012179756404871903,0.04493910121797564,0.021839563208735827,0.00125997480050399,0.13397732045359093,0.009659806803863923,0.0503989920201596,0.07601847963040739,0.03359932801343973,0.22847543049139019,0.024779504409911803,0.0,0.15875682486350273,0.0,Распутин,Живи и помни
0.04143337066069429,0.06326987681970885,0.06215005599104143,0.024076147816349383,0.04311310190369541,0.022396416573348264,0.002799552071668533,0.10358342665173573,0.007278835386338186,0.0683090705487122,0.11534154535274356,0.02855543113101904,0.24636058230683092,0.01959686450167973,0.0,0.1511758118701008,0.0005599104143337066,Распутин,Прощание с Матерой
0.045147898287493514,0.06538661131292164,0.059159314997405295,0.021795537104307212,0.04411001556824079,0.023871302542812663,0.0031136481577581734,0.11053450960041515,0.006227296315516347,0.06486766995329528,0.1141670991177997,0.027503892060197196,0.24078879086663207,0.022314478463933574,0.0,0.15049299429164503,0.0005189413596263622,Распутин,Прощание с Матерой
0.059658057475445614,0.08730447435431066,0.06947981084030556,0.011276827937431793,0.054929065114587124,0.02437249909057839,0.0007275372862859222,0.16114950891233176,0.008002910149145144,0.05383775918515824,0.06620589305201892,0.018552200800291015,0.21789741724263367,0.018552200800291015,0.0,0.1476900691160422,0.0003637686431429611,Распутин,Прощание с Матерой
0.03678551216751556,0.059422750424448216,0.07696661007357103,0.010752688172043012,0.04018109790605546,0.02603282399547255,0.0,0.0865874363327674,0.009620826259196379,0.07753254102999434,0.13299377475947935,0.010186757215619695,0.2422184493491794,0.028296547821165818,0.0,0.1624221844934918,0.0,Распутин,Живи и помни
0.042621448212648946,0.07561869844179651,0.07057745187901009,0.008249312557286892,0.04812098991750687,0.017873510540788267,0.0009165902841429881,0.14894592117323557,0.010540788267644362,0.05912007332722273,0.07516040329972502,0.01924839596700275,0.2314390467461045,0.02016498625114574,0.0,0.17140238313473877,0.0,Распутин,Прощание с Матерой
0.05620532813515269,0.08609486679662118,0.0737491877842755,0.009421702404158544,0.0451591942820013,0.021442495126705652,0.0,0.13125406107862247,0.010071474983755685,0.06140350877192982,0.08674463937621832,0.016244314489928524,0.21734892787524365,0.025341130604288498,0.0,0.1595191682910981,0.0,Распутин,Живи и помни
0.04949874686716792,0.06954887218045112,0.05200501253132832,0.006892230576441102,0.03884711779448621,0.02756892230576441,0.0,0.15789473684210525,0.002506265664160401,0.03320802005012531,0.08897243107769423,0.022556390977443608,0.27130325814536344,0.013784461152882205,0.0,0.16416040100250626,0.0012531328320802004,Распутин,Прощание с Матерой
0.03952802359882006,0.0696165191740413,0.05781710914454277,0.012389380530973451,0.05073746312684366,0.01887905604719764,0.0,0.10324483775811209,0.008849557522123894,0.06312684365781711,0.10265486725663717,0.018289085545722714,0.2584070796460177,0.023008849557522124,0.0,0.17345132743362832,0.0,Распутин,Живи и помни
0.04540295119182747,0.08248202799848657,0.0730230798335225,0.009837306091562617,0.053348467650397274,0.022701475595913734,0.0,0.13999243284146803,0.007945516458569807,0.04956488838441166,0.0730230798335225,0.021188043889519486,0.2345819144911086,0.02989027620128642,0.0,0.15701853953840333,0.0,Распутин,Живи и помни
0.0557742782152231,0.08464566929133858,0.07349081364829396,0.009514435695538058,0.04757217847769029,0.020013123359580054,0.00032808398950131233,0.13123359580052493,0.009186351706036745,0.060039370078740155,0.08858267716535433,0.01541994750656168,0.2158792650918635,0.024934383202099737,0.0,0.16338582677165353,0.0,Распутин,Живи и помни
0.033668561434193264,0.08876257105378224,0.06777437691298645,0.00874508089199825,0.043288150415391344,0.019676432006996064,0.0008745080891998251,0.14910362920857018,0.008307826847398338,0.043725404459991256,0.0660253607345868,0.04503716659379099,0.23917796239615216,0.019676432006996064,0.0,0.16615653694796678,0.0,Распутин,Прощание с Матерой
0.043662568885120816,0.07418397626112759,0.07884696905468419,0.0072064434082238235,0.04917337855023315,0.022043238660449344,0.0,0.14116150911403136,0.006782534972445952,0.05934718100890208,0.07927087749046206,0.01907587961000424,0.22255192878338279,0.024586689275116574,0.0,0.17210682492581603,0.0,Распутин,Живи и помни
0.0445414847161572,0.08122270742358079,0.07205240174672489,0.010043668122270743,0.0388646288209607,0.022707423580786028,0.0017467248908296944,0.13056768558951964,0.005676855895196507,0.050655021834061134,0.08646288209606987,0.02314410480349345,0.2427947598253275,0.024890829694323144,0.0,0.16419213973799127,0.0004366812227074236,Распутин,Прощание с Матерой
0.06812386156648452,0.08888888888888889,0.08233151183970856,0.005100182149362477,0.05500910746812386,0.018579234972677595,0.0,0.15591985428051003,0.011657559198542805,0.03788706739526412,0.05610200364298725,0.022222222222222223,0.21493624772313297,0.022222222222222223,0.0,0.1610200364298725,0.0,Распутин,Живи и помни
0.06111327364733359,0.08057609964966914,0.09225379525107046,0.008563643441027637,0.0541066562864928,0.01946282600233554,0.00038925652004671076,0.1436356558972363,0.010509926041261192,0.051771117166212535,0.06656286492798755,0.011288439081354613,0.2164266251459712,0.021798365122615803,0.0,0.16154145581938498,0.0,Распутин,Живи и помни
0.032575291948371235,0.0626920712968654,0.08543331284572833,0.008604794099569761,0.04363859864781807,0.020282728948985862,0.0018438844499078057,0.11063306699446834,0.008604794099569761,0.07990165949600492,0.10079901659496004,0.007990165949600492,0.24830977258758452,0.01843884449907806,0.0,0.1702519975414874,0.0,Распутин,Живи и помни
0.046061722708429294,0.08982035928143713,0.05665591893136803,0.013357899585444496,0.046061722708429294,0.029018885306310457,0.0013818516812528789,0.13496084753569784,0.004606172270842929,0.06080147397512667,0.09949332105020728,0.020727775218793182,0.22478120681713495,0.02487333026255182,0.0,0.14739751266697373,0.0,Распутин,Прощание с Матерой
0.04148384523334663,0.07738332668528121,0.08137215795771839,0.005983246908655764,0.04826485839648983,0.01954527323494216,0.0,0.1272437175907459,0.006382130035899481,0.05783805345033905,0.09373753490227363,0.016753091344236137,0.22536896689270045,0.027522935779816515,0.0,0.17112086158755485,0.0,Распутин,Живи и помни
0.05137085137085137,0.0810966810966811,0.086002886002886,0.012987012987012988,0.048484848484848485,0.022222222222222223,0.0002886002886002886,0.12871572871572873,0.007503607503607504,0.05512265512265512,0.09552669552669553,0.010966810966810967,0.2098124098124098,0.01875901875901876,0.0002886002886002886,0.17085137085137087,0.0,Распутин,Живи и помни
0.0405458089668616,0.09083820662768032,0.07017543859649122,0.009746588693957114,0.04678362573099415,0.018323586744639377,0.0,0.1524366471734893,0.00935672514619883,0.042105263157894736,0.05730994152046784,0.04249512670565302,0.23118908382066278,0.024171539961013646,0.0,0.1645224171539961,0.0,Распутин,Прощание с Матерой
0.05276174773289365,0.07625721352019786,0.0741962077493817,0.007831821929101401,0.055647155812036275,0.021434460016488046,0.0,0.14220939818631492,0.0032976092333058533,0.05276174773289365,0.0754328112118714,0.01978565539983512,0.21764220939818632,0.02267106347897774,0.0,0.17807089859851608,0.0,Распутин,Живи и помни
0.04331450094161959,0.08135593220338982,0.061016949152542375,0.008286252354048965,0.054613935969868174,0.022598870056497175,0.0003766478342749529,0.1551789077212806,0.008662900188323917,0.05386064030131827,0.06327683615819209,0.02862523540489642,0.23465160075329566,0.024105461393596987,0.0,0.15894538606403014,0.0011299435028248588,Распутин,Прощание с Матерой
0.04624664879356569,0.0690348525469169,0.06769436997319035,0.004691689008042895,0.044906166219839144,0.015415549597855228,0.0,0.12064343163538874,0.010053619302949061,0.04222520107238606,0.12198391420911528,0.03418230563002681,0.23793565683646112,0.021447721179624665,0.0,0.16219839142091153,0.0013404825737265416,Распутин,Уроки французского
0.038880248833592534,0.05650596163815448,0.07724209434940384,0.005184033177812338,0.04406428201140487,0.025401762571280455,0.0010368066355624676,0.09538621047174702,0.004665629860031105,0.0720580611715915,0.12441679626749612,0.00673924313115604,0.2534992223950233,0.025401762571280455,0.0,0.16951788491446346,0.0,Распутин,Живи и помни
0.053166536356528536,0.08209538702111024,0.05629397967161845,0.004300234558248631,0.05003909304143862,0.02150117279124316,0.0011727912431587178,0.15793588741204065,0.007036747458952306,0.044175136825645035,0.063721657544957,0.027365129007036748,0.23885848318999217,0.01563721657544957,0.0,0.17591868647380765,0.0007818608287724785,Распутин,Живи и помни
0.04342105263157895,0.07324561403508772,0.08114035087719298,0.010087719298245614,0.04342105263157895,0.02587719298245614,0.0,0.12587719298245614,0.007894736842105263,0.06403508771929825,0.09912280701754386,0.010526315789473684,0.23201754385964912,0.02149122807017544,0.0,0.1618421052631579,0.0,Распутин,Живи и помни
0.04239284032030146,0.07677814413565709,0.08290155440414508,0.00800753650494583,0.05087140838436175,0.027319830428638718,0.0,0.08949599623174753,0.008949599623174752,0.07630711257654263,0.10645313235986811,0.006123410268487989,0.2275082430522845,0.0263777673104098,0.0,0.17051342439943476,0.0,Распутин,Живи и помни
0.02701115678214915,0.06752789195537287,0.06341749853200235,0.005871990604815032,0.037580739870816206,0.022313564298297124,0.0011743981209630064,0.1092190252495596,0.0064591896652965355,0.07633587786259542,0.12213740458015267,0.011743981209630064,0.24897240164415738,0.022313564298297124,0.0,0.17792131532589547,0.0,Распутин,Прощание с Матерой
0.04823529411764706,0.07568627450980392,0.08196078431372548,0.00823529411764706,0.04745098039215686,0.022745098039215685,0.000392156862745098,0.1207843137254902,0.005098039215686275,0.05764705882352941,0.10235294117647059,0.01019607843137255,0.22431372549019607,0.02823529411764706,0.0,0.16666666666666666,0.0,Распутин,Живи и помни
0.045216741405082216,0.08333333333333333,0.07286995515695067,0.009715994020926755,0.052690582959641255,0.022795216741405083,0.0,0.13901345291479822,0.008221225710014948,0.04783258594917788,0.07324364723467862,0.023542600896860985,0.2365470852017937,0.02952167414050822,0.0,0.1554559043348281,0.0,Распутин,Живи и помни
0.032490974729241874,0.05270758122743682,0.06498194945848375,0.009386281588447653,0.03537906137184116,0.019494584837545126,0.0021660649819494585,0.05776173285198556,0.005054151624548736,0.08014440433212996,0.14296028880866427,0.01660649819494585,0.3104693140794224,0.01444043321299639,0.0,0.155956678700361,0.0,Распутин,Встреча
0.047674418604651166,0.07829457364341086,0.0810077519379845,0.00813953488372093,0.04689922480620155,0.023643410852713178,0.0003875968992248062,0.1263565891472868,0.0050387596899224806,0.056589147286821705,0.10310077519379846,0.01124031007751938,0.22131782945736433,0.02751937984496124,0.0,0.16279069767441862,0.0,Распутин,Живи и помни
0.03604014598540146,0.072992700729927,0.06432481751824817,0.007755474452554745,0.04927007299270073,0.01824817518248175,0.0013686131386861315,0.13458029197080293,0.008667883211678832,0.06204379562043796,0.09169708029197081,0.014598540145985401,0.2417883211678832,0.023722627737226276,0.0,0.1729014598540146,0.0,Распутин,Прощание с Матерой
0.024498886414253896,0.04528582034149963,0.06904231625835189,0.014847809948032665,0.04083147735708983,0.017074981440237565,0.0007423904974016332,0.05716406829992576,0.008908685968819599,0.08166295471417966,0.13437268002969563,0.01855976243504083,0.31403118040089084,0.011135857461024499,0.0,0.16184112843355605,0.0,Распутин,Встреча
0.03848209513629075,0.06253340459647247,0.0774986638161411,0.010689470871191877,0.040619989310529125,0.025654730090860504,0.0,0.08337787279529664,0.009620523784072688,0.0774986638161411,0.13308391234633885,0.0085515766969535,0.2426509887760556,0.028327097808658473,0.0,0.16141101015499731,0.0,Распутин,Живи и помни
0.031631520532741396,0.05382907880133185,0.058823529411764705,0.003329633740288568,0.03829078801331853,0.020532741398446172,0.0011098779134295228,0.10932297447280799,0.004994450610432853,0.06659267480577137,0.08990011098779134,0.031631520532741396,0.30965593784683687,0.023307436182019976,0.0,0.15704772475027748,0.0,Распутин,Прощание с Матерой
0.06037108834117973,0.09083356410966491,0.07698698421489893,0.008861811132650235,0.05067848241484353,0.021877596233730267,0.0,0.1503738576571587,0.005538631957906397,0.044309055663251176,0.07449459983384105,0.014954306286347273,0.19440598172251453,0.024093049016892826,0.0,0.18194405981722514,0.00027693159789531985,Распутин,Живи и помни
0.05519480519480519,0.09268004722550177,0.07083825265643448,0.008559622195985833,0.05460448642266824,0.01741440377804014,0.0014757969303423849,0.14964580873671782,0.008264462809917356,0.048406139315230225,0.06316410861865407,0.01770956316410862,0.22018890200708383,0.02538370720188902,0.0,0.16646989374262103,0.0,Распутин,Прощание с Матерой
0.04981378026070764,0.08054003724394786,0.05633147113594041,0.005121042830540037,0.04655493482309125,0.0186219739292365,0.0037243947858473,0.15735567970204842,0.005121042830540037,0.04981378026070764,0.05865921787709497,0.034916201117318434,0.25465549348230915,0.02094972067039106,0.0,0.1564245810055866,0.0013966480446927375,Распутин,Прощание с Матерой
0.03205495134516314,0.05437893531768746,0.08299942759015455,0.024041213508872353,0.04235832856325129,0.01659988551803091,0.0011448196908986834,0.05552375500858615,0.005724098454493417,0.0933028048082427,0.16256439610761306,0.005724098454493417,0.25071551230681166,0.021751574127074985,0.0,0.1511161991986262,0.0,Распутин,Живи и помни
0.033991731740927886,0.06936150666054203,0.06798346348185577,0.00964630225080386,0.037666513550757924,0.02480477721635278,0.00045934772622875517,0.10702802021129995,0.005512172714745062,0.05695911805236564,0.10427193385392743,0.01607717041800643,0.2632062471290767,0.028020211299954065,0.0,0.17501148369315572,0.0,Распутин,Живи и помни
0.0223463687150838,0.048417132216014895,0.07728119180633147,0.013966480446927373,0.037243947858473,0.015828677839851025,0.000931098696461825,0.0782122905027933,0.00931098696461825,0.06610800744878957,0.1266294227188082,0.015828677839851025,0.3026070763500931,0.012104283054003724,0.0,0.17318435754189945,0.0,Распутин,Встреча
0.04782608695652174,0.06956521739130435,0.09043478260869565,0.01,0.05217391304347826,0.026521739130434784,0.0,0.09260869565217392,0.007391304347826087,0.07521739130434782,0.10739130434782608,0.00826086956521739,0.22434782608695653,0.027391304347826086,0.0,0.1608695652173913,0.0,Распутин,Живи и помни
0.047705095771593785,0.08384531984098302,0.07228044813877846,0.009757860498735092,0.05059631369714492,0.022406938923021324,0.0003614022406938923,0.13408023129743404,0.008312251535959523,0.046982291290206,0.07264185037947235,0.02493675460787857,0.23635706541380558,0.030357788218286955,0.0,0.1593783881460065,0.0,Распутин,Живи и помни
0.04492600422832981,0.07029598308668077,0.06342494714587738,0.012684989429175475,0.0554968287526427,0.01744186046511628,0.0005285412262156448,0.11945031712473574,0.007399577167019027,0.06025369978858351,0.09249471458773785,0.01744186046511628,0.24682875264270612,0.023784355179704016,0.0,0.16754756871035942,0.0,Распутин,Живи и помни
0.04113247863247863,0.06891025641025642,0.08867521367521368,0.009081196581196582,0.04861111111111111,0.023504273504273504,0.0016025641025641025,0.12553418803418803,0.008547008547008548,0.07051282051282051,0.08440170940170941,0.009081196581196582,0.2377136752136752,0.017628205128205128,0.0,0.16506410256410256,0.0,Распутин,Живи и помни
0.02869097429766886,0.0657501494321578,0.07232516437537358,0.00657501494321578,0.03705917513448894,0.016138673042438732,0.0035863717872086074,0.10759115361625822,0.005977286312014346,0.06694560669456066,0.08487746563060371,0.03646144650328751,0.2869097429766886,0.019127316198445904,0.0,0.16198445905558875,0.0,Распутин,Прощание с Матерой
0.04580152671755725,0.06463104325699745,0.0926208651399491,0.009669211195928753,0.035114503816793895,0.021374045801526718,0.0010178117048346056,0.11348600508905853,0.002035623409669211,0.06564885496183206,0.08804071246819338,0.017302798982188294,0.26564885496183205,0.028498727735368958,0.0,0.1486005089058524,0.0005089058524173028,Распутин,Прощание с Матерой
0.05152786099460755,0.0701018573996405,0.053325344517675254,0.006590772917914919,0.04074295985620132,0.025763930497303775,0.0005991611743559018,0.16177351707609347,0.0029958058717795086,0.03055721989215099,0.08388256440982625,0.02456560814859197,0.27142001198322346,0.016177351707609346,0.0,0.15877771120431397,0.0011983223487118035,Распутин,Прощание с Матерой
0.03744599135861738,0.08065290446471435,0.055208833413346134,0.007201152184349496,0.040326452232357174,0.019683149303888623,0.0014402304368698992,0.14930388862217955,0.008641382621219395,0.046087373979836775,0.07057129140662506,0.04080652904464714,0.26452232357177147,0.017762842054728757,0.0,0.1603456553048488,0.0,Распутин,Прощание с Матерой
0.04322863897331983,0.09287402904424182,0.06551840594393786,0.008780817291455589,0.05538669368456602,0.025329280648429583,0.00033772374197906115,0.1415062478892266,0.0070921985815602835,0.06349206349206349,0.08274231678486997,0.02364066193853428,0.21479229989868287,0.02701789935832489,0.0,0.14826072272880783,0.0,Распутин,Прощание с Матерой
0.04301533219761499,0.07197614991482112,0.0817717206132879,0.007666098807495741,0.05323679727427598,0.01575809199318569,0.0,0.1316013628620102,0.004684838160136286,0.05281090289608177,0.06771720613287904,0.03705281090289608,0.23509369676320271,0.0217206132879046,0.0,0.17504258943781942,0.0008517887563884157,Распутин,Прощание с Матерой
0.04769647696476965,0.07804878048780488,0.05799457994579946,0.003794037940379404,0.04173441734417344,0.016802168021680216,0.0032520325203252032,0.15392953929539296,0.003794037940379404,0.04552845528455285,0.06612466124661247,0.03577235772357724,0.26775067750677506,0.016260162601626018,0.0,0.15989159891598917,0.0016260162601626016,Распутин,Прощание с Матерой
0.044291952588895823,0.07423580786026202,0.09107922645040549,0.015595757953836557,0.04897067997504679,0.020274485339987523,0.0,0.11915159076731129,0.00842170929507174,0.05739238927011853,0.09950093574547723,0.010917030567685589,0.21179039301310043,0.021522145976294448,0.00031191515907673113,0.17654398003742983,0.0,Распутин,Живи и помни
0.0467741935483871,0.09096774193548388,0.06774193548387097,0.008387096774193548,0.056451612903225805,0.024193548387096774,0.0,0.13838709677419356,0.0070967741935483875,0.0664516129032258,0.08064516129032258,0.020967741935483872,0.21451612903225806,0.027096774193548386,0.0,0.1503225806451613,0.0,Распутин,Прощание с Матерой
0.0504828797190518,0.06935908691834942,0.08911325724319578,0.009218612818261633,0.051360842844600525,0.027216856892010536,0.0,0.09350307287093942,0.006584723441615452,0.07374890254609306,0.10228270412642669,0.007462686567164179,0.22519754170324846,0.0276558384547849,0.0,0.16681299385425813,0.0,Распутин,Живи и помни
0.037800687285223365,0.10051546391752578,0.07731958762886598,0.006443298969072165,0.044243986254295535,0.027920962199312716,0.0,0.15034364261168384,0.009879725085910653,0.04896907216494845,0.07388316151202749,0.033934707903780066,0.20790378006872853,0.020189003436426118,0.0,0.15979381443298968,0.000859106529209622,Распутин,Живи и помни
0.027888446215139442,0.07918326693227092,0.06374501992031872,0.00796812749003984,0.04133466135458167,0.01643426294820717,0.00099601593625498,0.1349601593625498,0.0069721115537848604,0.04332669322709164,0.07121513944223108,0.046314741035856574,0.26294820717131473,0.018426294820717132,0.0,0.17828685258964144,0.0,Распутин,Прощание с Матерой
0.047747400847131305,0.07547169811320754,0.06892568348093954,0.005390835579514825,0.05236811705814401,0.023873700423565652,0.0003850596842510589,0.14632268001540238,0.005775895263765884,0.061609549480169425,0.07162110127069696,0.02849441663457836,0.23604158644589912,0.023488640739314594,0.0,0.15209857527916826,0.0003850596842510589,Распутин,Прощание с Матерой
0.03699551569506727,0.07399103139013453,0.08520179372197309,0.01233183856502242,0.034192825112107625,0.028026905829596414,0.0005605381165919282,0.11547085201793722,0.005044843049327354,0.05493273542600897,0.10874439461883408,0.0257847533632287,0.24719730941704035,0.017376681614349777,0.0,0.15246636771300448,0.0016816143497757848,Распутин,Уроки французского
0.06264411990776327,0.0930053804765565,0.07417371252882399,0.011529592621060722,0.04304381245196003,0.023443504996156803,0.0,0.13297463489623368,0.008070714834742506,0.04304381245196003,0.10299769408147579,0.023443504996156803,0.20791698693312835,0.026902382782475018,0.0,0.14565718677940045,0.0011529592621060721,Распутин,Уроки французского
0.07136678200692041,0.08650519031141868,0.07179930795847751,0.01124567474048443,0.04974048442906574,0.02768166089965398,0.00043252595155709344,0.16782006920415224,0.012110726643598616,0.03806228373702422,0.06747404844290658,0.008217993079584774,0.21972318339100347,0.013408304498269897,0.0,0.15397923875432526,0.00043252595155709344,Распутин,Прощание с Матерой
0.03770114942528736,0.072183908045977,0.06482758620689655,0.008735632183908045,0.049195402298850575,0.01793103448275862,0.001379310344827586,0.13517241379310344,0.008735632183908045,0.05839080459770115,0.08735632183908046,0.016091954022988506,0.24459770114942528,0.023448275862068966,0.0,0.1742528735632184,0.0,Распутин,Прощание с Матерой
0.023616236162361623,0.045756457564575644,0.06937269372693727,0.015498154981549815,0.03911439114391144,0.016974169741697416,0.0007380073800738007,0.05239852398523985,0.008118081180811807,0.08339483394833948,0.14095940959409595,0.017712177121771217,0.3151291512915129,0.01107011070110701,0.0,0.16014760147601476,0.0,Распутин,Встреча
0.07234042553191489,0.08856382978723404,0.0747340425531915,0.009574468085106383,0.05053191489361702,0.023936170212765957,0.0,0.15345744680851064,0.006117021276595745,0.0425531914893617,0.07579787234042554,0.013563829787234043,0.1949468085106383,0.026063829787234042,0.0,0.1675531914893617,0.00026595744680851064,Распутин,Живи и помни
0.056069008009858284,0.07825015403573629,0.08718422674060382,0.012939001848428836,0.04805914972273567,0.02033271719038817,0.0,0.1398644485520641,0.005237215033887862,0.059457794208256316,0.08287122612446088,0.00831792975970425,0.20764017252002465,0.02341343191620456,0.0,0.17036352433764634,0.0,Распутин,Живи и помни
0.031085043988269796,0.07331378299120235,0.08093841642228738,0.0093841642228739,0.04398826979472141,0.025219941348973606,0.0005865102639296188,0.09032258064516129,0.011730205278592375,0.07096774193548387,0.12023460410557185,0.005278592375366569,0.2475073313782991,0.021700879765395895,0.0,0.16774193548387098,0.0,Распутин,Живи и помни
0.06125897760878749,0.08069286016054077,0.07351077313054499,0.011829319814110688,0.0574566962399662,0.024926066751161807,0.0008449514152936206,0.1474440219687368,0.008027038445289396,0.04393747359526827,0.09252217997465145,0.0122517955217575,0.2171525137304605,0.018166455428812844,0.0,0.14955640050697086,0.0004224757076468103,Распутин,Прощание с Матерой
0.048031155344006926,0.07312851579402856,0.07659022068368672,0.012115967113803548,0.04759844223279965,0.016875811337083515,0.0008654262224145391,0.14279532669839895,0.006490696668109044,0.057118130679359586,0.08654262224145391,0.016443098225876245,0.23409779316313284,0.023366508005192556,0.0,0.1579402855906534,0.0,Распутин,Прощание с Матерой
0.05473501303214596,0.09383145091225022,0.07355922386330727,0.007819287576020852,0.04749493194323776,0.019693020561830293,0.0,0.1520417028670721,0.005502461627570229,0.043440486533449174,0.07413843035041992,0.019113814074717638,0.1977990153489719,0.0228786562409499,0.0,0.18766290182450043,0.0002896032435563278,Распутин,Живи и помни
0.037760416666666664,0.1015625,0.07899305555555555,0.006944444444444444,0.04513888888888889,0.026909722222222224,0.0,0.14973958333333334,0.009548611111111112,0.04904513888888889,0.0720486111111111,0.033854166666666664,0.2087673611111111,0.020399305555555556,0.0,0.1584201388888889,0.0008680555555555555,Распутин,Живи и помни
0.0525195173882186,0.08552164655784245,0.07594038325053229,0.0099361249112846,0.053584102200141946,0.023066004258339247,0.0,0.14762242725337119,0.00674237047551455,0.046132008516678494,0.0716820440028389,0.01738821859474805,0.22569198012775019,0.028743789921930447,0.0,0.1554293825408091,0.0,Распутин,Живи и помни
0.02875816993464052,0.056862745098039215,0.06209150326797386,0.00784313725490196,0.0392156862745098,0.01895424836601307,0.00130718954248366,0.06666666666666667,0.00392156862745098,0.0803921568627451,0.13856209150326798,0.01241830065359477,0.30130718954248364,0.01895424836601307,0.0,0.1627450980392157,0.0,Распутин,Встреча
0.06205250596658711,0.09069212410501193,0.0639618138424821,0.005250596658711217,0.044391408114558474,0.01909307875894988,0.0,0.1766109785202864,0.008114558472553698,0.04630071599045346,0.06062052505966587,0.01766109785202864,0.2477326968973747,0.015274463007159905,0.0,0.14176610978520288,0.00047732696897374703,Распутин,На родине
0.04825367647058824,0.08777573529411764,0.07490808823529412,0.01011029411764706,0.04549632352941176,0.019761029411764705,0.0,0.13511029411764705,0.006893382352941176,0.0546875,0.09145220588235294,0.028952205882352942,0.21415441176470587,0.02389705882352941,0.0,0.15854779411764705,0.0,Распутин,Живи и помни
0.04280904280904281,0.06060606060606061,0.0658970658970659,0.006734006734006734,0.04858104858104858,0.026936026936026935,0.000962000962000962,0.11303511303511303,0.006253006253006253,0.05242905242905243,0.08225108225108226,0.024531024531024532,0.26455026455026454,0.03222703222703223,0.0,0.1721981721981722,0.0,Распутин,Живи и помни
0.045251118846345105,0.0730979612133267,0.06713078070611636,0.011934361014420686,0.05271009448035803,0.016907011437095974,0.0,0.11934361014420686,0.007458975634012929,0.061163600198906015,0.09497762307309796,0.019393336648433616,0.2466434609646942,0.018398806563898557,0.0,0.165589259075087,0.0,Распутин,Живи и помни
0.03815261044176707,0.058902275769745646,0.07563587684069611,0.007362784471218206,0.028112449799196786,0.018072289156626505,0.0013386880856760374,0.10508701472556894,0.004016064257028112,0.07563587684069611,0.10776439089692101,0.014056224899598393,0.2784471218206158,0.02208835341365462,0.0,0.1646586345381526,0.0006693440428380187,Распутин,Живи и помни
0.04428044280442804,0.07749077490774908,0.07343173431734318,0.00959409594095941,0.056457564575645755,0.02952029520295203,0.00036900369003690036,0.14464944649446496,0.010701107011070111,0.06420664206642067,0.07084870848708487,0.025830258302583026,0.21660516605166052,0.02214022140221402,0.0,0.15387453874538745,0.0,Распутин,Прощание с Матерой
0.04133858267716536,0.07283464566929133,0.07627952755905512,0.00984251968503937,0.04232283464566929,0.02312992125984252,0.0,0.1156496062992126,0.008858267716535433,0.05610236220472441,0.10728346456692914,0.03297244094488189,0.2312992125984252,0.02312992125984252,0.0,0.15846456692913385,0.0004921259842519685,Распутин,Уроки французского
0.03828197945845005,0.07563025210084033,0.07469654528478058,0.011204481792717087,0.036414565826330535,0.020074696545284782,0.0018674136321195146,0.12464985994397759,0.004668534080298786,0.05555555555555555,0.0915032679738562,0.021942110177404293,0.2567693744164332,0.02661064425770308,0.0,0.15966386554621848,0.00046685340802987864,Распутин,Прощание с Матерой
0.030201342281879196,0.05436241610738255,0.06845637583892618,0.009395973154362415,0.03825503355704698,0.019463087248322148,0.0013422818791946308,0.06308724832214765,0.004026845637583893,0.08456375838926175,0.13624161073825503,0.014093959731543624,0.2986577181208054,0.01879194630872483,0.0,0.15906040268456376,0.0,Распутин,Встреча
0.05430081691494474,0.07448342143200384,0.06631427198462278,0.009610764055742432,0.04084574723690534,0.016818837097549257,0.0009610764055742432,0.15185007208073042,0.005285920230658337,0.04853435848149928,0.06823642479577126,0.03027390677558866,0.2623738587217684,0.014896684286400768,0.0,0.15521383950024026,0.0,Распутин,Прощание с Матерой
0.06472369417108251,0.09197577592732778,0.07229371688115065,0.01097653292959879,0.04012112036336109,0.026495079485238455,0.0,0.14193792581377745,0.009084027252081756,0.045041635124905374,0.10105980317940953,0.02043906131718395,0.20590461771385316,0.024602573807721424,0.0,0.14420893262679788,0.0011355034065102195,Распутин,Уроки французского
0.0561044460127029,0.08856739590684545,0.07127734650670431,0.008468595624558928,0.0465772759350741,0.022230063514467185,0.00035285815102328866,0.1337332392378264,0.009527170077628794,0.05963302752293578,0.08892025405786874,0.017642907551164433,0.21347918136908964,0.025405786873676783,0.0,0.15808045165843332,0.0,Распутин,Живи и помни
0.05099150141643059,0.07001214083367058,0.0687980574666127,0.0084985835694051,0.050586806960744635,0.02063941723998381,0.0004046944556859571,0.10602994738972076,0.006475111290975314,0.05989477944152165,0.10036422501011737,0.01659247268312424,0.23148522865236745,0.031161473087818695,0.0,0.17806556050182112,0.0,Распутин,Живи и помни
0.058931185944363106,0.1013909224011713,0.07833089311859444,0.011346998535871157,0.04868228404099561,0.02232796486090776,0.0,0.15739385065885797,0.0076866764275256225,0.04319180087847731,0.06954612005856516,0.030014641288433383,0.1958272327964861,0.020497803806734993,0.0,0.1548316251830161,0.0,Распутин,Живи и помни
0.044036697247706424,0.07853211009174312,0.07119266055045871,0.009541284403669725,0.05614678899082569,0.027155963302752294,0.0003669724770642202,0.14458715596330277,0.010642201834862385,0.06201834862385321,0.07192660550458715,0.026422018348623854,0.21761467889908256,0.02165137614678899,0.0,0.1581651376146789,0.0,Распутин,Прощание с Матерой
0.040719196192490745,0.06663141195134849,0.0745637228979376,0.009518773135906928,0.048651507139079855,0.020624008461131677,0.0005288207297726071,0.11792702273929138,0.005288207297726071,0.06292966684294024,0.10206240084611316,0.013749338974087784,0.24907456372289793,0.019037546271813855,0.0,0.16869381279746165,0.0,Распутин,Живи и помни
0.04790419161676647,0.09248170326014638,0.06986027944111776,0.007318695941450432,0.04324683965402528,0.01763140385894877,0.0013306719893546241,0.1513639387890885,0.007318695941450432,0.04890219560878244,0.08316699933466401,0.018629407850964737,0.21956087824351297,0.018962075848303395,0.0,0.17232202262142382,0.0,Распутин,Живи и помни
0.04996003197442046,0.07833733013589128,0.07034372501998401,0.007194244604316547,0.05515587529976019,0.02358113509192646,0.0,0.14068745003996802,0.0035971223021582736,0.053557154276578735,0.07993605115907274,0.019984012789768184,0.21982414068745004,0.02238209432454037,0.0,0.17545963229416467,0.0,Распутин,Живи и помни
0.09597701149425288,0.10402298850574712,0.056896551724137934,0.013218390804597701,0.04080459770114943,0.03505747126436782,0.0,0.2574712643678161,0.009195402298850575,0.022988505747126436,0.045402298850574715,0.0017241379310344827,0.15632183908045977,0.013218390804597701,0.0,0.14655172413793102,0.0011494252873563218,Бианки,Лесные разведчики
0.0480225988700565,0.08615819209039548,0.015536723163841809,0.0,0.03672316384180791,0.012711864406779662,0.0014124293785310734,0.1850282485875706,0.0014124293785310734,0.02401129943502825,0.038135593220338986,0.1059322033898305,0.2768361581920904,0.005649717514124294,0.0,0.16242937853107345,0.0,Бианки,Росянка - комариная смерть
0.05416666666666667,0.08645833333333333,0.07083333333333333,0.008854166666666666,0.04739583333333333,0.022395833333333334,0.0,0.17239583333333333,0.00625,0.04010416666666667,0.08072916666666667,0.0390625,0.21041666666666667,0.015104166666666667,0.0,0.14583333333333334,0.0,Бианки,Красная горка
0.0670926517571885,0.068370607028754,0.07476038338658147,0.010862619808306708,0.043450479233226834,0.02619808306709265,0.0006389776357827476,0.18338658146964856,0.008945686900958467,0.03258785942492013,0.07731629392971245,0.016613418530351438,0.23258785942492013,0.014057507987220448,0.0,0.14313099041533547,0.0,Бианки,Оранжевое горлышко
0.051713395638629284,0.08473520249221184,0.0573208722741433,0.013084112149532711,0.059190031152647975,0.03364485981308411,0.0006230529595015577,0.17320872274143304,0.011214953271028037,0.03489096573208723,0.07975077881619938,0.040498442367601244,0.1806853582554517,0.017445482866043614,0.0,0.16199376947040497,0.0,Бианки,Кукушонок
0.044755244755244755,0.0958041958041958,0.05104895104895105,0.0034965034965034965,0.032867132867132866,0.015384615384615385,0.0006993006993006993,0.20279720279720279,0.006993006993006993,0.05104895104895105,0.03566433566433566,0.02937062937062937,0.2517482517482518,0.011188811188811189,0.0,0.16573426573426572,0.0013986013986013986,Бианки,Анютина Утка
0.06424936386768448,0.089058524173028,0.060432569974554706,0.006997455470737914,0.047073791348600506,0.031170483460559797,0.0006361323155216285,0.22709923664122136,0.008905852417302799,0.04389312977099236,0.05725190839694656,0.017811704834605598,0.19783715012722647,0.01272264631043257,0.0,0.13486005089058525,0.0,Бианки,Макс
0.07439712673165726,0.07388404309902515,0.06977937403796819,0.008722421754746024,0.06259620318111853,0.017957927142124165,0.001026167265264238,0.18522319138019497,0.002565418163160595,0.04104669061056952,0.07491021036428938,0.02616726526423807,0.21498204207285787,0.014366341713699333,0.0,0.13237557721908672,0.0,Бианки,Синичкин календарь
0.09847094801223241,0.10030581039755351,0.06483180428134556,0.014067278287461774,0.04036697247706422,0.03058103975535168,0.0,0.24954128440366974,0.009785932721712538,0.01651376146788991,0.04281345565749235,0.0012232415902140672,0.17003058103975535,0.011620795107033639,0.0,0.1474006116207951,0.0024464831804281344,Бианки,Лесные разведчики
0.06525792417650715,0.08949658172778123,0.07271597265382225,0.013673088875077687,0.044126786824114354,0.02113113735239279,0.0,0.2218769422001243,0.0037290242386575512,0.030453697949036667,0.0689869484151647,0.012430080795525171,0.18023617153511498,0.013673088875077687,0.0,0.16221255438160348,0.0,Бианки,Мышонок Пик
0.05121798875702686,0.0868207370393504,0.060587133041848845,0.006246096189881324,0.04059962523422861,0.024984384759525295,0.0037476577139287947,0.22048719550281073,0.006870705808869456,0.03997501561524047,0.05371642723297939,0.019987507807620236,0.2273579013116802,0.009993753903810118,0.0,0.14740787008119924,0.0,Бианки,Макс
0.06558363417569193,0.0914560770156438,0.07581227436823104,0.01444043321299639,0.049338146811071,0.01684717208182912,0.0,0.2226233453670277,0.0030084235860409147,0.031287605294825514,0.06618531889290012,0.013237063778580024,0.17569193742478942,0.013838748495788207,0.0,0.16064981949458484,0.0,Бианки,Мышонок Пик
0.05369718309859155,0.07306338028169014,0.06690140845070422,0.0017605633802816902,0.03961267605633803,0.0044014084507042256,0.0044014084507042256,0.15492957746478872,0.0035211267605633804,0.04841549295774648,0.05193661971830986,0.04841549295774648,0.2975352112676056,0.013204225352112676,0.0,0.1382042253521127,0.0,Бианки,Как муравьишка домой спешил
0.050156739811912224,0.06426332288401254,0.05329153605015674,0.006269592476489028,0.03134796238244514,0.02821316614420063,0.0023510971786833857,0.15595611285266459,0.008620689655172414,0.04467084639498432,0.05956112852664577,0.03526645768025078,0.2829153605015674,0.01567398119122257,0.0,0.1614420062695925,0.0,Бианки,Воспитанники
0.0906832298136646,0.07329192546583851,0.047619047619047616,0.002070393374741201,0.06335403726708075,0.02236024844720497,0.0,0.2720496894409938,0.002898550724637681,0.03561076604554866,0.040993788819875775,0.005383022774327122,0.20124223602484473,0.014906832298136646,0.0,0.12753623188405797,0.0,Бианки,Наши птицы
0.05216426193118757,0.06326304106548279,0.058823529411764705,0.004439511653718091,0.05327413984461709,0.029966703662597113,0.0022197558268590455,0.14206437291897892,0.006659267480577136,0.05216426193118757,0.07214206437291898,0.048834628190899,0.27081021087680357,0.014428412874583796,0.0,0.12874583795782463,0.0,Бианки,Чей нос лучше
0.05396402398401066,0.0899400399733511,0.08061292471685542,0.005329780146568954,0.049966688874083946,0.023317788141239172,0.0033311125916055963,0.1905396402398401,0.007994670219853431,0.04397068620919387,0.056628914057295136,0.001998667554963358,0.23451032644903397,0.012658227848101266,0.0,0.145236508994004,0.0,Бианки,Бешеный бельчонок
0.06160287081339713,0.08552631578947369,0.0645933014354067,0.0023923444976076554,0.038875598086124404,0.022727272727272728,0.0017942583732057417,0.15550239234449761,0.004186602870813397,0.04784688995215311,0.05861244019138756,0.03708133971291866,0.25478468899521534,0.014354066985645933,0.0,0.15011961722488038,0.0,Бианки,Лесные домишки
0.06934731934731934,0.07925407925407925,0.07284382284382285,0.00641025641025641,0.04895104895104895,0.0168997668997669,0.0017482517482517483,0.18298368298368298,0.005244755244755245,0.030885780885780884,0.06468531468531469,0.030303030303030304,0.22785547785547786,0.016317016317016316,0.0,0.14627039627039626,0.0,Бианки,Оранжевое горлышко
0.05536626916524702,0.06388415672913117,0.028109028960817718,0.0034071550255536627,0.044293015332197615,0.026405451448040886,0.0034071550255536627,0.17632027257240204,0.002555366269165247,0.04003407155025554,0.08091993185689948,0.04514480408858603,0.28109028960817717,0.01192504258943782,0.0,0.13713798977853492,0.0,Бианки,Дед Мороз и весна
0.06784660766961652,0.09321533923303835,0.0743362831858407,0.01415929203539823,0.04896755162241888,0.01887905604719764,0.0,0.22123893805309736,0.0029498525073746312,0.03185840707964602,0.06548672566371681,0.013569321533923304,0.17404129793510326,0.012979351032448377,0.0,0.16047197640117994,0.0,Бианки,Мышонок Пик
0.05396402398401066,0.0899400399733511,0.08061292471685542,0.005329780146568954,0.049966688874083946,0.023317788141239172,0.0033311125916055963,0.1905396402398401,0.007994670219853431,0.04397068620919387,0.056628914057295136,0.001998667554963358,0.23451032644903397,0.012658227848101266,0.0,0.145236508994004,0.0,Бианки,Бешеный бельчонок
0.05655247417074497,0.09624796084828711,0.07123436650353453,0.013594344752582926,0.051658510059815116,0.02066340402392605,0.0,0.188689505165851,0.0032626427406199023,0.04241435562805873,0.08482871125611746,0.008700380641653072,0.17781402936378465,0.01957585644371941,0.0,0.16476345840130505,0.0,Бианки,Мышонок Пик
0.09885742672627919,0.07203179334326876,0.044709388971684055,0.0004967709885742673,0.06458022851465474,0.02384500745156483,0.0,0.2637853949329359,0.003974167908594138,0.031793343268753105,0.03477396920019871,0.003477396920019871,0.2170889220069548,0.01838052657724789,0.0,0.12220566318926974,0.0,Бианки,Наши птицы
0.06950354609929078,0.08936170212765958,0.04822695035460993,0.018439716312056736,0.05390070921985816,0.028368794326241134,0.0,0.20141843971631207,0.04539007092198582,0.04680851063829787,0.03971631205673759,0.00425531914893617,0.1900709219858156,0.02269503546099291,0.015602836879432624,0.12624113475177304,0.0,Бианки,"Два белых, тертий - как снег"
0.04181389870435807,0.09246171967020024,0.08068315665488811,0.002355712603062426,0.04122497055359246,0.03180212014134275,0.0017667844522968198,0.17373380447585396,0.0076560659599528855,0.07243816254416961,0.07479387514723204,0.001177856301531213,0.24028268551236748,0.02120141342756184,0.0,0.1166077738515901,0.0,Бианки,Прятки
0.07427413909520594,0.10330857528696827,0.06144496961512492,0.0027008777852802163,0.035111411208642807,0.020931802835921675,0.0006752194463200541,0.19513841998649561,0.012153950033760972,0.042538825118163405,0.07900067521944631,0.0027008777852802163,0.22417285617825794,0.01350438892640108,0.0,0.1323430114787306,0.0,Бианки,Мой хитрый сынишка
0.057345360824742266,0.07280927835051547,0.06572164948453608,0.007087628865979381,0.03672680412371134,0.03608247422680412,0.0032216494845360823,0.18878865979381443,0.003865979381443299,0.05283505154639175,0.06701030927835051,0.010309278350515464,0.25322164948453607,0.010309278350515464,0.0,0.13466494845360824,0.0,Бианки,Воспитанники
0.052845528455284556,0.08652729384436701,0.07607433217189315,0.004645760743321719,0.05516840882694541,0.016260162601626018,0.0005807200929152149,0.1835075493612079,0.0029036004645760743,0.03426248548199768,0.056329849012775844,0.02032520325203252,0.24099883855981416,0.01916376306620209,0.0,0.15040650406504066,0.0,Бианки,Синичкин календарь
0.0522508038585209,0.06109324758842444,0.0297427652733119,0.0040192926045016075,0.04581993569131833,0.02572347266881029,0.003215434083601286,0.1760450160771704,0.003215434083601286,0.03938906752411576,0.08038585209003216,0.04501607717041801,0.2805466237942122,0.012861736334405145,0.0,0.14067524115755628,0.0,Бианки,Дед Мороз и весна
0.06524317912218268,0.07947805456702253,0.0771055753262159,0.004744958481613286,0.039739027283511266,0.022538552787663108,0.0017793594306049821,0.1826809015421115,0.005338078291814947,0.03499406880189798,0.06524317912218268,0.03795966785290629,0.21945432977461446,0.01542111506524318,0.0,0.14827995255041518,0.0,Бианки,Оранжевое горлышко
0.052805280528052806,0.09405940594059406,0.07260726072607261,0.0033003300330033004,0.041254125412541254,0.018151815181518153,0.0,0.24752475247524752,0.0033003300330033004,0.0231023102310231,0.01485148514851485,0.009900990099009901,0.25412541254125415,0.013201320132013201,0.0,0.15181518151815182,0.0,Бианки,Снежная книга
0.0513405590416429,0.08613804905875641,0.07073588134626355,0.004563605248146035,0.047347404449515115,0.027952082144894468,0.0,0.18596691386195094,0.004563605248146035,0.050770108385624645,0.0764403879064461,0.011409013120365089,0.21962350256702795,0.014831717056474614,0.0,0.14831717056474614,0.0,Бианки,Лупленый бочонок
0.04854368932038835,0.0799543118218161,0.0508280982295831,0.0028555111364934323,0.052541404911479156,0.013135351227869789,0.002284408909194746,0.17989720159908623,0.003997715591090805,0.04968589377498572,0.05596801827527127,0.041119360365505425,0.24957167332952598,0.010850942318675044,0.0,0.15762421473443747,0.001142204454597373,Бианки,Сказки зверолова
0.040415073730202075,0.0906608410704533,0.08137629710540688,0.002730748225013654,0.04314582195521573,0.026215182960131075,0.0005461496450027307,0.17640633533588204,0.004915346805024577,0.06990715456034953,0.07209175314036045,0.0016384489350081922,0.2512288367012561,0.017476788640087382,0.0,0.12124522119060623,0.0,Бианки,Прятки
0.07293796864349011,0.10088616223585549,0.06339468302658487,0.0027266530334014998,0.034764826175869123,0.021131561008861623,0.0006816632583503749,0.19154737559645535,0.012269938650306749,0.043626448534423996,0.07975460122699386,0.0027266530334014998,0.2256305385139741,0.013633265167007498,0.0,0.13428766189502386,0.0,Бианки,Мой хитрый сынишка
0.04584819154355578,0.10137544574630668,0.06622516556291391,0.006622516556291391,0.04381049414161997,0.015282730514518594,0.0005094243504839531,0.2052980132450331,0.010188487009679063,0.03413143148242486,0.049923586347427405,0.034640855832908816,0.20173204279164544,0.018848700967906265,0.0,0.16556291390728478,0.0,Бианки,Егоркины заботы
0.05868544600938967,0.07805164319248827,0.06514084507042253,0.009389671361502348,0.040492957746478875,0.028755868544600938,0.0005868544600938967,0.1437793427230047,0.007629107981220657,0.061619718309859156,0.07746478873239436,0.009976525821596244,0.25704225352112675,0.018192488262910797,0.0,0.1426056338028169,0.0005868544600938967,Бианки,Прятки
0.05114155251141553,0.08858447488584476,0.06027397260273973,0.0045662100456621,0.05662100456621005,0.025570776255707764,0.0018264840182648401,0.19041095890410958,0.012328767123287671,0.03561643835616438,0.06164383561643835,0.0410958904109589,0.2091324200913242,0.019634703196347032,0.0,0.1415525114155251,0.0,Бианки,Оранжевое горлышко
0.05236593059936909,0.0946372239747634,0.049842271293375394,0.006309148264984227,0.03470031545741325,0.011356466876971609,0.0,0.2031545741324921,0.006309148264984227,0.045425867507886436,0.04227129337539432,0.02965299684542587,0.24416403785488958,0.010094637223974764,0.0,0.16845425867507888,0.0012618296529968455,Бианки,Анютина Утка
0.05985748218527316,0.08931116389548693,0.06983372921615202,0.004275534441805225,0.0508313539192399,0.019002375296912115,0.00047505938242280285,0.18954869358669835,0.004750593824228029,0.03515439429928741,0.06270783847980997,0.028503562945368172,0.22517814726840854,0.011876484560570071,0.0,0.14821852731591448,0.00047505938242280285,Бианки,Синичкин календарь
0.06266149870801034,0.08204134366925064,0.060723514211886306,0.0071059431524547806,0.0458656330749354,0.03165374677002584,0.001937984496124031,0.2177002583979328,0.009689922480620155,0.050387596899224806,0.05167958656330749,0.01614987080103359,0.2144702842377261,0.010981912144702842,0.0,0.13695090439276486,0.0,Бианки,Макс
0.05873715124816446,0.08883994126284875,0.049926578560939794,0.003671071953010279,0.028634361233480177,0.016886930983847283,0.0022026431718061676,0.22246696035242292,0.003671071953010279,0.041116005873715125,0.03524229074889868,0.03524229074889868,0.27165932452276065,0.021292217327459617,0.0,0.11894273127753303,0.0014684287812041115,Бианки,Две вороны
0.04754440961337513,0.07001044932079414,0.07784743991640543,0.008881922675026124,0.050156739811912224,0.02037617554858934,0.001567398119122257,0.1614420062695925,0.01567398119122257,0.03814002089864159,0.06844305120167189,0.03343782654127482,0.2277951933124347,0.019331243469174503,0.0,0.1593521421107628,0.0,Бианки,Оранжевое горлышко
0.0703851261620186,0.09163346613545817,0.05245683930942895,0.013944223107569721,0.053784860557768925,0.01859229747675963,0.0006640106241699867,0.23107569721115537,0.008632138114209827,0.027224435590969456,0.05444887118193891,0.0,0.2098273572377158,0.012616201859229747,0.0,0.1547144754316069,0.0,Бианки,Где раки зимуют
0.056493884682585906,0.07454863133372161,0.0687245195107746,0.0064065230052417,0.035527082119976704,0.035527082119976704,0.0034944670937682005,0.1875364006988934,0.004659289458357601,0.057076295864880604,0.06173558532323821,0.010483401281304601,0.23937099592312172,0.018637157833430402,0.0,0.1391962725684333,0.0005824111822947001,Бианки,Воспитанники
0.08406158967956721,0.08822305451518934,0.046608406158967955,0.0020807324178110697,0.06533499791926758,0.019558884727424054,0.0,0.2717436537661257,0.004577611319184353,0.0357885975863504,0.04452767374115689,0.007906783187682065,0.1889305035372451,0.011235955056179775,0.0,0.12942155638784852,0.0,Бианки,Наши птицы
0.06579662860250136,0.09352909189777053,0.08156606851549755,0.015769439912996192,0.05328983143012507,0.0255573681348559,0.0,0.19575856443719414,0.0038064165307232192,0.0413268080478521,0.06960304513322457,0.011419249592169658,0.1653072321914084,0.018488308863512777,0.0,0.15878194671016857,0.0,Бианки,Мышонок Пик
0.04218852999340804,0.061305207646671064,0.07185234014502308,0.0065919578114700065,0.032300593276203035,0.026367831245880026,0.004614370468029005,0.12722478576137114,0.011865524060646011,0.07317073170731707,0.08042188529993408,0.005273566249176005,0.2880685563612393,0.015820698747528016,0.0,0.15227422544495714,0.0006591957811470006,Бианки,Прятки
0.05850706119704102,0.07061197041022192,0.0652320107599193,0.007397444519166106,0.03496973772696705,0.03496973772696705,0.0033624747814391394,0.1862811028917283,0.0033624747814391394,0.05110961667787491,0.06926698049764626,0.011432414256893073,0.26160053799596505,0.010087424344317418,0.0,0.13180901143241425,0.0,Бианки,Воспитанники
0.05124450951683748,0.07320644216691069,0.060029282576866766,0.004392386530014641,0.04172767203513909,0.021961932650073207,0.0014641288433382138,0.18374816983894582,0.0021961932650073207,0.046120058565153735,0.07540263543191801,0.020497803806734993,0.2781844802342606,0.013909224011713031,0.0,0.1259150805270864,0.0,Бианки,Воспитанники
0.032281205164992825,0.06958393113342898,0.07675753228120516,0.006456241032998565,0.05236728837876614,0.025107604017216643,0.002152080344332855,0.13845050215208035,0.005021520803443328,0.06169296987087518,0.09827833572453372,0.0028694404591104736,0.251793400286944,0.02295552367288379,0.0,0.15423242467718795,0.0,Бианки,Как я хотел зайцу соли на хвост насыпать
0.07192328183271178,0.09110282365476825,0.0713905167820991,0.005327650506126798,0.051678209909429944,0.02770378263185935,0.0,0.22056473095364945,0.006925945657964837,0.0500799147575919,0.0500799147575919,0.005327650506126798,0.18433670751198722,0.018114011720831113,0.0,0.14544485881726157,0.0,Бианки,Наши птицы
0.06804374240583232,0.08444714459295262,0.0795868772782503,0.015188335358444714,0.04070473876063183,0.026731470230862697,0.0,0.1913730255164034,0.006682867557715674,0.0425273390036452,0.07533414337788578,0.01275820170109356,0.17922235722964763,0.018833535844471446,0.0,0.15856622114216282,0.0,Бианки,Мышонок Пик
0.062111801242236024,0.08633540372670807,0.07267080745341616,0.007453416149068323,0.04596273291925466,0.02111801242236025,0.0018633540372670807,0.15838509316770186,0.0068322981366459624,0.0546583850931677,0.06645962732919254,0.018012422360248446,0.2484472049689441,0.014285714285714285,0.0,0.13540372670807455,0.0,Бианки,Прятки
0.06978119455943228,0.08574807806031934,0.08101714961561206,0.01478415138971023,0.04553518628030751,0.02365464222353637,0.0,0.18864577173270256,0.007096392667060911,0.041986989946777055,0.07332939089296274,0.011235955056179775,0.1809580130100532,0.018332347723240685,0.0,0.15789473684210525,0.0,Бианки,Мышонок Пик
0.04552129221732746,0.07856093979441997,0.06901615271659324,0.005873715124816446,0.03671071953010279,0.011013215859030838,0.003671071953010279,0.16740088105726872,0.004405286343612335,0.044787077826725405,0.038913362701908955,0.04919236417033774,0.2907488986784141,0.014684287812041116,0.0,0.1395007342143906,0.0,Бианки,Как муравьишка домой спешил
0.05473584007615421,0.07996192289386006,0.07234650166587339,0.006187529747739172,0.06092336982389338,0.024750118990956686,0.0014278914802475012,0.1808662541646835,0.017134697762970014,0.03569728700618753,0.05616373155640171,0.03664921465968586,0.21323179438362685,0.017134697762970014,0.0,0.14278914802475012,0.0,Бианки,Оранжевое горлышко
0.05614783226723525,0.08528784648187633,0.04477611940298507,0.0021321961620469083,0.03837953091684435,0.0255863539445629,0.0035536602700781805,0.20753375977256575,0.007107320540156361,0.032693674484719264,0.04406538734896944,0.032693674484719264,0.26936744847192606,0.010660980810234541,0.0,0.14001421464108033,0.0,Бианки,Воспитанники
0.034482758620689655,0.07970604861503675,0.06953080836630865,0.0045223289994347085,0.05257207461842849,0.027133973996608253,0.0,0.1684567552289429,0.005652911249293386,0.046919163369135104,0.08535895986433013,0.02882984737139627,0.20859242509892595,0.022046353872244205,0.0,0.16619559072922555,0.0,Бианки,Воспитанники
0.051364365971107544,0.09363295880149813,0.07062600321027288,0.006420545746388443,0.04173354735152488,0.018726591760299626,0.002140181915462814,0.20278223649010166,0.010165864098448368,0.03156768325307651,0.04601391118245051,0.03584804708400214,0.21562332798287853,0.014446227929373997,0.0,0.15890850722311398,0.0,Бианки,Егоркины заботы
0.07754010695187166,0.10160427807486631,0.07005347593582888,0.0021390374331550803,0.05026737967914439,0.031016042780748664,0.0,0.232620320855615,0.006417112299465241,0.041176470588235294,0.0374331550802139,0.01229946524064171,0.19358288770053475,0.012834224598930482,0.0,0.13101604278074866,0.0,Бианки,Наши птицы
0.07712765957446809,0.10531914893617021,0.07074468085106383,0.002127659574468085,0.05106382978723404,0.030851063829787233,0.0,0.23404255319148937,0.006382978723404255,0.04042553191489362,0.03829787234042553,0.011702127659574468,0.18936170212765957,0.01276595744680851,0.0,0.12978723404255318,0.0,Бианки,Наши птицы
0.0677242220866382,0.08236729713239781,0.08175716900549115,0.01525320317266626,0.042098840756558877,0.025625381330079317,0.0,0.19158023184868822,0.006101281269066504,0.043319097010372176,0.07443563148261134,0.012812690665039659,0.1793776693105552,0.018303843807199512,0.0,0.15924344112263575,0.0,Бианки,Мышонок Пик
0.07955988150655946,0.09183241641980533,0.053322048243757934,0.0029623360135421074,0.06093948370715192,0.026237833262801522,0.0,0.26491747778247987,0.005501481168006771,0.03554803216250529,0.044011849344054166,0.010579771476936098,0.19297503173931443,0.010579771476936098,0.0,0.12103258569614897,0.0,Бианки,Наши птицы
0.07984790874524715,0.0779467680608365,0.05798479087452472,0.010456273764258554,0.06939163498098859,0.021863117870722433,0.0,0.21292775665399238,0.012357414448669201,0.053231939163498096,0.04847908745247148,0.0038022813688212928,0.20627376425855512,0.016159695817490494,0.0,0.12737642585551331,0.0019011406844106464,Бианки,"Метельки, или тысяча и один день"
0.04340836012861737,0.08118971061093247,0.07234726688102894,0.001607717041800643,0.028135048231511254,0.02652733118971061,0.0008038585209003215,0.15032154340836013,0.01929260450160772,0.04340836012861737,0.07234726688102894,0.03376205787781351,0.2909967845659164,0.014469453376205787,0.0,0.12138263665594855,0.0,Бианки,Прятки
0.053166536356528536,0.07349491790461297,0.06411258795934324,0.0023455824863174357,0.03674745895230649,0.00547302580140735,0.003909304143862392,0.1524628616106333,0.003127443315089914,0.04847537138389367,0.05238467552775606,0.0508209538702111,0.29632525410476934,0.014073494917904612,0.0,0.14308053166536355,0.0,Бианки,Как муравьишка домой спешил
0.05097365406643757,0.07846506300114547,0.05154639175257732,0.0028636884306987398,0.04982817869415808,0.012027491408934709,0.002290950744558992,0.1827033218785796,0.005154639175257732,0.046964490263459335,0.05555555555555555,0.04009163802978236,0.25372279495990835,0.010309278350515464,0.0,0.1563573883161512,0.001145475372279496,Бианки,Сказки зверолова
0.07711319822046465,0.07810182896688087,0.07365299060800791,0.007414730598121601,0.04695996045477014,0.028670291646070194,0.0009886307464162135,0.17152743450321306,0.009391992090954029,0.03707365299060801,0.0874938210578349,0.0004943153732081067,0.2263964409293129,0.014829461196243203,0.0,0.1398912506178942,0.0,Бианки,"Гогленок, или три мира"
0.04666272888363851,0.07501476668635558,0.05493207324276432,0.005316007088009451,0.0490253987005316,0.014766686355581808,0.0011813349084465446,0.19255759007678677,0.0035440047253396337,0.044300059066745424,0.05847607796810396,0.02835203780271707,0.2587123449497933,0.010632014176018901,0.0,0.1559362079149439,0.0005906674542232723,Бианки,Сказки зверолова
0.06330597889800703,0.08792497069167643,0.05861664712778429,0.009378663540445486,0.05509964830011723,0.016412661195779603,0.0035169988276670576,0.2391559202813599,0.004689331770222743,0.03399765533411489,0.038686987104337635,0.0035169988276670576,0.20984759671746775,0.010550996483001172,0.0,0.16178194607268465,0.0035169988276670576,Бианки,Про двух охотников
0.04881656804733728,0.10305719921104536,0.0650887573964497,0.007889546351084813,0.042899408284023666,0.016272189349112426,0.0004930966469428008,0.21203155818540434,0.01232741617357002,0.034023668639053255,0.04881656804733728,0.03254437869822485,0.1937869822485207,0.01775147928994083,0.0,0.16420118343195267,0.0,Бианки,Егоркины заботы
0.09558823529411764,0.10477941176470588,0.06372549019607843,0.012867647058823529,0.041666666666666664,0.03308823529411765,0.0,0.2420343137254902,0.007965686274509803,0.017769607843137254,0.04779411764705882,0.0012254901960784314,0.16666666666666666,0.009191176470588236,0.0,0.15318627450980393,0.0024509803921568627,Бианки,Лесные разведчики
0.04871060171919771,0.08739255014326648,0.06876790830945559,0.004297994269340974,0.04512893982808023,0.030802292263610316,0.0,0.19412607449856734,0.00501432664756447,0.05515759312320917,0.07378223495702006,0.013610315186246419,0.2148997134670487,0.017191977077363897,0.0,0.14111747851002865,0.0,Бианки,Лупленый бочонок
0.05194805194805195,0.07987012987012987,0.06038961038961039,0.003246753246753247,0.048051948051948054,0.011688311688311689,0.001948051948051948,0.18571428571428572,0.004545454545454545,0.04220779220779221,0.06428571428571428,0.023376623376623377,0.2525974025974026,0.013636363636363636,0.0,0.1564935064935065,0.0,Бианки,Синичкин календарь
0.058231868713605084,0.09528851244044469,0.07834833245103229,0.013763896241397565,0.05082053996823716,0.02223398623610376,0.0,0.18951826363155108,0.0037056643726839597,0.04287983059820011,0.08258337744838538,0.009528851244044468,0.17469560614081525,0.019587083112758072,0.0,0.15881418740074113,0.0,Бианки,Мышонок Пик
0.07348029392117568,0.09218436873747494,0.052772211088844355,0.006012024048096192,0.04809619238476954,0.018036072144288578,0.0013360053440213762,0.20040080160320642,0.006012024048096192,0.03139612558450234,0.047428189712758854,0.02404809619238477,0.23981295925183702,0.01068804275217101,0.0,0.14696058784235136,0.0013360053440213762,Бианки,Сказки зверолова
0.06026058631921824,0.07166123778501629,0.04804560260586319,0.0024429967426710096,0.03420195439739414,0.026058631921824105,0.0024429967426710096,0.18241042345276873,0.008143322475570033,0.035830618892508145,0.052931596091205214,0.033387622149837134,0.2728013029315961,0.013843648208469055,0.0,0.15553745928338764,0.0,Бианки,Воспитанники
0.058213716108452954,0.07177033492822966,0.049441786283891544,0.003189792663476874,0.03269537480063796,0.024720893141945772,0.0023923444976076554,0.17703349282296652,0.008771929824561403,0.03668261562998405,0.05342902711323764,0.03269537480063796,0.27352472089314195,0.014354066985645933,0.0,0.16108452950558214,0.0,Бианки,Воспитанники
0.05126498002663116,0.08921438082556592,0.06391478029294274,0.009986684420772303,0.05992010652463382,0.021970705725699067,0.0006657789613848203,0.177762982689747,0.008655126498002663,0.02596537949400799,0.08588548601864181,0.033288948069241014,0.1870838881491345,0.015978695073235686,0.0,0.16844207723035953,0.0,Бианки,Кукушонок
0.06148055207026349,0.06900878293601004,0.07465495608531995,0.011292346298619825,0.04140526976160602,0.02383939774153074,0.0006273525721455458,0.1725219573400251,0.006900878293601004,0.04015056461731493,0.07528230865746549,0.024466750313676285,0.23588456712672523,0.01756587202007528,0.0,0.14491844416562108,0.0,Бианки,Оранжевое горлышко
0.09338747099767981,0.09802784222737819,0.07482598607888631,0.016241299303944315,0.03596287703016241,0.025522041763341066,0.0,0.2111368909512761,0.01160092807424594,0.024361948955916472,0.07250580046403712,0.010440835266821345,0.15777262180974477,0.015661252900232018,0.0,0.1525522041763341,0.0,Бианки,Мышонок Пик
0.03685368536853685,0.08030803080308031,0.06930693069306931,0.00605060506050605,0.05555555555555555,0.03135313531353135,0.0,0.18701870187018702,0.0038503850385038503,0.040154015401540157,0.0814081408140814,0.019251925192519254,0.21232123212321233,0.0187018701870187,0.0,0.15786578657865788,0.0,Бианки,Воспитанники
0.050833333333333335,0.08333333333333333,0.07166666666666667,0.005833333333333334,0.03666666666666667,0.019166666666666665,0.0016666666666666668,0.15916666666666668,0.0075,0.059166666666666666,0.08166666666666667,0.006666666666666667,0.24833333333333332,0.019166666666666665,0.0,0.14833333333333334,0.0008333333333333334,Бианки,Тайна ночного леса
0.06330597889800703,0.08792497069167643,0.05861664712778429,0.009378663540445486,0.05509964830011723,0.016412661195779603,0.0035169988276670576,0.2391559202813599,0.004689331770222743,0.03399765533411489,0.038686987104337635,0.0035169988276670576,0.20984759671746775,0.010550996483001172,0.0,0.16178194607268465,0.0035169988276670576,Бианки,Про двух охотников
0.04923076923076923,0.08123076923076923,0.059076923076923075,0.009230769230769232,0.044307692307692305,0.024,0.0006153846153846154,0.16246153846153846,0.00676923076923077,0.05046153846153846,0.09784615384615385,0.010461538461538461,0.2356923076923077,0.019692307692307693,0.0,0.14892307692307694,0.0,Бианки,Лай
0.048721071863580996,0.07856272838002436,0.0828258221680877,0.004263093788063338,0.04080389768574909,0.023751522533495738,0.001218026796589525,0.17904993909866018,0.0060901339829476245,0.035931790499390985,0.06272838002436054,0.04080389768574909,0.22777101096224117,0.014616321559074299,0.0,0.15286236297198538,0.0,Бианки,Оранжевое горлышко
0.05243161094224924,0.06155015197568389,0.056990881458966566,0.008358662613981762,0.05851063829787234,0.02735562310030395,0.0,0.18085106382978725,0.003799392097264438,0.037993920972644375,0.07066869300911854,0.001519756838905775,0.29103343465045595,0.010638297872340425,0.0,0.13829787234042554,0.0,Бианки,Глупый вопросы
0.052046783625730994,0.08596491228070176,0.07602339181286549,0.004093567251461989,0.05263157894736842,0.01695906432748538,0.0005847953216374269,0.18011695906432748,0.0029239766081871343,0.03567251461988304,0.06023391812865497,0.019883040935672516,0.24385964912280703,0.01929824561403509,0.0,0.1497076023391813,0.0,Бианки,Синичкин календарь
0.07390417940876656,0.0779816513761468,0.0672782874617737,0.008664627930682976,0.05759429153924567,0.017329255861365953,0.0010193679918450561,0.18450560652395515,0.0030581039755351682,0.039755351681957186,0.07594291539245668,0.026503567787971458,0.21355759429153925,0.014271151885830785,0.0,0.13863404689092762,0.0,Бианки,Синичкин календарь
0.08021390374331551,0.09387997623291741,0.05525846702317291,0.008318478906714201,0.0481283422459893,0.015448603683897801,0.0011883541295306002,0.20083184789067143,0.0041592394533571005,0.026737967914438502,0.044563279857397504,0.0213903743315508,0.24301841948900774,0.011883541295306001,0.0,0.14497920380273321,0.0,Бианки,Сказки зверолова
0.060903732809430254,0.08382449246889326,0.06024885396201703,0.008513425016371971,0.04649639816633923,0.020301244269810084,0.0,0.1905697445972495,0.0045841519318926,0.043222003929273084,0.0595939751146038,0.0412573673870334,0.22855271774721678,0.007858546168958742,0.0,0.14407334643091027,0.0,Бианки,Егоркины заботы
0.07658779576587796,0.09028642590286426,0.060398505603985055,0.0043586550435865505,0.03424657534246575,0.028019925280199254,0.0,0.19613947696139478,0.008717310087173101,0.047322540473225407,0.07285180572851806,0.0024906600249066002,0.22104607721046077,0.0161892901618929,0.0,0.14134495641344957,0.0,Бианки,Мой хитрый сынишка
0.06205923836389281,0.10860366713681241,0.05500705218617771,0.0021156558533145277,0.03596614950634697,0.021156558533145273,0.0007052186177715092,0.19675599435825106,0.012693935119887164,0.04301833568406206,0.0846262341325811,0.0021156558533145277,0.22425952045133993,0.012693935119887164,0.0,0.1375176304654443,0.0007052186177715092,Бианки,Мой хитрый сынишка
0.05052005943536404,0.0787518573551263,0.05943536404160475,0.005943536404160475,0.036404160475482915,0.02823179791976226,0.003714710252600297,0.19167904903417535,0.0014858841010401188,0.04903417533432392,0.06612184249628529,0.014858841010401188,0.274888558692422,0.010401188707280832,0.0,0.12852897473997027,0.0,Бианки,Воспитанники
0.048734177215189876,0.09177215189873418,0.05189873417721519,0.006329113924050633,0.03481012658227848,0.012658227848101266,0.0006329113924050633,0.20253164556962025,0.006329113924050633,0.04810126582278481,0.04113924050632911,0.030379746835443037,0.2449367088607595,0.010126582278481013,0.0,0.16835443037974684,0.0012658227848101266,Бианки,Анютина Утка
0.07832512315270936,0.07783251231527094,0.07093596059113301,0.007389162561576354,0.04630541871921182,0.02857142857142857,0.0009852216748768472,0.1729064039408867,0.00935960591133005,0.03891625615763547,0.08669950738916256,0.0004926108374384236,0.22561576354679802,0.014778325123152709,0.0,0.14088669950738916,0.0,Бианки,"Гогленок, или три мира"
0.05680317040951123,0.059445178335535004,0.05746367239101717,0.007926023778071334,0.06274768824306473,0.022457067371202115,0.0,0.17569352708058125,0.0033025099075297227,0.042932628797886396,0.0772787318361955,0.001321003963011889,0.285336856010568,0.009247027741083224,0.0,0.1380449141347424,0.0,Бианки,Глупый вопросы
0.05889724310776942,0.08020050125313283,0.06954887218045112,0.008771929824561403,0.045112781954887216,0.021929824561403508,0.0018796992481203006,0.15350877192982457,0.005639097744360902,0.06015037593984962,0.07330827067669173,0.013157894736842105,0.2550125313283208,0.015037593984962405,0.0,0.13721804511278196,0.0006265664160401002,Бианки,Прятки
0.056493884682585906,0.07454863133372161,0.0687245195107746,0.0064065230052417,0.035527082119976704,0.035527082119976704,0.0034944670937682005,0.1875364006988934,0.004659289458357601,0.057076295864880604,0.06173558532323821,0.010483401281304601,0.23937099592312172,0.018637157833430402,0.0,0.1391962725684333,0.0005824111822947001,Бианки,Воспитанники
0.051130247578040904,0.08557588805166846,0.07642626480086114,0.008611410118406888,0.053283100107642624,0.01991388589881593,0.0,0.16792249730893433,0.00914962325080732,0.043595263724434875,0.07319698600645856,0.04413347685683531,0.20559741657696448,0.014531754574811625,0.0,0.14693218514531756,0.0,Бианки,Красная горка
0.07053571428571428,0.09821428571428571,0.06428571428571428,0.0035714285714285713,0.030357142857142857,0.017857142857142856,0.0,0.23125,0.0035714285714285713,0.019642857142857142,0.026785714285714284,0.011607142857142858,0.23660714285714285,0.013392857142857142,0.0,0.17232142857142857,0.0,Бианки,Небесный слон
0.07173678532901834,0.09816612729234088,0.07335490830636461,0.016181229773462782,0.043689320388349516,0.018338727076591153,0.0,0.21790722761596548,0.006472491909385114,0.03182308522114347,0.07173678532901834,0.012944983818770227,0.162891046386192,0.016181229773462782,0.0,0.15857605177993528,0.0,Бианки,Мышонок Пик
0.05887096774193548,0.07258064516129033,0.04838709677419355,0.0024193548387096775,0.03387096774193549,0.02661290322580645,0.0024193548387096775,0.1814516129032258,0.008064516129032258,0.035483870967741936,0.055645161290322584,0.03225806451612903,0.2725806451612903,0.013709677419354839,0.0,0.15564516129032258,0.0,Бианки,Воспитанники
0.0480225988700565,0.08615819209039548,0.015536723163841809,0.0,0.03672316384180791,0.012711864406779662,0.0014124293785310734,0.1850282485875706,0.0014124293785310734,0.02401129943502825,0.038135593220338986,0.1059322033898305,0.2768361581920904,0.005649717514124294,0.0,0.16242937853107345,0.0,Бианки,Росянка - комариная смерть
0.07842248413417952,0.08748866727107887,0.04895738893925657,0.001813236627379873,0.050770625566636446,0.027198549410698096,0.00045330915684496827,0.27107887579329104,0.004986400725294651,0.030371713508612876,0.034904805077062555,0.0058930190389845875,0.2230281051677244,0.01314596554850408,0.0,0.1214868540344515,0.0,Бианки,Наши птицы
0.06330597889800703,0.08792497069167643,0.05861664712778429,0.009378663540445486,0.05509964830011723,0.016412661195779603,0.0035169988276670576,0.2391559202813599,0.004689331770222743,0.03399765533411489,0.038686987104337635,0.0035169988276670576,0.20984759671746775,0.010550996483001172,0.0,0.16178194607268465,0.0035169988276670576,Бианки,Про двух охотников
0.05250452625226312,0.08871454435727218,0.07905853952926976,0.00724200362100181,0.05190102595051298,0.02172601086300543,0.0030175015087507543,0.18829209414604708,0.009052504526252263,0.04224502112251056,0.06216053108026554,0.0024140012070006035,0.23415811707905854,0.012070006035003017,0.0,0.14544357272178637,0.0,Бианки,Бешеный бельчонок
0.05281485780615206,0.08879860708067325,0.0702263493905978,0.005803830528148578,0.04062681369704005,0.015089959373186303,0.0023215322112594312,0.20255368543238536,0.009866511897852582,0.035983749274521186,0.04178757980266976,0.04004643064422519,0.2309924550203134,0.01044689495066744,0.0,0.1526407428903076,0.0,Бианки,Егоркины заботы
0.09747069710055521,0.10178901912399753,0.06909315237507711,0.013571869216533004,0.040715607649599014,0.027760641579272053,0.0,0.24367674275138804,0.00863664404688464,0.01974090067859346,0.04380012338062924,0.001850709438618137,0.16841455891425047,0.011104256631708822,0.0,0.1499074645280691,0.0024676125848241827,Бианки,Лесные разведчики
0.06728538283062645,0.08120649651972157,0.024361948955916472,0.0,0.02320185614849188,0.01160092807424594,0.001160092807424594,0.22041763341067286,0.001160092807424594,0.019721577726218097,0.04640371229698376,0.04756380510440835,0.3004640371229698,0.0069605568445475635,0.0,0.14849187935034802,0.0,Бианки,Теремок
0.07882599580712789,0.08259958071278826,0.050733752620545074,0.006289308176100629,0.05157232704402516,0.028092243186582808,0.0,0.2524109014675052,0.011320754716981131,0.04150943396226415,0.04318658280922432,0.0037735849056603774,0.20754716981132076,0.018448637316561847,0.0,0.12368972746331237,0.0,Бианки,Наши птицы
0.04885654885654886,0.07172557172557173,0.07796257796257797,0.010395010395010396,0.0498960498960499,0.02130977130977131,0.0015592515592515593,0.1632016632016632,0.013513513513513514,0.038461538461538464,0.06860706860706861,0.032224532224532226,0.2260914760914761,0.018711018711018712,0.0,0.15748440748440748,0.0,Бианки,Оранжевое горлышко
0.045797413793103446,0.08351293103448276,0.06519396551724138,0.005926724137931034,0.046875,0.02586206896551724,0.0,0.20474137931034483,0.00646551724137931,0.04202586206896552,0.0668103448275862,0.015086206896551725,0.2252155172413793,0.01993534482758621,0.0,0.14655172413793102,0.0,Бианки,Воспитанники
0.049493813273340834,0.06636670416197975,0.06411698537682789,0.011811023622047244,0.046681664791901015,0.02249718785151856,0.0005624296962879641,0.17716535433070865,0.00562429696287964,0.03824521934758155,0.06749156355455568,0.023622047244094488,0.2435320584926884,0.01799775028121485,0.0,0.16479190101237345,0.0,Бианки,Оранжевое горлышко
0.04747774480712166,0.07640949554896143,0.06008902077151335,0.0051928783382789315,0.037091988130563795,0.02596439169139466,0.00370919881305638,0.1847181008902077,0.001483679525222552,0.05118694362017804,0.06899109792284866,0.016320474777448073,0.2878338278931751,0.009643916913946587,0.0,0.12388724035608309,0.0,Бианки,Воспитанники
0.07950530035335689,0.09422850412249706,0.05418138987043581,0.008244994110718492,0.048292108362779744,0.015312131919905771,0.001177856301531213,0.20318021201413428,0.004122497055359246,0.026501766784452298,0.044169611307420496,0.02120141342756184,0.24263839811542992,0.011778563015312132,0.0,0.14546525323910484,0.0,Бианки,Сказки зверолова
0.07053571428571428,0.08258928571428571,0.06964285714285715,0.010714285714285714,0.04776785714285714,0.033928571428571426,0.0004464285714285714,0.17857142857142858,0.009821428571428571,0.044196428571428574,0.09241071428571429,0.0013392857142857143,0.2044642857142857,0.014732142857142857,0.0,0.13883928571428572,0.0,Бианки,"Гогленок, или три мира"
0.05386620330147698,0.06516072980017376,0.02780191138140747,0.0034752389226759338,0.045178105994787145,0.02693310165073849,0.0034752389226759338,0.17723718505647262,0.0026064291920069507,0.03996524761077324,0.07993049522154648,0.044309296264118156,0.2797567332754127,0.01216333622936577,0.0,0.13814074717636837,0.0,Бианки,Дед Мороз и весна
0.04722056186491333,0.07650926479378362,0.05080693365212194,0.007172743574417215,0.049611476389719064,0.016138673042438732,0.0017931858936043037,0.19605499103407054,0.0035863717872086074,0.04184100418410042,0.05797967722653915,0.02869097429766886,0.2618051404662283,0.010759115361625823,0.0,0.14943215780035865,0.0005977286312014345,Бианки,Сказки зверолова
0.06883365200764818,0.06947100063734862,0.06564690885914595,0.008922880815806247,0.06692160611854685,0.019120458891013385,0.0012746972594008922,0.18419375398342894,0.0019120458891013384,0.04716379859783301,0.07648183556405354,0.023581899298916506,0.22179732313575526,0.014659018483110261,0.0,0.13001912045889102,0.0,Бианки,Синичкин календарь
0.07164948453608247,0.08453608247422681,0.0711340206185567,0.006701030927835051,0.049484536082474224,0.0288659793814433,0.0,0.2190721649484536,0.010309278350515464,0.05618556701030928,0.04896907216494845,0.004639175257731959,0.18711340206185567,0.018556701030927835,0.0,0.14278350515463917,0.0,Бианки,Наши птицы
0.052481460353679406,0.08670849971477468,0.0764403879064461,0.007986309184255563,0.052481460353679406,0.019965772960638905,0.0,0.16714204221334855,0.00912721049629207,0.0450656018254421,0.07415858528237307,0.04335424985738734,0.20079863091842556,0.014831717056474614,0.0,0.14945807187678267,0.0,Бианки,Красная горка
0.05028512182477968,0.08501814411612234,0.07102125453602903,0.008812856402280975,0.04821150855365474,0.02436495593571799,0.0,0.16951788491446346,0.005184033177812338,0.041472265422498704,0.08138932089165371,0.04095386210471747,0.2130637636080871,0.014515292897874546,0.0,0.14618973561430793,0.0,Бианки,Красная горка
0.08137583892617449,0.08640939597315436,0.051593959731543626,0.0025167785234899327,0.06501677852348993,0.02726510067114094,0.0,0.26593959731543626,0.00587248322147651,0.034395973154362415,0.04614093959731544,0.010906040268456376,0.19043624161073824,0.010067114093959731,0.0,0.12206375838926174,0.0,Бианки,Наши птицы
0.07409879839786382,0.08210947930574099,0.08277703604806408,0.014018691588785047,0.038050734312416554,0.025367156208277702,0.0,0.19826435246995994,0.006675567423230975,0.035380507343124167,0.0774365821094793,0.010680907877169559,0.17823765020026702,0.01335113484646195,0.0,0.16355140186915887,0.0,Бианки,Мышонок Пик
0.04104104104104104,0.05105105105105105,0.023023023023023025,0.0,0.022022022022022022,0.006006006006006006,0.002002002002002002,0.2222222222222222,0.001001001001001001,0.018018018018018018,0.03203203203203203,0.04504504504504504,0.3963963963963964,0.006006006006006006,0.0,0.13313313313313313,0.001001001001001001,Бианки,Птичьи разговоры
0.0715372907153729,0.08422120750887874,0.06646372399797057,0.008117706747843734,0.05428716387620497,0.0182648401826484,0.0010147133434804667,0.19533231861998984,0.0020294266869609334,0.0350076103500761,0.06443429731100964,0.0273972602739726,0.21511922881785894,0.013191273465246067,0.0,0.14358193810248604,0.0,Бианки,Синичкин календарь
0.06651506537805571,0.08811824900511654,0.07617964752700399,0.015918135304150087,0.04718590108015918,0.02785673678226265,0.0,0.1932916429789653,0.005685048322910745,0.04377487208641274,0.07447413303013076,0.01137009664582149,0.17453098351335986,0.018760659465605456,0.0,0.1563388288800455,0.0,Бианки,Мышонок Пик
0.053966189856957086,0.08972691807542263,0.0799739921976593,0.005201560468140442,0.0494148244473342,0.022756827048114433,0.003250975292587776,0.1905071521456437,0.009102730819245773,0.043563068920676205,0.05721716514954486,0.0019505851755526658,0.235370611183355,0.01235370611183355,0.0,0.14564369310793238,0.0,Бианки,Бешеный бельчонок
0.052805280528052806,0.09405940594059406,0.07260726072607261,0.0033003300330033004,0.041254125412541254,0.018151815181518153,0.0,0.24752475247524752,0.0033003300330033004,0.0231023102310231,0.01485148514851485,0.009900990099009901,0.25412541254125415,0.013201320132013201,0.0,0.15181518151815182,0.0,Бианки,Снежная книга
0.0485207100591716,0.07988165680473373,0.06390532544378698,0.010059171597633136,0.049112426035502955,0.02485207100591716,0.0,0.1680473372781065,0.007100591715976331,0.04378698224852071,0.09349112426035502,0.014792899408284023,0.22011834319526627,0.020710059171597635,0.0,0.15562130177514794,0.0,Бианки,Лай
0.05341246290801187,0.08664688427299704,0.07537091988130563,0.00771513353115727,0.05222551928783383,0.020771513353115726,0.0,0.1679525222551929,0.008902077151335312,0.04391691394658754,0.07359050445103858,0.04332344213649852,0.20059347181008902,0.01483679525222552,0.0,0.15074183976261127,0.0,Бианки,Красная горка
0.05125148986889154,0.08343265792610251,0.06197854588796186,0.009535160905840286,0.04529201430274136,0.023837902264600714,0.0005959475566150178,0.16746126340882003,0.0077473182359952325,0.04290822407628129,0.09117997616209773,0.012514898688915376,0.22586412395709177,0.02205005959475566,0.0,0.15435041716328962,0.0,Бианки,Лай
0.07660359944623904,0.08214120904476234,0.07014305491462852,0.008306414397784956,0.047531149053991695,0.032764190124596214,0.00046146746654360867,0.1767420396862021,0.010613751730503,0.04199353945546839,0.08998615597600369,0.0009229349330872173,0.20858329487771113,0.01384402399630826,0.0,0.1393631748961698,0.0,Бианки,"Гогленок, или три мира"
0.06615059817030261,0.09429978888106967,0.07037297677691766,0.007037297677691766,0.05489092188599578,0.0211118930330753,0.0014074595355383533,0.22448979591836735,0.007741027445460943,0.038001407459535536,0.054187192118226604,0.0049261083743842365,0.18296973961998592,0.012667135819845179,0.0,0.1597466572836031,0.0,Бианки,Маленькие рассказы
0.05419580419580419,0.06468531468531469,0.027972027972027972,0.0034965034965034965,0.045454545454545456,0.027097902097902096,0.0034965034965034965,0.17657342657342656,0.0026223776223776225,0.039335664335664336,0.08041958041958042,0.044580419580419584,0.27972027972027974,0.012237762237762238,0.0,0.1381118881118881,0.0,Бианки,Дед Мороз и весна
0.06992084432717678,0.09102902374670185,0.052110817941952506,0.013852242744063324,0.05408970976253298,0.018469656992084433,0.0006596306068601583,0.2328496042216359,0.008575197889182058,0.02704485488126649,0.05474934036939314,0.0,0.20976253298153033,0.012532981530343008,0.0,0.15435356200527706,0.0,Бианки,Где раки зимуют
0.05603448275862069,0.09213362068965517,0.07112068965517242,0.010775862068965518,0.04741379310344827,0.013469827586206896,0.0,0.19773706896551724,0.009159482758620689,0.04418103448275862,0.05980603448275862,0.036637931034482756,0.19773706896551724,0.010237068965517241,0.0,0.15355603448275862,0.0,Бианки,Егоркины заботы
0.038688524590163934,0.08065573770491803,0.05901639344262295,0.0013114754098360656,0.04918032786885246,0.01639344262295082,0.008524590163934427,0.19344262295081968,0.005901639344262295,0.037377049180327866,0.0419672131147541,0.0419672131147541,0.2544262295081967,0.01377049180327869,0.0,0.15737704918032788,0.0,Бианки,Латка
0.04323094425483504,0.048919226393629126,0.022753128555176336,0.0,0.02161547212741752,0.005688282138794084,0.0022753128555176336,0.22866894197952217,0.0011376564277588168,0.015927189988623434,0.027303754266211604,0.04778156996587031,0.39590443686006827,0.0034129692832764505,0.0,0.1342434584755404,0.0011376564277588168,Бианки,Птичьи разговоры
0.05807622504537205,0.08771929824561403,0.04900181488203267,0.0012099213551119178,0.03750756200846945,0.022988505747126436,0.0018148820326678765,0.21718088324258925,0.004234724742891712,0.03932244404113733,0.055051421657592255,0.01693889897156685,0.26497277676951,0.011494252873563218,0.0,0.132486388384755,0.0,Бианки,Воспитанники
0.052591463414634144,0.06173780487804878,0.057164634146341466,0.007621951219512195,0.0586890243902439,0.026676829268292682,0.0,0.18064024390243902,0.0038109756097560975,0.038109756097560975,0.0701219512195122,0.001524390243902439,0.2926829268292683,0.009908536585365854,0.0,0.13871951219512196,0.0,Бианки,Глупый вопросы
0.04604604604604605,0.07357357357357357,0.07907907907907907,0.007007007007007007,0.052552552552552555,0.02252252252252252,0.0015015015015015015,0.17167167167167166,0.015015015015015015,0.03853853853853854,0.06306306306306306,0.03053053053053053,0.22022022022022023,0.021521521521521522,0.0,0.15715715715715717,0.0,Бианки,Оранжевое горлышко
0.05203619909502263,0.08597285067873303,0.07013574660633484,0.004524886877828055,0.04694570135746606,0.02828054298642534,0.0,0.18721719457013575,0.004524886877828055,0.050339366515837106,0.07635746606334842,0.011312217194570135,0.22058823529411764,0.014705882352941176,0.0,0.14705882352941177,0.0,Бианки,Лупленый бочонок
0.04665825977301387,0.04791929382093316,0.021437578814627996,0.0,0.018915510718789406,0.0037831021437578815,0.0025220680958385876,0.23203026481715006,0.0012610340479192938,0.017654476670870115,0.02395964691046658,0.04287515762925599,0.39722572509457754,0.0037831021437578815,0.0,0.13871374527112232,0.0012610340479192938,Бианки,Птичьи разговоры
0.048761609907120744,0.08204334365325078,0.07430340557275542,0.005417956656346749,0.03869969040247678,0.02089783281733746,0.0015479876160990713,0.15789473684210525,0.009287925696594427,0.06037151702786378,0.07972136222910217,0.006191950464396285,0.24845201238390094,0.02089783281733746,0.0,0.14473684210526316,0.0007739938080495357,Бианки,Тайна ночного леса
0.07517204870301747,0.07411328745367919,0.06881948120698782,0.008999470619375331,0.06246691371095818,0.017469560614081524,0.0010587612493382743,0.1868713605082054,0.0026469031233456856,0.04235044997353097,0.07411328745367919,0.024351508734780307,0.21492853361566966,0.014293276866066702,0.0,0.1323451561672843,0.0,Бианки,Синичкин календарь
0.07247665629168519,0.08448199199644287,0.0706980880391285,0.010226767452200978,0.04757670075589151,0.03334815473543797,0.00044464206313917296,0.17785682525566918,0.008892841262783458,0.04313028012449978,0.09159626500666963,0.0013339261894175188,0.20497999110715873,0.014228546020453535,0.0,0.13872832369942195,0.0,Бианки,"Гогленок, или три мира"
0.05639097744360902,0.09398496240601503,0.07465091299677766,0.014500537056928034,0.04994629430719656,0.02201933404940924,0.0,0.1895810955961332,0.0037593984962406013,0.04296455424274973,0.08109559613319012,0.009129967776584319,0.17937701396348013,0.01933404940923738,0.0,0.16326530612244897,0.0,Бианки,Мышонок Пик
0.05252317198764161,0.08187435633367662,0.07157569515962925,0.004119464469618949,0.057157569515962924,0.02265705458290422,0.0,0.17713697219361482,0.004634397528321318,0.038619979402677654,0.0674562306900103,0.02059732234809475,0.2420185375901133,0.014933058702368692,0.0,0.1446961894953656,0.0,Бианки,Синичкин календарь
0.053119209388511425,0.08338480543545398,0.062384187770228534,0.004323656578134651,0.04817788758492897,0.00926497838171711,0.0018529956763434219,0.18282890673255095,0.0037059913526868438,0.04014823965410747,0.06732550957381099,0.021618282890673256,0.25138974675725756,0.013588634959851761,0.0,0.15688696726374304,0.0,Бианки,Синичкин календарь
0.06494325346784363,0.08764186633039092,0.0605296343001261,0.0025220680958385876,0.03909205548549811,0.02395964691046658,0.0018915510718789407,0.15699873896595207,0.004413619167717529,0.04665825977301387,0.058638083228247165,0.03783102143757881,0.2509457755359395,0.014501891551071878,0.0,0.1494325346784363,0.0,Бианки,Лесные домишки
0.07394519356241844,0.08351457155284907,0.053066550674206174,0.005219660722053067,0.05132666376685516,0.026533275337103087,0.0,0.2427142235754676,0.01087429317094389,0.045237059591126574,0.04480208786428882,0.0039147455415398,0.20487168334058287,0.017398869073510223,0.0,0.13658112222705523,0.0,Бианки,Наши птицы
0.10557070510323335,0.08414491624464356,0.046357615894039736,0.003506038176860148,0.051421893260615505,0.023763147643163226,0.00038955979742890534,0.2843786521231009,0.0019477989871445266,0.027269185820023373,0.03077522399688352,0.00584339696143358,0.22243864433190494,0.013245033112582781,0.0,0.09894818854694196,0.0,Бианки,Наши птицы
0.044233807266982623,0.08135860979462875,0.07187993680884676,0.001579778830963665,0.02764612954186414,0.026856240126382307,0.0007898894154818325,0.15165876777251186,0.018957345971563982,0.04344391785150079,0.07187993680884676,0.03317535545023697,0.29067930489731436,0.014218009478672985,0.0,0.12164296998420221,0.0,Бианки,Прятки
0.05799648506151142,0.07791446983011131,0.06678383128295255,0.01054481546572935,0.042765084944346804,0.028119507908611598,0.0005858230814294083,0.14645577035735208,0.007029876977152899,0.06561218512009373,0.07557117750439367,0.011716461628588167,0.24897480960749854,0.01698886936145284,0.0,0.14235500878734622,0.0005858230814294083,Бианки,Прятки
0.07785778577857785,0.09675967596759676,0.054455445544554455,0.0031503150315031502,0.0558055805580558,0.027452745274527453,0.0,0.26327632763276326,0.0049504950495049506,0.03555355535553555,0.045004500450045004,0.012601260126012601,0.19036903690369036,0.010801080108010801,0.0,0.12196219621962197,0.0,Бианки,Наши птицы
0.07097791798107256,0.10094637223974763,0.0683491062039958,0.002103049421661409,0.04942166140904311,0.03259726603575184,0.0,0.22187171398527866,0.005257623554153523,0.04784437434279706,0.04363827549947424,0.008937960042060988,0.19190325972660358,0.014721345951629864,0.0,0.14143007360672977,0.0,Бианки,Наши птицы
0.04767580452920143,0.07389749702026222,0.06376638855780692,0.008939213349225268,0.04290822407628129,0.020858164481525627,0.0005959475566150178,0.1466030989272944,0.007151370679380214,0.054231227651966626,0.11561382598331346,0.008939213349225268,0.24255065554231228,0.021454112038140644,0.0,0.14481525625744934,0.0,Бианки,Лай
0.027181688125894134,0.08726752503576538,0.030042918454935622,0.005722460658082976,0.030042918454935622,0.00715307582260372,0.00715307582260372,0.21316165951359084,0.0,0.05007153075822604,0.034334763948497854,0.04721030042918455,0.2861230329041488,0.005722460658082976,0.0,0.1688125894134478,0.0,Бианки,Сова
0.04712041884816754,0.10063990692262943,0.0564281559045957,0.005817335660267597,0.035485747527632346,0.01861547411285631,0.0011634671320535194,0.21058755090168702,0.011052937754508435,0.03781268179173938,0.0535194880744619,0.034904013961605584,0.20418848167539266,0.013379872018615475,0.0,0.16928446771378708,0.0,Бианки,Егоркины заботы
0.05144149236856981,0.09609949123798757,0.06331260599208592,0.006783493499152063,0.035613340870548335,0.018654607122668174,0.0011305822498586771,0.2035048049745619,0.011871113623516111,0.03674392312040701,0.05200678349349915,0.03674392312040701,0.2052006783493499,0.014132278123233465,0.0,0.16676088185415489,0.0,Бианки,Егоркины заботы
0.07984790874524715,0.0779467680608365,0.05798479087452472,0.010456273764258554,0.06939163498098859,0.021863117870722433,0.0,0.21292775665399238,0.012357414448669201,0.053231939163498096,0.04847908745247148,0.0038022813688212928,0.20627376425855512,0.016159695817490494,0.0,0.12737642585551331,0.0019011406844106464,Бианки,"Метельки, или тысяча и один день"
0.0501829587036069,0.09095661265028751,0.07422895974908521,0.009932043910088865,0.0465237846314689,0.012545739675901725,0.0,0.1913225300575013,0.00836382645060115,0.04756926293779404,0.06429691583899634,0.037114479874542604,0.1934134866701516,0.014113957135389441,0.0,0.15943544171458443,0.0,Бианки,Егоркины заботы
0.09473060982830077,0.10657193605683836,0.0615748963883955,0.010065127294256957,0.04085257548845471,0.03433984606275903,0.0,0.24215512137359385,0.0076968620485494375,0.017761989342806393,0.0497335701598579,0.0005920663114268798,0.1640023682652457,0.011841326228537596,0.0,0.1557134399052694,0.002368265245707519,Бианки,Лесные разведчики
0.035506778566817304,0.07617817947062622,0.051646223369916075,0.0012911555842479018,0.05293737895416398,0.02065848934796643,0.009683666881859263,0.19367333763718528,0.005810200129115558,0.03873466752743705,0.045190445448676564,0.045190445448676564,0.262750161394448,0.008392511297611363,0.0,0.15235635894125243,0.0,Бианки,Латка
0.05508262393590386,0.08062093139709564,0.06960440660991488,0.004506760140210316,0.06009013520280421,0.02553830746119179,0.0,0.17526289434151227,0.004506760140210316,0.04206309464196294,0.06609914872308463,0.02103154732098147,0.2373560340510766,0.016524787180771158,0.0,0.14171256885327993,0.0,Бианки,Синичкин календарь
0.04471299093655589,0.0755287009063444,0.053172205438066465,0.006042296072507553,0.04833836858006042,0.016314199395770394,0.0018126888217522659,0.19093655589123867,0.0036253776435045317,0.045317220543806644,0.056797583081571,0.03081570996978852,0.26586102719033233,0.010876132930513595,0.0,0.14924471299093656,0.0006042296072507553,Бианки,Сказки зверолова
0.04959514170040486,0.10121457489878542,0.06680161943319839,0.006578947368421052,0.044534412955465584,0.014676113360323886,0.0005060728744939271,0.20647773279352227,0.010121457489878543,0.03390688259109312,0.04908906882591093,0.03340080971659919,0.19939271255060728,0.018724696356275303,0.0,0.16497975708502025,0.0,Бианки,Егоркины заботы
0.07190549563430919,0.0847457627118644,0.0662557781201849,0.008217770929635337,0.054442732408834106,0.017976373908577297,0.001027221366204417,0.19619928094504366,0.002054442732408834,0.03543913713405239,0.0667693888032871,0.026194144838212634,0.21314843348741655,0.01335387776065742,0.0,0.14227015921931177,0.0,Бианки,Синичкин календарь
0.05502239283429303,0.0780550223928343,0.05566218809980806,0.003198976327575176,0.04990403071017274,0.01215611004478567,0.0019193857965451055,0.1836212412028151,0.005118362124120281,0.04286628278950736,0.06589891234804862,0.023672424824056303,0.2527191298784389,0.011516314779270634,0.0,0.15866922584772872,0.0,Бианки,Синичкин календарь
0.05811863391252247,0.07609346914319952,0.05632115038945476,0.007189934092270821,0.046135410425404436,0.016776512881965248,0.0011983223487118035,0.2025164769322948,0.0029958058717795086,0.0329538645895746,0.052726183343319355,0.022768124625524265,0.2678250449370881,0.012582384661473937,0.0,0.14379868184541642,0.0,Бианки,Сказки зверолова
0.052100840336134456,0.08571428571428572,0.031932773109243695,0.0067226890756302525,0.03865546218487395,0.01680672268907563,0.0033613445378151263,0.20336134453781513,0.005042016806722689,0.06050420168067227,0.043697478991596636,0.020168067226890758,0.2453781512605042,0.025210084033613446,0.0,0.16134453781512606,0.0,Бианки,Кто о чем поет
0.04911032028469751,0.08825622775800712,0.06832740213523132,0.004270462633451958,0.044839857651245554,0.030604982206405694,0.0,0.19501779359430604,0.00498220640569395,0.054804270462633455,0.07330960854092526,0.013523131672597865,0.21494661921708186,0.01708185053380783,0.0,0.1409252669039146,0.0,Бианки,Лупленый бочонок
0.07053571428571428,0.09821428571428571,0.06428571428571428,0.0035714285714285713,0.030357142857142857,0.017857142857142856,0.0,0.23125,0.0035714285714285713,0.019642857142857142,0.026785714285714284,0.011607142857142858,0.23660714285714285,0.013392857142857142,0.0,0.17232142857142857,0.0,Бианки,Небесный слон
0.050833333333333335,0.08333333333333333,0.07166666666666667,0.005833333333333334,0.03666666666666667,0.019166666666666665,0.0016666666666666668,0.15916666666666668,0.0075,0.059166666666666666,0.08166666666666667,0.006666666666666667,0.24833333333333332,0.019166666666666665,0.0,0.14833333333333334,0.0008333333333333334,Бианки,Тайна ночного леса
0.048134777376654635,0.07581227436823104,0.052948255114320095,0.007220216606498195,0.048134777376654635,0.016245487364620937,0.0018050541516245488,0.1931407942238267,0.0036101083032490976,0.043922984356197355,0.056558363417569195,0.029482551143200964,0.2629362214199759,0.010830324909747292,0.0,0.1486161251504212,0.0006016847172081829,Бианки,Сказки зверолова
0.0480225988700565,0.08615819209039548,0.015536723163841809,0.0,0.03672316384180791,0.012711864406779662,0.0014124293785310734,0.1850282485875706,0.0014124293785310734,0.02401129943502825,0.038135593220338986,0.1059322033898305,0.2768361581920904,0.005649717514124294,0.0,0.16242937853107345,0.0,Бианки,Росянка - комариная смерть
0.06694560669456066,0.08906156604901375,0.07411835026897788,0.014943215780035863,0.04602510460251046,0.019127316198445904,0.0,0.22056186491332935,0.002988643156007173,0.0328750747160789,0.07053197848176927,0.012552301255230125,0.17692767483562463,0.014943215780035863,0.0,0.15839808726838014,0.0,Бианки,Мышонок Пик
0.04977029096477795,0.08116385911179173,0.07427258805513016,0.005359877488514548,0.03828483920367534,0.020673813169984685,0.0015313935681470138,0.15926493108728942,0.009188361408882083,0.05972434915773354,0.07963246554364471,0.006891271056661562,0.24808575803981622,0.020673813169984685,0.0,0.1447166921898928,0.0007656967840735069,Бианки,Тайна ночного леса
0.046539379474940336,0.08770883054892602,0.05608591885441527,0.010143198090692125,0.050119331742243436,0.026252983293556086,0.0,0.18973747016706444,0.007756563245823389,0.03639618138424821,0.07995226730310262,0.01909307875894988,0.20763723150357996,0.017899761336515514,0.0,0.16467780429594273,0.0,Бианки,Лай
0.04050355774493705,0.09140667761357417,0.0815544608648057,0.003284072249589491,0.04324028461959496,0.026272577996715927,0.0005473453749315818,0.17679255610290093,0.0049261083743842365,0.07006020799124248,0.07115489874110564,0.0016420361247947454,0.25068418171866447,0.016967706622879036,0.0,0.12096332785987958,0.0,Бианки,Прятки
0.07033492822966507,0.08373205741626795,0.06507177033492823,0.006220095693779904,0.05167464114832536,0.031578947368421054,0.0,0.22440191387559807,0.011004784688995215,0.05598086124401914,0.04880382775119617,0.0023923444976076554,0.1923444976076555,0.01722488038277512,0.0,0.13923444976076554,0.0,Бианки,Наши птицы
0.04218040233614536,0.07592472420506165,0.06878650227125244,0.003893575600259572,0.04866969500324465,0.016223231667748216,0.005840363400389357,0.19143413367942894,0.005840363400389357,0.03698896820246593,0.04218040233614536,0.03763789746917586,0.25243348475016225,0.016223231667748216,0.0,0.15574302401038287,0.0,Бианки,Латка
0.05113636363636364,0.09090909090909091,0.06463068181818182,0.009943181818181818,0.05965909090909091,0.02130681818181818,0.0007102272727272727,0.18110795454545456,0.009232954545454546,0.027698863636363636,0.0859375,0.03125,0.1846590909090909,0.014204545454545454,0.0,0.16761363636363635,0.0,Бианки,Кукушонок
0.06728538283062645,0.08120649651972157,0.024361948955916472,0.0,0.02320185614849188,0.01160092807424594,0.001160092807424594,0.22041763341067286,0.001160092807424594,0.019721577726218097,0.04640371229698376,0.04756380510440835,0.3004640371229698,0.0069605568445475635,0.0,0.14849187935034802,0.0,Бианки,Теремок
0.03318152244632401,0.07742355237475602,0.0494469746258946,0.001951854261548471,0.05204944697462589,0.02081977878985036,0.009759271307742356,0.1951854261548471,0.005855562784645413,0.03903708523096942,0.04619388418998048,0.044892648015614836,0.26219908913467793,0.008458035133376708,0.0,0.15354586857514638,0.0,Бианки,Латка
0.07471852610030706,0.09825997952917093,0.04332992152848857,0.00511770726714432,0.048106448311156604,0.019106107130672127,0.0,0.20539065165472534,0.010576595018764927,0.026953258273626747,0.05970658478335039,0.02524735585124531,0.2296144660525418,0.022176731490958716,0.0,0.130330945069942,0.001364721937905152,Гончаров,Обрыв
0.04924903946908837,0.07439748515543136,0.05378973105134474,0.007334963325183374,0.050296891372685996,0.030038421236465246,0.00034928396786587494,0.16905344044708348,0.0062871114215857496,0.03597624869018512,0.09640237513098149,0.01746419839329375,0.24240307369891723,0.019909186168354874,0.0,0.14634998253580161,0.0006985679357317499,Гончаров,Обрыв
0.03746530989824237,0.08048103607770583,0.057816836262719704,0.0064754856614246065,0.04070305272895467,0.022664199814986123,0.00046253469010175765,0.1517113783533765,0.0064754856614246065,0.03469010175763182,0.08649398704902868,0.035615171137835334,0.2567067530064755,0.019888991674375578,0.0,0.16234967622571692,0.0,Гончаров,Обрыв
0.03531073446327684,0.05649717514124294,0.05885122410546139,0.01224105461393597,0.03389830508474576,0.02024482109227872,0.0018832391713747645,0.11346516007532957,0.00423728813559322,0.07062146892655367,0.1059322033898305,0.04190207156308851,0.2806026365348399,0.015065913370998116,0.0,0.1487758945386064,0.00047080979284369113,Гончаров,Обрыв
0.049439683586025046,0.07415952537903757,0.05866842452208306,0.012524719841793012,0.046473302570863545,0.03098220171390903,0.0013183915622940012,0.15161502966381016,0.004943968358602505,0.04911008569545155,0.09887936717205009,0.022083058668424523,0.23829927488464073,0.02109426499670402,0.0,0.13348714568226763,0.006921555702043507,Гончаров,Обрыв
0.06232970027247956,0.07356948228882834,0.056198910081743866,0.0057901907356948225,0.04393732970027248,0.02077656675749319,0.0010217983651226157,0.17268392370572208,0.004768392370572207,0.039168937329700275,0.08957765667574932,0.01055858310626703,0.2615803814713896,0.013283378746594006,0.0,0.138283378746594,0.006471389645776567,Гончаров,Обрыв
0.027791563275434243,0.060049627791563275,0.05260545905707196,0.004962779156327543,0.03821339950372209,0.019851116625310174,0.0019851116625310174,0.12803970223325062,0.005459057071960298,0.04516129032258064,0.09280397022332507,0.03821339950372209,0.31017369727047145,0.01488833746898263,0.0,0.1598014888337469,0.0,Гончаров,Обрыв
0.060629316960859554,0.08135072908672294,0.052187260168841135,0.008058326937835763,0.04528012279355334,0.03491941673062164,0.0007674597083653108,0.15042210283960092,0.007674597083653108,0.04873369148119724,0.09516500383729855,0.03223330775134305,0.24328472755180353,0.01688411358403684,0.0,0.12240982348426707,0.0,Гончаров,Обрыв
0.045788336933045355,0.07645788336933046,0.057883369330453564,0.00734341252699784,0.03498920086393088,0.03628509719222462,0.00043196544276457883,0.1572354211663067,0.007775377969762419,0.038876889848812095,0.10151187904967603,0.023326133909287255,0.24535637149028078,0.020302375809935207,0.0,0.14643628509719223,0.0,Гончаров,Обрыв
0.03764172335600907,0.06712018140589569,0.053514739229024944,0.009977324263038548,0.04671201814058957,0.021768707482993196,0.0,0.13015873015873017,0.009070294784580499,0.05895691609977324,0.10521541950113379,0.029931972789115645,0.25804988662131517,0.019954648526077097,0.0,0.15192743764172337,0.0,Гончаров,Обрыв
0.0388646288209607,0.07641921397379912,0.053711790393013104,0.010043668122270743,0.03973799126637555,0.01834061135371179,0.0013100436681222707,0.13275109170305677,0.010480349344978166,0.04323144104803493,0.09082969432314411,0.04323144104803493,0.2663755458515284,0.016593886462882096,0.0,0.1406113537117904,0.017467248908296942,Гончаров,Обрыв
0.03571428571428571,0.058089500860585196,0.06497418244406196,0.01161790017211704,0.05464716006884682,0.019793459552495698,0.0004302925989672978,0.12005163511187608,0.00946643717728055,0.06325301204819277,0.10240963855421686,0.012048192771084338,0.270223752151463,0.02280550774526678,0.0,0.14845094664371772,0.006024096385542169,Гончаров,Обрыв
0.03525782282944028,0.07844865579550463,0.06170118995152049,0.010136624063464082,0.04363155575143235,0.021154693697664168,0.00044072278536800354,0.13794623182018512,0.007933010136624064,0.052886734244160426,0.09960334949316879,0.026443367122080213,0.254737769942706,0.01851035698545615,0.0,0.1507271925958572,0.00044072278536800354,Гончаров,Обрыв
0.04080774084981069,0.07656710138830458,0.05847707193941944,0.008413967185527976,0.03197307530500631,0.031131678586453514,0.0,0.13336137989061841,0.009676062263357174,0.04375262936474548,0.10938157341186369,0.02145561632309634,0.2608329827513673,0.01766933108960875,0.0,0.15523769457299116,0.0012620950778291964,Гончаров,Обрыв
0.045158821278224265,0.08993494068120934,0.05549177190968236,0.0057405281285878304,0.05434366628396479,0.019135093761959432,0.0003827018752391887,0.1729812476081133,0.006888633754305396,0.04247990815154994,0.07807118254879448,0.021431305013394564,0.2361270570225794,0.020283199387677,0.0,0.1515499425947187,0.0,Гончаров,Обрыв
0.02541026998411858,0.06934886183165696,0.04976177871889889,0.007411328745367919,0.039174166225516144,0.015881418740074114,0.0010587612493382743,0.13181577554261514,0.0010587612493382743,0.037056643726839596,0.1069348861831657,0.037586024351508734,0.2853361566966649,0.02011646373742721,0.0,0.17204870301746955,0.0,Гончаров,Обрыв
0.03391267486222976,0.07460788469690546,0.06316235693090293,0.0105977108944468,0.03899957609156422,0.027130139889783807,0.000847816871555744,0.13098770665536244,0.00635862653666808,0.04959728698601102,0.1301398897838067,0.015684612123781264,0.2530733361593896,0.01526070368800339,0.0,0.14879186095803307,0.000847816871555744,Гончаров,Обрыв
0.06263366941643751,0.08799266727772685,0.04796822487014971,0.006416131989000917,0.04766269477543538,0.029941949282004277,0.00030553009471432935,0.180873816070883,0.007332722273143905,0.04124656278643447,0.08371524595172625,0.021998166819431713,0.22823098075160403,0.015582034830430797,0.0,0.13718301252673387,0.0009165902841429881,Гончаров,Обрыв
0.03892668178382464,0.08049886621315193,0.05668934240362812,0.007558578987150416,0.04686318972033258,0.02305366591080877,0.0007558578987150416,0.15117157974300832,0.007180650037792895,0.05139833711262283,0.08654572940287227,0.035147392290249435,0.245275888133031,0.017762660619803475,0.0,0.14512471655328799,0.006046863189720333,Гончаров,Обрыв
0.06263366941643751,0.08860372746715552,0.04796822487014971,0.006416131989000917,0.04796822487014971,0.030553009471432937,0.0,0.18148487626031165,0.007332722273143905,0.040941032691720135,0.08402077604644058,0.021387106630003056,0.22700886037274673,0.016498625114573784,0.0,0.1362664222425909,0.0009165902841429881,Гончаров,Обрыв
0.04553734061930783,0.07395264116575592,0.06156648451730419,0.00947176684881603,0.05136612021857923,0.024043715846994537,0.00036429872495446266,0.13879781420765028,0.0069216757741347905,0.05901639344262295,0.11475409836065574,0.014571948998178506,0.2418943533697632,0.022586520947176687,0.0,0.13515482695810566,0.0,Гончаров,Обрыв
0.034213945430922474,0.06799480294499784,0.052403637938501516,0.007795582503248159,0.042009527934170635,0.022953659592897357,0.00129926375054136,0.12213079255088782,0.00519705500216544,0.04937202252057168,0.1043741879601559,0.052403637938501516,0.2546556951061065,0.02078822000866176,0.0,0.16154179298397575,0.0008661758336942399,Гончаров,Обрыв
0.06367713004484304,0.08011958146487294,0.053811659192825115,0.005680119581464873,0.05530642750373692,0.030792227204783258,0.00029895366218236175,0.18355754857997011,0.0020926756352765323,0.03976083707025411,0.08041853512705531,0.020029895366218235,0.20059790732436472,0.024514200298953664,0.0,0.15904334828101643,0.00029895366218236175,Гончаров,Обрыв
0.05126050420168067,0.07605042016806722,0.04957983193277311,0.007142857142857143,0.03907563025210084,0.03235294117647059,0.0008403361344537816,0.14201680672268907,0.01050420168067227,0.030672268907563024,0.08991596638655462,0.04243697478991597,0.26596638655462185,0.01134453781512605,0.0,0.1407563025210084,0.010084033613445379,Гончаров,Обрыв
0.06886574074074074,0.09635416666666667,0.048032407407407406,0.006944444444444444,0.0642361111111111,0.02546296296296296,0.0,0.21846064814814814,0.006655092592592593,0.032407407407407406,0.061342592592592594,0.019386574074074073,0.20601851851851852,0.020833333333333332,0.0,0.125,0.0,Гончаров,Обрыв
0.033707865168539325,0.06533499791926758,0.05784436121514773,0.009155222638368706,0.046608406158967955,0.019558884727424054,0.0008322929671244278,0.12817311693716188,0.014148980441115273,0.046192259675405745,0.10153974198918019,0.02372034956304619,0.25842696629213485,0.02247191011235955,0.0,0.14856429463171036,0.02372034956304619,Гончаров,Обрыв
0.04422700587084149,0.06379647749510763,0.05557729941291585,0.010567514677103719,0.0410958904109589,0.02857142857142857,0.0007827788649706458,0.12563600782778864,0.005870841487279843,0.05949119373776908,0.12524461839530332,0.014481409001956947,0.2551859099804305,0.023874755381604697,0.0,0.14403131115459883,0.0015655577299412916,Гончаров,Обрыв
0.043920480813684694,0.07350901525658807,0.06934812760055478,0.0106333795654184,0.03975959315765141,0.013869625520110958,0.0018492834026814608,0.13129912159038373,0.004160887656033287,0.043920480813684694,0.10124826629680998,0.019879796578825704,0.26583448913546,0.019417475728155338,0.0,0.1608876560332871,0.0004623208506703652,Гончаров,Обрыв
0.051926977687626774,0.08316430020283976,0.058823529411764705,0.006085192697768763,0.041379310344827586,0.022718052738336714,0.0012170385395537525,0.16795131845841785,0.005679513184584178,0.03975659229208925,0.07707910750507099,0.03813387423935091,0.2539553752535497,0.018255578093306288,0.0,0.13387423935091278,0.0,Гончаров,Обрыв
0.04046898638426626,0.07639939485627836,0.05219364599092285,0.009833585476550681,0.04311649016641452,0.0208018154311649,0.0011346444780635401,0.14523449319213314,0.009077155824508321,0.03668683812405446,0.08698940998487141,0.0416036308623298,0.2534039334341906,0.019288956127080183,0.0,0.14863842662632376,0.015128593040847202,Гончаров,Обрыв
0.0320097244732577,0.06888168557536467,0.05632090761750405,0.005672609400324149,0.03727714748784441,0.02471636952998379,0.0016207455429497568,0.130064829821718,0.012560777957860616,0.040113452188006486,0.1126418152350081,0.02471636952998379,0.26580226904376014,0.020664505672609402,0.0,0.1547811993517018,0.012155591572123177,Гончаров,Обрыв
0.04776958201615736,0.0867579908675799,0.053389532841587636,0.0066736916051984545,0.03758342114506498,0.022128556375131718,0.0007024938531787847,0.1612223393045311,0.007024938531787847,0.04636459430979979,0.08394801545486477,0.033368458025992274,0.2532490340709519,0.015806111696522657,0.0,0.14401123990165085,0.0,Гончаров,Обрыв
0.03568357695614789,0.0588993981083405,0.0644883920894239,0.011607910576096303,0.055460017196904556,0.020206362854686157,0.0004299226139294927,0.12080825451418745,0.009458297506448839,0.06319862424763542,0.10103181427343078,0.012037833190025795,0.2699914015477214,0.022785898538263114,0.0,0.14789337919174547,0.0060189165950128975,Гончаров,Обрыв
0.05741250491545419,0.081399921352733,0.0424695241840346,0.006291781360597719,0.053480141565080616,0.025167125442390876,0.0007864726700747149,0.20330318521431381,0.009044435705859222,0.03460479748328746,0.07550137632717263,0.013763271726307511,0.24341329138812426,0.019268580416830515,0.0,0.13094769956744004,0.0031458906802988595,Гончаров,Обрыв
0.057000262674021536,0.0790648804833202,0.06645652744943525,0.007880220646178092,0.062253743104806934,0.026004728132387706,0.0,0.1746782243236144,0.006829524560021014,0.028631468347780405,0.08825847123719464,0.016548463356973995,0.21013921723141582,0.024954032046230628,0.0,0.15103756238508012,0.0002626740215392698,Гончаров,Обрыв
0.05682163476147068,0.08386508659981769,0.061075660893345485,0.00881191127316925,0.04740200546946217,0.03372835004557885,0.0015192950470981465,0.14250987541780613,0.004861744150714068,0.04314797933758736,0.09480401093892434,0.025220297781829232,0.22212093588574902,0.024004861744150716,0.00030385900941962927,0.14919477362503797,0.0006077180188392585,Гончаров,Обрыв
0.03371343579573624,0.06693108577094695,0.06891422905304909,0.010907288051561725,0.04115022310361924,0.029251363411006447,0.0004957858205255329,0.11303916707982152,0.0034705007436787306,0.044124938026772434,0.11700545364402579,0.019335647000495785,0.27317798710956864,0.02528507684680218,0.0,0.1502231036192365,0.002974714923153198,Гончаров,Обрыв
0.05224111282843895,0.0794435857805255,0.05285935085007728,0.008964451313755796,0.04976816074188563,0.031221020092735703,0.0003091190108191654,0.16599690880989182,0.00927357032457496,0.033075734157650694,0.0884080370942813,0.029984544049459043,0.22905718701700153,0.021020092735703245,0.0,0.13539412673879445,0.012982998454404947,Гончаров,Обрыв
0.030227743271221533,0.062111801242236024,0.0650103519668737,0.005797101449275362,0.039337474120082816,0.018633540372670808,0.0033126293995859213,0.12049689440993788,0.007453416149068323,0.057971014492753624,0.0906832298136646,0.043478260869565216,0.2803312629399586,0.015320910973084885,0.0,0.15942028985507245,0.00041407867494824016,Гончаров,Обрыв
0.04054054054054054,0.07150900900900901,0.05405405405405406,0.003941441441441441,0.03322072072072072,0.017454954954954954,0.0005630630630630631,0.12612612612612611,0.009009009009009009,0.03322072072072072,0.13457207207207209,0.018581081081081082,0.2956081081081081,0.016891891891891893,0.0,0.1447072072072072,0.0,Гончаров,Обрыв
0.08051489146895507,0.08808682483594145,0.0524987380111055,0.008329126703685007,0.05527511357900051,0.031297324583543666,0.0,0.17364967188288744,0.005047955577990914,0.03962645128722867,0.08884401817264008,0.02170620898536093,0.19434628975265017,0.025996971226653204,0.0,0.1347804139323574,0.0,Гончаров,Обрыв
0.060665362035225046,0.09119373776908024,0.05009784735812133,0.0070450097847358124,0.050489236790606656,0.01722113502935421,0.0003913894324853229,0.18512720156555773,0.00821917808219178,0.03287671232876712,0.06927592954990215,0.029354207436399216,0.237573385518591,0.019569471624266144,0.0,0.14090019569471623,0.0,Гончаров,Обрыв
0.036260375709917,0.08038444735692442,0.051550895587592835,0.00655307994757536,0.033202271734381825,0.03058103975535168,0.0017474879860200961,0.14242027086063783,0.0069899519440803845,0.04412407164700743,0.13324595893403232,0.008300567933595456,0.254696373962429,0.01834862385321101,0.0,0.15159458278724333,0.0,Гончаров,Обрыв
0.030842745438748913,0.06559513466550826,0.06255430060816682,0.008688097306689836,0.03909643788010426,0.018679409209383144,0.0013032145960034753,0.12206776715899217,0.007384882710686359,0.06733275412684622,0.09687228496959166,0.04170286707211121,0.2732406602953953,0.013900955690703735,0.0,0.15030408340573415,0.0004344048653344917,Гончаров,Обрыв
0.05370843989769821,0.07563025210084033,0.061381074168797956,0.00803799780781878,0.05224698575082207,0.021921812203142127,0.0,0.1483375959079284,0.005480453050785532,0.046766532700036535,0.0979174278407015,0.016441359152356595,0.2433321154548776,0.0226525392765802,0.0,0.1461454146876142,0.0,Гончаров,Обрыв
0.046592894583576,0.07105416423995341,0.050669772859638904,0.0011648223645894002,0.04309842748980781,0.019801980198019802,0.0005824111822947001,0.12463599301106582,0.007571345369831101,0.0553290623179965,0.13686662783925452,0.014560279557367502,0.267909143855562,0.015142690739662202,0.0,0.14502038439138032,0.0,Гончаров,Обрыв
0.04963600264725347,0.07114493712772998,0.06088682991396426,0.013236267372600927,0.042356055592322965,0.032759761747187296,0.0009927200529450694,0.14956982131039048,0.0033090668431502318,0.05526141628060887,0.10622104566512243,0.01654533421575116,0.23792190602250166,0.022170747849106553,0.0,0.1369953673064196,0.0009927200529450694,Гончаров,Обрыв
0.060828877005347594,0.07754010695187166,0.061163101604278076,0.004010695187165776,0.04712566844919786,0.024732620320855617,0.001002673796791444,0.18449197860962566,0.0053475935828877,0.03776737967914438,0.08221925133689839,0.012032085561497326,0.24231283422459893,0.014705882352941176,0.0,0.14171122994652408,0.0030080213903743314,Гончаров,Обрыв
0.052417866371354746,0.08748615725359911,0.05389442598744924,0.008121077888519748,0.04835732742709487,0.03248431155407899,0.00036913990402362494,0.15614617940199335,0.004798818752307124,0.039128829826504244,0.10668143226282761,0.019195275009228498,0.22739018087855298,0.016611295681063124,0.0,0.14654854189737912,0.00036913990402362494,Гончаров,Обрыв
0.045912202980265805,0.0797422472815143,0.05074506645187273,0.01288763592428514,0.04470398711236408,0.02738622633910592,0.0004027386226339106,0.11719693918646798,0.004027386226339106,0.038662907772855415,0.14136125654450263,0.02698348771647201,0.23479661699556986,0.02577527184857028,0.0,0.14941602899718082,0.0,Гончаров,Обрыв
0.04342768514928267,0.08065141527723924,0.04303993796044979,0.009693679720822024,0.04963164017060876,0.027142303218301668,0.00038774718883288094,0.14424195424583172,0.008530438154323382,0.051182628925940284,0.11167119038386972,0.03993796044978674,0.22760759984490112,0.02404032570763862,0.0,0.1384257464133385,0.00038774718883288094,Гончаров,Обрыв
0.03173851255329228,0.0502131691141639,0.05116058739933681,0.009474182851729039,0.03173851255329228,0.02179062055897679,0.005210800568450971,0.10279488394126006,0.016106110847939364,0.037896731406916156,0.11274277593557555,0.03221222169587873,0.31264803410705827,0.016106110847939364,0.0,0.14306016106110847,0.02510658455708195,Гончаров,Обрыв
0.05412455167916531,0.07988262145418976,0.05803716987283991,0.0097815454841865,0.05379850016302576,0.027714378871861754,0.00032605151613955004,0.16172155200521682,0.0078252363873492,0.040430388001304204,0.08933811542223671,0.023149657645908053,0.21649820671666123,0.023475709162047602,0.0,0.15259210955330943,0.0013042060645582002,Гончаров,Обрыв
0.04519559437903532,0.08393467527535131,0.05431067223699203,0.008355488036460312,0.03608051652107862,0.030003797949107482,0.0,0.15533611849601214,0.013672616786935056,0.037599696164071404,0.09722749715153817,0.027725028484618306,0.2369920243068743,0.017470565894417017,0.0,0.15533611849601214,0.0007595898214963919,Гончаров,Обрыв
0.054478976234003655,0.09250457038391224,0.04936014625228519,0.005850091407678245,0.043510054844606946,0.02157221206581353,0.0,0.18793418647166363,0.006581352833638025,0.03473491773308958,0.07568555758683729,0.02230347349177331,0.24314442413162707,0.018281535648994516,0.0,0.1436928702010969,0.00036563071297989033,Гончаров,Обрыв
0.023882113821138213,0.051829268292682924,0.056402439024390245,0.0040650406504065045,0.04014227642276423,0.022357723577235773,0.002540650406504065,0.11636178861788618,0.00508130081300813,0.049796747967479675,0.09095528455284553,0.043191056910569105,0.31859756097560976,0.018292682926829267,0.0,0.1565040650406504,0.0,Гончаров,Обрыв
0.023218142548596114,0.062095032397408205,0.052915766738660906,0.00755939524838013,0.03833693304535637,0.01565874730021598,0.0010799136069114472,0.11285097192224622,0.0010799136069114472,0.03995680345572354,0.11447084233261338,0.03941684665226782,0.2975161987041037,0.020518358531317494,0.0,0.17332613390928725,0.0,Гончаров,Обрыв
0.030545818728092138,0.05608412618928393,0.05908863294942414,0.007010515773660491,0.03204807210816224,0.01902854281422133,0.00200300450676014,0.09964947421131698,0.00801201802704056,0.05207811717576365,0.08813219829744617,0.05508262393590386,0.3059589384076114,0.01602403605408112,0.0,0.1627441161742614,0.006509764646970456,Гончаров,Обрыв
0.057446030003658985,0.08744968898646176,0.048298572996706916,0.006586169045005488,0.043907793633369926,0.029637760702524697,0.0007317965605561653,0.16245883644346873,0.005122575923893158,0.0380534211489206,0.10098792535675083,0.018660812294182216,0.2327113062568606,0.01609952433223564,0.0,0.15148188803512624,0.00036589828027808267,Гончаров,Обрыв
0.04555895865237366,0.06852986217457886,0.062021439509954056,0.01110260336906585,0.04747320061255743,0.031776416539050535,0.0,0.12480857580398162,0.0049770290964777945,0.05245022970903522,0.11294027565084226,0.011485451761102604,0.26531393568147016,0.0222052067381317,0.0,0.13935681470137826,0.0,Гончаров,Обрыв
0.03722504230118443,0.0580936266215454,0.06937394247038917,0.00676818950930626,0.03553299492385787,0.021996615905245348,0.0005640157924421884,0.08855047941342357,0.007896221094190638,0.07163000564015792,0.13874788494077833,0.02086858432036097,0.27918781725888325,0.018612521150592216,0.0,0.14438804286520024,0.0005640157924421884,Гончаров,Обрыв
0.05958083832335329,0.0751497005988024,0.052095808383233536,0.007784431137724551,0.046706586826347304,0.03263473053892216,0.0,0.1691616766467066,0.006586826347305389,0.03562874251497006,0.09011976047904191,0.017365269461077845,0.24281437125748503,0.02155688622754491,0.0,0.14281437125748503,0.0,Гончаров,Обрыв
0.038886433937251434,0.05700397702165267,0.05567830313742819,0.010163499779054353,0.0410958904109589,0.034909412284577994,0.0,0.10826336721166593,0.0061864781263809105,0.06098099867432612,0.12063632346442775,0.01104728236853734,0.2845779938135219,0.022978347326557666,0.0,0.14714980114891738,0.0004418912947414936,Гончаров,Обрыв
0.03821656050955414,0.07245222929936306,0.06568471337579618,0.006767515923566879,0.04339171974522293,0.029060509554140128,0.0,0.1337579617834395,0.004777070063694267,0.05652866242038217,0.11743630573248408,0.005971337579617835,0.2519904458598726,0.024681528662420384,0.0,0.14928343949044587,0.0,Гончаров,Обрыв
0.044100580270793034,0.06150870406189555,0.05841392649903288,0.01160541586073501,0.037911025145067695,0.027852998065764023,0.0011605415860735009,0.12147001934235976,0.005802707930367505,0.06150870406189555,0.12417794970986461,0.014700193423597678,0.2588007736943907,0.02437137330754352,0.0,0.1450676982591876,0.0015473887814313346,Гончаров,Обрыв
0.0842998585572843,0.08656294200848656,0.06195190947666195,0.013578500707213578,0.05799151343705799,0.026591230551626592,0.0,0.19207920792079208,0.008486562942008486,0.031683168316831684,0.07157001414427157,0.024045261669024046,0.19745403111739745,0.018953323903818955,0.0,0.12248939179632248,0.002263083451202263,Гончаров,Обрыв
0.04437273093989512,0.08713190802743041,0.053247277127874144,0.007260992335619202,0.04154901169826543,0.025413473174667203,0.0012101653892698668,0.12101653892698669,0.007260992335619202,0.045986284792254944,0.12827753126260588,0.018959257765227916,0.24808390480032272,0.021379588543767647,0.0,0.1472367890278338,0.0016135538523598225,Гончаров,Обрыв
0.036617262423714034,0.07018308631211857,0.05972101133391456,0.012641673931996512,0.03443766346992153,0.03007846556233653,0.0013077593722755014,0.12292938099389712,0.005666957279860506,0.05187445510026155,0.13469921534437662,0.011769834350479512,0.26242371403661724,0.015693112467306015,0.0,0.14952048823016564,0.00043591979075850045,Гончаров,Обрыв
0.04786641929499073,0.07272727272727272,0.06604823747680891,0.00927643784786642,0.041187384044526903,0.02040816326530612,0.0018552875695732839,0.12467532467532468,0.007792207792207792,0.04267161410018553,0.1012987012987013,0.027829313543599257,0.2653061224489796,0.02411873840445269,0.0,0.14137291280148423,0.0055658627087198514,Гончаров,Обрыв
0.05341246290801187,0.08143752060666007,0.06000659413122321,0.008242664029014177,0.050774810418727334,0.02044180679195516,0.0,0.17804154302670624,0.008902077151335312,0.050445103857566766,0.0771513353115727,0.019782393669634024,0.2222222222222222,0.024398285525881965,0.0,0.14474118034948896,0.0,Гончаров,Обрыв
0.07119901112484549,0.08281829419035847,0.050927070457354756,0.007663782447466007,0.052163164400494434,0.0380716934487021,0.0,0.17626699629171816,0.0069221260815822,0.03658838071693449,0.08504326328800989,0.025463535228677378,0.2103831891223733,0.02323856613102596,0.00024721878862793575,0.13250927070457355,0.0004944375772558715,Гончаров,Обрыв
0.038678485092667206,0.06406124093473006,0.0531829170024174,0.016921837228041903,0.047139403706688156,0.017727639000805803,0.0008058017727639,0.12731668009669622,0.010878323932312651,0.05600322320709106,0.10717163577759871,0.033037872683319904,0.26148267526188557,0.01813053988718775,0.0,0.14705882352941177,0.00040290088638195,Гончаров,Обрыв
0.07575757575757576,0.08878787878787879,0.06303030303030303,0.013030303030303031,0.05787878787878788,0.026363636363636363,0.0,0.18545454545454546,0.009696969696969697,0.03393939393939394,0.07242424242424242,0.026060606060606062,0.2012121212121212,0.017272727272727273,0.0,0.12757575757575756,0.0015151515151515152,Гончаров,Обрыв
0.03524627202892002,0.05919566199728875,0.06190691369182106,0.009489380930863081,0.042476276547672845,0.02033438770899232,0.0,0.11251694532309083,0.004518752824220515,0.0587437867148667,0.12562132851333033,0.032083145051965654,0.25214640759150475,0.028468142792589246,0.0,0.15725259828287394,0.0,Гончаров,Обрыв
0.050716648291069456,0.08232267548695332,0.04667401690554943,0.005880191106210952,0.04998162440279309,0.026460859977949284,0.001470047776552738,0.1804483645718486,0.011025358324145534,0.02793090775450202,0.08452774715178243,0.01800808526277104,0.24366041896361632,0.015803013597941933,0.0,0.15031238515251746,0.004777655273796398,Гончаров,Обрыв
0.04821037253469686,0.08071585098612126,0.04894083272461651,0.005113221329437546,0.04309715120525932,0.02556610664718773,0.0007304601899196494,0.1778670562454346,0.010226442658875092,0.02483564645726808,0.10007304601899196,0.009861212563915266,0.24799123447772095,0.016800584368151936,0.0,0.1585098612125639,0.0014609203798392988,Гончаров,Обрыв
0.036899389434563314,0.06902044066896734,0.05070347756835678,0.002920095566764003,0.05203079373506769,0.029731882134324396,0.0002654632333421821,0.1335280063711176,0.01274223520042474,0.038492168834616404,0.08043535970268118,0.03796124236793204,0.23785505707459517,0.024157154234138573,0.0,0.14281921953809398,0.0504380143350146,Гончаров,Обрыв
0.03587051618547681,0.06649168853893263,0.0542432195975503,0.013560804899387576,0.04461942257217848,0.018810148731408575,0.0,0.10148731408573929,0.004374453193350831,0.05818022747156605,0.14873140857392825,0.008311461067366578,0.279090113735783,0.021434820647419073,0.0,0.14304461942257218,0.0017497812773403325,Гончаров,Обрыв
0.04781009695753929,0.06486125041792043,0.052825142092945504,0.009027081243731194,0.044801069876295556,0.026746907388833167,0.0010030090270812437,0.14610498161150118,0.006352390504847877,0.052825142092945504,0.1009695753928452,0.02273487128050819,0.238716148445336,0.033099297893681046,0.0,0.1517886994316282,0.00033433634236041456,Гончаров,Обрыв
0.034400382226469184,0.05972288580984233,0.05255613951266125,0.004777830864787387,0.03153368370759675,0.022933588150979456,0.0,0.11944577161968466,0.002866698518872432,0.04921165790731008,0.13999044433827043,0.01098901098901099,0.2928810320114668,0.01433349259436216,0.0,0.1643573817486861,0.0,Гончаров,Обрыв
0.03676975945017182,0.0831615120274914,0.06838487972508592,0.007903780068728522,0.05189003436426117,0.01993127147766323,0.0010309278350515464,0.13848797250859107,0.006185567010309278,0.04020618556701031,0.10412371134020619,0.03127147766323024,0.22405498281786942,0.027491408934707903,0.0,0.15910652920962198,0.0,Гончаров,Обрыв
0.04897245299519021,0.07302142544818539,0.045474420638390904,0.005247048535198951,0.041101880192391776,0.024486226497595104,0.0008745080891998251,0.10668998688237866,0.004372540445999125,0.05859204197638828,0.13117621337997376,0.023174464363795364,0.2641014429383472,0.022737210319195452,0.0,0.14822912111937037,0.0017490161783996502,Гончаров,Обрыв
0.03686036426712923,0.07111882046834345,0.0585429314830876,0.012575888985255855,0.03642671292281006,0.031222896790980052,0.0013009540329575022,0.12792714657415438,0.006071118820468344,0.04856895056374675,0.13226366001734605,0.013876843018213356,0.2588898525585429,0.014310494362532523,0.0,0.14960971379011276,0.0004336513443191674,Гончаров,Обрыв
0.03684786574242977,0.08062750820868296,0.06895293688434878,0.008391098139365194,0.05363006202116016,0.01933600875592849,0.001459321415541773,0.13097409704487414,0.005837285662167092,0.039401678219627874,0.1054359722728931,0.03465888361911711,0.22911346224005838,0.02553812477198103,0.0,0.15979569500182414,0.0,Гончаров,Обрыв
0.023280996210070383,0.06334596643205198,0.05305901461829995,0.007579859231185706,0.03789929615592853,0.016242555495397944,0.0010828370330265296,0.11315646995127233,0.0010828370330265296,0.04006497022198159,0.11423930698429886,0.0384407146724418,0.2972387655657823,0.02057390362750406,0.0,0.17271250676773145,0.0,Гончаров,Обрыв
0.03696771174543753,0.0795507721104352,0.05147402901263454,0.014506317267197005,0.036499766027140855,0.02105755732335049,0.0009358914365933552,0.13102480112306972,0.003275620028076743,0.04913430042115115,0.11979410388394947,0.022461394478240523,0.2690687880205896,0.016846045858680395,0.0,0.14740290126345343,0.0,Гончаров,Обрыв
0.05410958904109589,0.08116438356164384,0.05034246575342466,0.00410958904109589,0.04657534246575343,0.028424657534246577,0.0006849315068493151,0.18972602739726027,0.010273972602739725,0.026027397260273973,0.09349315068493151,0.007191780821917808,0.23184931506849316,0.01643835616438356,0.00034246575342465754,0.15924657534246575,0.0,Гончаров,Обрыв
0.044243577545195055,0.08372978116079924,0.06422454804947669,0.005233111322549952,0.04186489058039962,0.02235965746907707,0.0004757373929590866,0.131779257849667,0.007611798287345386,0.04281636536631779,0.10799238820171266,0.01807802093244529,0.2764034253092293,0.012844909609895337,0.0,0.14034253092293053,0.0,Гончаров,Обрыв
0.05188284518828452,0.07531380753138076,0.05104602510460251,0.010460251046025104,0.04100418410041841,0.024267782426778243,0.0012552301255230125,0.16778242677824268,0.007112970711297071,0.04309623430962343,0.0794979079497908,0.022175732217573223,0.2615062761506276,0.014644351464435146,0.0,0.1489539748953975,0.0,Гончаров,Обрыв
0.05736860185503263,0.06973548608725524,0.04809343868086568,0.007557540364136035,0.046375815870834766,0.03984884919271728,0.0017176228100309172,0.1717622810030917,0.005839917554105119,0.046032291308828584,0.09824802473376847,0.009618687736173137,0.24115424252834078,0.018550326348333906,0.0,0.136722775678461,0.0013740982480247338,Гончаров,Обрыв
0.028766455387615797,0.05802047781569966,0.05899561189663579,0.0034129692832764505,0.04388103364212579,0.02145294978059483,0.0024378352023403218,0.13018039980497317,0.005850804485616773,0.046318868844466114,0.08971233544612384,0.035104826913700635,0.3022915650901999,0.017552413456850317,0.0,0.1560214529497806,0.0,Гончаров,Обрыв
0.04857030943987466,0.09048178613396005,0.057579318448883664,0.006658832745789268,0.043478260869565216,0.027810419114766942,0.0,0.15236976106541325,0.008225616921269096,0.0399529964747356,0.10027418723070897,0.04191147669408539,0.22875048962005484,0.01410105757931845,0.0,0.13944379161770465,0.0003916960438699569,Гончаров,Обрыв
0.04577691811734365,0.061895551257253385,0.05029013539651837,0.003223726627981947,0.04319793681495809,0.019987105093488073,0.0006447453255963894,0.11347517730496454,0.005802707930367505,0.059961315280464215,0.14571244358478402,0.012894906511927788,0.2759509993552547,0.015473887814313346,0.0,0.14571244358478402,0.0,Гончаров,Обрыв
0.0398422090729783,0.07534516765285997,0.06153846153846154,0.009861932938856016,0.052465483234714005,0.03116370808678501,0.0003944773175542406,0.1282051282051282,0.00631163708086785,0.048126232741617356,0.11755424063116371,0.024063116370808678,0.23550295857988165,0.016568047337278107,0.0,0.15305719921104535,0.0,Гончаров,Обрыв
0.04359430604982206,0.0791814946619217,0.05827402135231317,0.011565836298932384,0.046708185053380785,0.021352313167259787,0.00044483985765124553,0.14501779359430605,0.005338078291814947,0.046708185053380785,0.10275800711743772,0.023131672597864767,0.24555160142348753,0.02001779359430605,0.0,0.15035587188612098,0.0,Гончаров,Обрыв
0.053943452380952384,0.09375,0.04985119047619048,0.005952380952380952,0.04352678571428571,0.020833333333333332,0.0,0.19084821428571427,0.006696428571428571,0.03459821428571429,0.07477678571428571,0.023809523809523808,0.2421875,0.01711309523809524,0.0,0.14174107142857142,0.0003720238095238095,Гончаров,Обрыв
0.039227166276346606,0.05152224824355972,0.05503512880562061,0.012295081967213115,0.0351288056206089,0.02459016393442623,0.00117096018735363,0.12295081967213115,0.004098360655737705,0.05562060889929742,0.10187353629976581,0.02107728337236534,0.31030444964871196,0.024004683840749413,0.0,0.13934426229508196,0.001756440281030445,Гончаров,Обрыв
0.03884766477520733,0.06765604539502401,0.056307289393278045,0.018769096464426014,0.048886948930597994,0.029244871235268442,0.00043649061545176777,0.11872544740288084,0.005237887385421213,0.04757747708424269,0.13487560017459624,0.00785683107813182,0.2501091226538629,0.022697512003491925,0.0,0.15277171540811874,0.0,Гончаров,Обрыв
0.044715447154471545,0.07058388765705839,0.056910569105691054,0.008130081300813009,0.04951958610495196,0.02993348115299335,0.0,0.1319290465631929,0.008130081300813009,0.05321507760532151,0.11086474501108648,0.028455284552845527,0.22727272727272727,0.024390243902439025,0.0,0.15594974131559497,0.0,Гончаров,Обрыв
0.0632,0.0924,0.0544,0.0096,0.048,0.0252,0.0012,0.1896,0.0104,0.0376,0.0724,0.0112,0.2388,0.0148,0.0,0.1312,0.0,Гончаров,Обрыв
0.05624404194470925,0.08420718144264379,0.06259930092151256,0.008897362567524627,0.04607562758182396,0.033047346679377185,0.0019065776930409914,0.14013346043851288,0.004766444232602479,0.043533523991102635,0.09755322529393073,0.02669208770257388,0.22402287893231648,0.022243406418811566,0.00031776294884016526,0.14744200826183668,0.00031776294884016526,Гончаров,Обрыв
0.060111074812152894,0.0839594903626266,0.05880431231623652,0.008820646847435479,0.04998366546880104,0.022868343678536424,0.0006533812479581836,0.17804639006860504,0.005227049983665469,0.03854949362953283,0.08232603724273113,0.022868343678536424,0.22443645867363607,0.0199281280627246,0.0,0.1434171839268213,0.0,Гончаров,Обрыв
0.034861509073543455,0.06542502387774594,0.03724928366762178,0.008118433619866285,0.03772683858643744,0.029608404966571154,0.0,0.13753581661891118,0.0057306590257879654,0.054918815663801336,0.09216809933142311,0.05682903533906399,0.28653295128939826,0.013849092645654251,0.0,0.13276026743075453,0.0066857688634192934,Гончаров,Обрыв
0.03880718954248366,0.06699346405228758,0.053513071895424834,0.006535947712418301,0.0457516339869281,0.020016339869281044,0.0012254901960784314,0.1437908496732026,0.008169934640522876,0.06004901960784314,0.06944444444444445,0.04370915032679738,0.28022875816993464,0.016748366013071895,0.0,0.14256535947712418,0.0024509803921568627,Гончаров,Обрыв
0.05957943925233645,0.08683800623052959,0.05841121495327103,0.007009345794392523,0.05529595015576324,0.03387850467289719,0.0003894080996884735,0.16666666666666666,0.00895638629283489,0.05646417445482866,0.08216510903426791,0.022585669781931463,0.2336448598130841,0.016355140186915886,0.0,0.11059190031152648,0.0011682242990654205,Гончаров,Обрыв
0.04467194043741275,0.05909725453699395,0.05863192182410423,0.007445323406235459,0.03303862261516985,0.023731968357375524,0.0009306654257794323,0.12145183806421592,0.00604932526756631,0.049325267566309915,0.11633317822242904,0.01907864122847836,0.2931596091205212,0.020009306654257795,0.0,0.14564913913448116,0.0013959981386691485,Гончаров,Обрыв
0.08514190317195326,0.08653311074012243,0.06288258208124652,0.013077351140790205,0.05759599332220367,0.02587646076794658,0.0,0.1922648859209794,0.008903728436282694,0.03199777406789093,0.07150806900389538,0.023650528658875906,0.19727323316638842,0.018363939899833055,0.0,0.12242626599888703,0.0025041736227045075,Гончаров,Обрыв
0.06222501571338781,0.08390949088623507,0.053739786297925835,0.0028284098051539913,0.054682589566310495,0.02451288497800126,0.00031426775612822125,0.1835323695788812,0.0018856065367693275,0.03268384663733501,0.0842237586423633,0.016656191074795726,0.21275927089880578,0.019170333123821496,0.0,0.16656191074795726,0.00031426775612822125,Гончаров,Обрыв
0.048501178848097,0.07881441562815762,0.05119568878410239,0.010104412260020209,0.04648029639609296,0.026608285618053215,0.0006736274840013472,0.1340518693162681,0.008083529808016167,0.060626473560121255,0.12057931963624116,0.019872010778039743,0.22701246210845402,0.028292354328056584,0.0,0.1391040754462782,0.0,Гончаров,Обрыв
0.05674615152429822,0.08511922728644733,0.061273769996981586,0.009055236945366738,0.0479927558104437,0.03380621792936915,0.001509206157561123,0.1427709025052822,0.006036824630244492,0.04346513733776034,0.09387262300030184,0.025354663447026863,0.22064594023543616,0.02324177482644129,0.00030184123151222455,0.14820404467250226,0.0006036824630244491,Гончаров,Обрыв
0.040274599542334096,0.0782608695652174,0.06498855835240275,0.006407322654462242,0.034782608695652174,0.020137299771167048,0.0009153318077803204,0.1299771167048055,0.011441647597254004,0.037986270022883295,0.10297482837528604,0.027917620137299773,0.28100686498855837,0.016018306636155607,0.0,0.14279176201372998,0.004118993135011442,Гончаров,Обрыв
0.041278295605858856,0.06169551708832668,0.05503772747447847,0.007545494895694629,0.04837993786063027,0.024855747891699954,0.000887705281846427,0.1083000443852641,0.003550821127385708,0.05326231691078562,0.11273857079449623,0.03195739014647137,0.2769640479360852,0.018197958277851752,0.0,0.15534842432312473,0.0,Гончаров,Обрыв
0.036701860231272,0.058823529411764705,0.0759175465057818,0.009552538964303671,0.03569632981397687,0.016591251885369532,0.002011060834590246,0.11161387631975868,0.0030165912518853697,0.04675716440422323,0.12267471091000502,0.010558069381598794,0.28305681246857717,0.017094017094017096,0.0,0.16993464052287582,0.0,Гончаров,Обрыв
0.048465266558966075,0.0888529886914378,0.061066235864297255,0.008077544426494346,0.05331179321486268,0.027140549273021,0.0,0.1505654281098546,0.008077544426494346,0.048465266558966075,0.10436187399030694,0.018093699515347336,0.2235864297253635,0.019709208400646203,0.0,0.14022617124394185,0.0,Гончаров,Обрыв
0.05069984447900466,0.07651632970451011,0.05785381026438569,0.013063763608087092,0.04696734059097978,0.030482115085536547,0.001244167962674961,0.15614307931570762,0.005598755832037325,0.04696734059097978,0.09642301710730948,0.02270606531881804,0.232348367029549,0.02177293934681182,0.0,0.13468118195956455,0.006531881804043546,Гончаров,Обрыв
0.04912023460410557,0.07587976539589443,0.051319648093841645,0.004765395894428153,0.04728739002932551,0.028958944281524925,0.001466275659824047,0.1594574780058651,0.008797653958944282,0.032991202346041054,0.09420821114369501,0.023826979472140762,0.2569648093841642,0.020527859237536656,0.0,0.1436950146627566,0.0007331378299120235,Гончаров,Обрыв
0.045109780439121755,0.07065868263473053,0.05189620758483034,0.00998003992015968,0.05149700598802395,0.023552894211576848,0.0,0.1473053892215569,0.009580838323353293,0.05269461077844311,0.09620758483033932,0.030738522954091817,0.2439121756487026,0.017564870259481037,0.0,0.14930139720558883,0.0,Гончаров,Обрыв
0.047775346462436176,0.08205689277899343,0.04631655725747629,0.005835156819839533,0.04923413566739606,0.02698760029175784,0.0014587892049598833,0.1761487964989059,0.010940919037199124,0.029175784099197667,0.08606856309263311,0.020058351568198397,0.2461706783369803,0.016046681254558718,0.0,0.15098468271334792,0.004741064916119621,Гончаров,Обрыв
0.04865085854456255,0.08462796402289452,0.06541291905151267,0.009403107113654947,0.0437448896156991,0.02739165985282093,0.0,0.14758789860997548,0.008585445625511038,0.044153720359771054,0.08789860997547015,0.03434178250204415,0.22199509403107115,0.02044153720359771,0.0,0.15576451349141454,0.0,Гончаров,Обрыв
0.058695652173913045,0.07521739130434782,0.058695652173913045,0.00782608695652174,0.0391304347826087,0.023478260869565216,0.0017391304347826088,0.13826086956521738,0.010869565217391304,0.04043478260869565,0.08956521739130435,0.026521739130434784,0.27391304347826084,0.01608695652173913,0.0,0.12347826086956522,0.01608695652173913,Гончаров,Обрыв
0.04030115146147033,0.0841452612931798,0.05137289636846767,0.006200177147918512,0.03675819309123118,0.025686448184233834,0.0008857395925597874,0.12311780336581045,0.007971656333038087,0.04827280779450841,0.12400354295837024,0.01904340124003543,0.262621789193977,0.019929140832595216,0.0,0.1479185119574845,0.001771479185119575,Гончаров,Обрыв
0.030913348946135833,0.07400468384074942,0.06276346604215456,0.00936768149882904,0.03887587822014051,0.02622950819672131,0.000468384074941452,0.13676814988290398,0.008899297423887589,0.04028103044496487,0.12552693208430912,0.007962529274004685,0.25526932084309134,0.01826697892271663,0.0,0.16440281030444964,0.0,Гончаров,Обрыв
0.038645564961354434,0.07581891792418108,0.049687154950312847,0.013986013986013986,0.043798306956201696,0.025395656974604344,0.001472211998527788,0.15311004784688995,0.008097165991902834,0.039749723960250276,0.10047846889952153,0.01582627898417372,0.26610231873389767,0.015458225984541774,0.0,0.1479573058520427,0.004416635995583364,Гончаров,Обрыв
0.040453074433656956,0.08009708737864078,0.06593851132686084,0.007686084142394822,0.04733009708737864,0.024676375404530743,0.0012135922330097086,0.12014563106796117,0.0052588996763754045,0.05218446601941747,0.12419093851132686,0.017394822006472493,0.24676375404530745,0.0186084142394822,0.0,0.14805825242718446,0.0,Гончаров,Обрыв
0.050445103857566766,0.0712166172106825,0.057863501483679525,0.019287833827893175,0.04599406528189911,0.030786350148367954,0.000741839762611276,0.13909495548961423,0.010385756676557863,0.0448813056379822,0.11461424332344214,0.008902077151335312,0.23182492581602374,0.024480712166172106,0.0,0.14948071216617212,0.0,Гончаров,Обрыв
0.03333333333333333,0.06190476190476191,0.06493506493506493,0.012121212121212121,0.04155844155844156,0.01774891774891775,0.0012987012987012987,0.11038961038961038,0.011688311688311689,0.045454545454545456,0.10995670995670996,0.023809523809523808,0.26926406926406926,0.023376623376623377,0.0,0.14805194805194805,0.025108225108225107,Гончаров,Обрыв
0.05284810126582278,0.08227848101265822,0.05917721518987342,0.014556962025316455,0.053164556962025315,0.026582278481012658,0.00031645569620253165,0.16329113924050634,0.006645569620253164,0.04272151898734177,0.09367088607594937,0.020569620253164556,0.21835443037974683,0.019936708860759492,0.0,0.1458860759493671,0.0,Гончаров,Обрыв
0.052054794520547946,0.07045009784735812,0.05792563600782779,0.006653620352250489,0.052054794520547946,0.03874755381604697,0.0,0.17025440313111545,0.005479452054794521,0.04344422700587084,0.08414872798434442,0.030136986301369864,0.2207436399217221,0.019569471624266144,0.0,0.14794520547945206,0.0003913894324853229,Гончаров,Обрыв
0.0379746835443038,0.06372762985595809,0.05063291139240506,0.014840680925360105,0.04321257092972501,0.01964207769532955,0.0,0.1043212570929725,0.00392841553906591,0.05936272370144042,0.1501527717154081,0.007420340462680052,0.27586206896551724,0.02182453077258839,0.0,0.14535137494543868,0.001745962461807071,Гончаров,Обрыв
0.05127367733507512,0.07707380796864795,0.0519268451992162,0.007511430437622469,0.04996734160679295,0.031352057478772045,0.00032658393207054214,0.16884389288047028,0.009797517962116264,0.0310254735467015,0.08948399738732854,0.027106466361854997,0.23383409536250815,0.019268451992161987,0.0,0.13749183540169824,0.013716525146962769,Гончаров,Обрыв
0.0631768953068592,0.08273164861612516,0.05806257521058965,0.00631768953068592,0.05174488567990373,0.031287605294825514,0.00030084235860409147,0.17208182912154033,0.002707581227436823,0.03941034897713598,0.08664259927797834,0.019554753309265944,0.20517448856799037,0.026173285198555957,0.0,0.15433212996389892,0.00030084235860409147,Гончаров,Обрыв
0.03737166324435318,0.06078028747433265,0.05297741273100616,0.00944558521560575,0.04353182751540041,0.03367556468172485,0.0,0.1162217659137577,0.0053388090349075976,0.05626283367556468,0.11909650924024641,0.01273100616016427,0.27967145790554415,0.020123203285420943,0.0,0.15236139630390144,0.0004106776180698152,Гончаров,Обрыв
0.05933214072748957,0.0727489564698867,0.048598688133571856,0.007155635062611807,0.04740608228980322,0.03249850924269529,0.0,0.1735241502683363,0.006261180679785331,0.04114490161001789,0.08735837805605247,0.017590936195587357,0.24329159212880144,0.021168753726893263,0.0,0.1419200954084675,0.0,Гончаров,Обрыв
0.04727427597955707,0.08262350936967632,0.059625212947189095,0.00596252129471891,0.051959114139693355,0.03705281090289608,0.00042589437819420784,0.15587734241908008,0.010647359454855196,0.0600511073253833,0.08517887563884156,0.022572402044293016,0.2444633730834753,0.01746166950596252,0.0,0.11754684838160136,0.0012776831345826234,Гончаров,Обрыв
0.02947845804988662,0.06575963718820861,0.047619047619047616,0.006349206349206349,0.03582766439909297,0.026303854875283448,0.00045351473922902497,0.1365079365079365,0.004081632653061225,0.055782312925170066,0.08072562358276644,0.06031746031746032,0.29886621315192746,0.012698412698412698,0.0,0.1328798185941043,0.006349206349206349,Гончаров,Обрыв
0.051142546245919476,0.08523757707653247,0.06311207834602829,0.005077983315197679,0.042437431991294884,0.023939064200217627,0.0014508523757707653,0.17011244105912224,0.005803409503083061,0.03482045701849837,0.08269858541893363,0.03228146536089953,0.24483133841131666,0.018498367791077257,0.0,0.1381936887921654,0.0003627130939426913,Гончаров,Обрыв
0.03814935064935065,0.06534090909090909,0.052353896103896104,0.015827922077922076,0.049512987012987016,0.033685064935064936,0.0,0.11404220779220779,0.006493506493506494,0.052353896103896104,0.13433441558441558,0.022321428571428572,0.24391233766233766,0.023133116883116884,0.0,0.14853896103896103,0.0,Гончаров,Обрыв
0.0450656018254421,0.0713063320022818,0.04848830576155162,0.0005704506560182544,0.04278379920136908,0.019965772960638905,0.0,0.13120365088419852,0.00912721049629207,0.04620650313747861,0.13462635482030805,0.017683970336565887,0.2755276668568169,0.015972618368511125,0.0,0.1414717626925271,0.0,Гончаров,Обрыв
0.04173553719008265,0.06652892561983471,0.05454545454545454,0.0049586776859504135,0.03140495867768595,0.024793388429752067,0.0,0.12396694214876033,0.0024793388429752068,0.04049586776859504,0.13760330578512397,0.010743801652892562,0.28677685950413223,0.016115702479338842,0.0,0.1578512396694215,0.0,Гончаров,Обрыв
0.05178173719376392,0.0556792873051225,0.05734966592427617,0.006124721603563474,0.0378619153674833,0.021158129175946547,0.0,0.12472160356347439,0.0066815144766146995,0.061247216035634745,0.10690423162583519,0.022271714922048998,0.2900890868596882,0.019487750556792874,0.0,0.1364142538975501,0.0022271714922048997,Гончаров,Обрыв
0.03494347379239465,0.06474820143884892,0.06680369989722508,0.0051387461459403904,0.03237410071942446,0.017471736896197326,0.0010277492291880781,0.10842754367934224,0.0051387461459403904,0.06731757451181912,0.09815005138746145,0.02723535457348407,0.2949640287769784,0.015416238437821172,0.0,0.16084275436793422,0.0,Гончаров,Обрыв
0.04432348367029549,0.07542768273716952,0.04665629860031104,0.003110419906687403,0.04354587869362364,0.027216174183514776,0.0019440124416796269,0.16174183514774496,0.00933125972006221,0.027993779160186624,0.09447900466562986,0.0276049766718507,0.2698289269051322,0.01866251944012442,0.0,0.1426905132192846,0.005443234836702955,Гончаров,Обрыв
0.04244604316546763,0.08992805755395683,0.05647482014388489,0.007553956834532374,0.04748201438848921,0.023741007194244605,0.0,0.16942446043165468,0.004676258992805755,0.044964028776978415,0.08597122302158273,0.030215827338129497,0.23201438848920863,0.017266187050359712,0.0,0.14784172661870504,0.0,Гончаров,Обрыв
0.04330357142857143,0.05625,0.04598214285714286,0.007142857142857143,0.033928571428571426,0.026785714285714284,0.0004464285714285714,0.13883928571428572,0.005803571428571429,0.049107142857142856,0.12232142857142857,0.015178571428571428,0.29598214285714286,0.016517857142857143,0.0,0.140625,0.0017857142857142857,Гончаров,Обрыв
0.06319161327897496,0.08590564938846826,0.048048922539312755,0.0064065230052417,0.04863133372160745,0.034944670937682006,0.00029120559114735004,0.1945253348864298,0.006697728596389051,0.036983110075713456,0.08241118229470006,0.0157251019219569,0.22335468841001746,0.0168899242865463,0.0,0.13482818870122307,0.0011648223645894002,Гончаров,Обрыв
0.04274753379612715,0.0763609791742784,0.052612349287541105,0.00803799780781878,0.0464011691633175,0.020460358056265986,0.0010960906101571063,0.14979905005480454,0.008403361344537815,0.055900621118012424,0.06868834490317867,0.04420898794300329,0.2616002922908294,0.016441359152356595,0.0,0.14504932407745708,0.0021921812203142127,Гончаров,Обрыв
0.03945514325974636,0.08125880695162048,0.054015969938938466,0.00986378581493659,0.03428839830906529,0.028182245185533115,0.0004697040864255519,0.16063879755753874,0.0056364490371066224,0.03334899013621419,0.09628933771723815,0.025833724753405354,0.2512916862376703,0.02160638797557539,0.0,0.15782057303898545,0.0,Гончаров,Обрыв
0.0359257797078563,0.07264113699170943,0.06356099486774576,0.011448874851954205,0.03908409001184367,0.024871693643900513,0.00039478878799842083,0.1515988945913936,0.008685353335965259,0.04224240031583103,0.10067114093959731,0.0189498618239242,0.2348993288590604,0.030398736675878404,0.0,0.1646269245953415,0.0,Гончаров,Обрыв
0.036894273127753306,0.05616740088105727,0.06222466960352423,0.011013215859030838,0.040198237885462555,0.026982378854625552,0.0011013215859030838,0.1316079295154185,0.007158590308370044,0.051762114537444934,0.09801762114537445,0.023127753303964757,0.2841409691629956,0.022026431718061675,0.0,0.14757709251101322,0.0,Гончаров,Обрыв
0.04195549069682598,0.0868296242247355,0.05217074060561839,0.0072966070777088655,0.04779277635899307,0.024078803356439256,0.00036483035388544326,0.16672747172564759,0.003283473184968989,0.04815760671287851,0.0893834367019336,0.02991608901860635,0.23385625684056913,0.017511856986501276,0.0,0.15067493615468808,0.0,Гончаров,Обрыв
0.05023847376788553,0.07980922098569157,0.06232114467408585,0.009220985691573928,0.059141494435612084,0.023529411764705882,0.0,0.18282988871224165,0.006359300476947536,0.033386327503974564,0.08585055643879173,0.012082670906200318,0.22257551669316375,0.023529411764705882,0.0,0.14880763116057233,0.0003179650238473768,Гончаров,Обрыв
0.04513540621865597,0.057673019057171516,0.06018054162487462,0.009528585757271816,0.037111334002006016,0.024072216649949848,0.0,0.13239719157472418,0.003009027081243731,0.05366098294884654,0.10180541624874624,0.020561685055165497,0.29087261785356067,0.02156469408224674,0.0,0.1424272818455366,0.0,Гончаров,Обрыв
0.06482593037214886,0.09043617446978791,0.054821928771508606,0.010404161664665866,0.047619047619047616,0.024009603841536616,0.0012004801920768306,0.18887555022008803,0.010804321728691477,0.03681472589035614,0.07242897158863545,0.010804321728691477,0.24129651860744297,0.015606242496998799,0.0,0.13005202080832334,0.0,Гончаров,Обрыв
0.029978586723768737,0.059421841541755886,0.0658458244111349,0.009100642398286937,0.035331905781584586,0.02462526766595289,0.0016059957173447537,0.12205567451820129,0.008029978586723769,0.06316916488222699,0.10224839400428265,0.02462526766595289,0.28640256959314775,0.013383297644539615,0.0,0.15256959314775162,0.0016059957173447537,Гончаров,Обрыв
0.02400893355667225,0.047459519821328865,0.06309324399776661,0.009491903964265773,0.03461753210496929,0.026242322724734785,0.0005583472920156337,0.0893355667225014,0.0005583472920156337,0.05471803461753211,0.1474036850921273,0.02847571189279732,0.28364042434394193,0.02121719709659408,0.0,0.16917922948073702,0.0,Гончаров,Обрыв
0.03102422439439014,0.058648533786655334,0.060348491287717805,0.008074798130046749,0.04122396940076498,0.024224394390140246,0.0016999575010624734,0.11219719507012324,0.006374840628984276,0.04334891627709307,0.13769655758606034,0.011899702507437314,0.2889927751806205,0.022099447513812154,0.0,0.13982150446238845,0.012324691882702932,Гончаров,Обрыв
0.051041666666666666,0.09348958333333333,0.06510416666666667,0.008333333333333333,0.06328125,0.020572916666666666,0.0,0.18255208333333334,0.009375,0.03828125,0.0734375,0.016666666666666666,0.20130208333333333,0.024739583333333332,0.0,0.15182291666666667,0.0,Гончаров,Обрыв
0.04345749761222541,0.05778414517669532,0.049665711556829036,0.007640878701050621,0.03247373447946514,0.027220630372492838,0.0004775549188156638,0.1361031518624642,0.0052531041069723014,0.04823304680038205,0.1227316141356256,0.017191977077363897,0.29703915950334286,0.015281757402101241,0.0,0.13944603629417382,0.0,Гончаров,Обрыв
0.032335329341317366,0.0626746506986028,0.04750499001996008,0.013972055888223553,0.03992015968063872,0.024351297405189622,0.0007984031936127744,0.12375249500998003,0.006387225548902195,0.04630738522954092,0.11497005988023952,0.02155688622754491,0.281437125748503,0.021956087824351298,0.0,0.14850299401197606,0.013572854291417165,Гончаров,Обрыв
0.054550593555681176,0.08196721311475409,0.055398530243075186,0.013284341435839458,0.05624646693046919,0.02826455624646693,0.0,0.17552289429055964,0.004804974561899378,0.04381006218202374,0.09525155455059356,0.007631430186546071,0.21509327303561335,0.0211984171848502,0.0002826455624646693,0.14669304691916338,0.0,Гончаров,Обрыв
0.038253638253638256,0.07484407484407485,0.05862785862785863,0.019542619542619544,0.04282744282744283,0.03076923076923077,0.0004158004158004158,0.120997920997921,0.009563409563409564,0.047401247401247404,0.13056133056133057,0.006237006237006237,0.24241164241164243,0.023700623700623702,0.0,0.15384615384615385,0.0,Гончаров,Обрыв
0.06467338316542086,0.09652258693532662,0.05329866753331167,0.008449788755281119,0.04712382190445239,0.025674358141046474,0.0009749756256093598,0.19532011699707508,0.007474813129671758,0.03867403314917127,0.06564835879103022,0.011699707507312317,0.23561910952226195,0.015599610009749756,0.0,0.13292167695807605,0.00032499187520311994,Гончаров,Обрыв
0.06743295019157088,0.0789272030651341,0.05389527458492976,0.008684546615581098,0.054150702426564494,0.037547892720306515,0.0,0.167816091954023,0.0066411238825031926,0.04342273307790549,0.08710089399744572,0.0227330779054917,0.2140485312899106,0.0227330779054917,0.0,0.13435504469987228,0.0005108556832694764,Гончаров,Обрыв
0.03858921161825726,0.06721991701244813,0.05435684647302905,0.016182572614107885,0.04937759336099585,0.03402489626556016,0.0,0.11742738589211618,0.0053941908713692945,0.04979253112033195,0.13070539419087138,0.023236514522821577,0.24356846473029045,0.021576763485477178,0.0,0.14854771784232365,0.0,Гончаров,Обрыв
0.04723665564478035,0.07652338214454417,0.05526688710439301,0.00803023145961266,0.02975909305621162,0.02031176192725555,0.0014170996693434106,0.1502125649504015,0.004251299008030231,0.0396787907416155,0.09636277751535191,0.03164855928200284,0.273972602739726,0.0136986301369863,0.0,0.15162966461974492,0.0,Гончаров,Обрыв
0.03839869281045752,0.06658496732026144,0.05473856209150327,0.006535947712418301,0.04656862745098039,0.0196078431372549,0.0012254901960784314,0.14215686274509803,0.007761437908496732,0.06004901960784314,0.06944444444444445,0.04370915032679738,0.28104575163398693,0.016748366013071895,0.0,0.14297385620915032,0.0024509803921568627,Гончаров,Обрыв
0.050206327372764786,0.06533700137551582,0.05364511691884457,0.011004126547455296,0.04951856946354883,0.033356258596973866,0.000687757909215956,0.15646492434662998,0.01031636863823934,0.04401650618982118,0.0859697386519945,0.021664374140302613,0.2407152682255846,0.02579092159559835,0.0,0.1502751031636864,0.0010316368638239339,Гончаров,Обрыв
0.03934871099050204,0.06693803708729082,0.048846675712347354,0.006331976481230212,0.03844414292175486,0.03482587064676617,0.0009045680687471732,0.12663952962460426,0.0009045680687471732,0.04296698326549073,0.12618724559023067,0.015829941203075532,0.2831298055178652,0.014473089099954772,0.0,0.15422885572139303,0.0,Гончаров,Обрыв
0.05375668028921723,0.07293303992455202,0.05281358063502043,0.011317195850361521,0.0534423137378183,0.033322854448286705,0.00031436655139893113,0.17793146809179503,0.0044011317195850365,0.03615215341087708,0.10436969506444514,0.0022005658597925182,0.22225715183904432,0.022948758252121976,0.00031436655139893113,0.15152467777428483,0.0,Гончаров,Обрыв
0.03709591944886063,0.059353471118177,0.07154213036565978,0.01377848436671966,0.029146793852676205,0.02278749337572867,0.0010598834128245894,0.0990990990990991,0.006359300476947536,0.07684154742978272,0.13036565977742448,0.02066772655007949,0.27874933757286696,0.02278749337572867,0.0,0.13036565977742448,0.0,Гончаров,Обрыв
0.041549953314659195,0.0700280112044818,0.05695611577964519,0.007936507936507936,0.03314659197012138,0.03361344537815126,0.00046685340802987864,0.15172735760971054,0.007936507936507936,0.037815126050420166,0.10644257703081232,0.025676937441643323,0.2553688141923436,0.019140989729225025,0.0,0.15219421101774042,0.0,Гончаров,Обрыв
0.03360151443445338,0.06247042120208235,0.055844770468528156,0.006152389966871746,0.038334122101277804,0.021769995267392334,0.0,0.12399432087079981,0.00473260766682442,0.057264552768575484,0.10979649787032655,0.01893043066729768,0.29105537150970184,0.021769995267392334,0.0,0.1542830099384761,0.0,Гончаров,Обрыв
0.04055087987758225,0.07345065034429993,0.05470543228768172,0.008033664881407804,0.04820198928844682,0.019892884468247895,0.0011476664116296864,0.1465187452180566,0.008416220351951033,0.060443764345830146,0.07153787299158378,0.041315990818668706,0.2662586074980872,0.01568477429227238,0.0,0.14154552410099464,0.0022953328232593728,Гончаров,Обрыв
0.06046119235095613,0.09026996625421822,0.05568053993250844,0.00984251968503937,0.06074240719910011,0.032058492688413945,0.00028121484814398203,0.1690101237345332,0.007874015748031496,0.04190101237345332,0.07536557930258718,0.025028121484814397,0.21316085489313835,0.02109111361079865,0.0,0.13695163104611924,0.00028121484814398203,Гончаров,Обрыв
0.05228758169934641,0.07430340557275542,0.05710354317165463,0.004471964224286206,0.0412796697626419,0.033023735810113516,0.0,0.15720674234606122,0.005159958720330237,0.03164774681802546,0.10044719642242862,0.01582387340901273,0.2528379772961816,0.019951840385276916,0.0,0.1544547643618851,0.0,Гончаров,Обрыв
0.045587162654996356,0.06418672501823487,0.05397520058351568,0.010211524434719184,0.03574033552151714,0.024434719183078046,0.0010940919037199124,0.13785557986870897,0.006199854121079504,0.05215171407731583,0.10065645514223195,0.028446389496717725,0.2538293216630197,0.032093362509117436,0.0,0.15317286652078774,0.00036469730123997083,Гончаров,Обрыв
0.025620496397117692,0.06525220176140913,0.06285028022417935,0.01521216973578863,0.0500400320256205,0.02642113690952762,0.0,0.100080064051241,0.007205764611689352,0.05484387510008006,0.12209767814251402,0.05044035228182546,0.24299439551641314,0.027622097678142513,0.0,0.14931945556445156,0.0,Гончаров,Обрыв
0.05173004453579993,0.06646111682082904,0.05481329222336417,0.010962658444672833,0.050359712230215826,0.0342583076396026,0.0006851661527920521,0.16101404590613225,0.009249743062692703,0.042822884549503254,0.08735868448098665,0.0171291538198013,0.23364165810208976,0.02603631380609798,0.0,0.15244946899623157,0.0010277492291880781,Гончаров,Обрыв
0.03330522765598651,0.06197301854974705,0.06365935919055649,0.006323777403035413,0.03794266441821248,0.01770657672849916,0.002951096121416526,0.1205733558178752,0.007166947723440135,0.0602866779089376,0.09317032040472176,0.045531197301854974,0.2811973018549747,0.01391231028667791,0.0,0.1538785834738617,0.00042158516020236085,Гончаров,Обрыв
0.04151696606786427,0.08063872255489021,0.05469061876247505,0.009181636726546906,0.04630738522954092,0.023952095808383235,0.0,0.15129740518962076,0.005588822355289421,0.0375249500998004,0.10179640718562874,0.024351297405189622,0.24790419161676647,0.02155688622754491,0.0,0.1528942115768463,0.0007984031936127744,Гончаров,Обрыв
0.04,0.06666666666666667,0.04888888888888889,0.008,0.042222222222222223,0.02,0.0026666666666666666,0.13422222222222221,0.0017777777777777779,0.03422222222222222,0.10088888888888889,0.03866666666666667,0.2857777777777778,0.012888888888888889,0.0,0.16311111111111112,0.0,Булгаков,Мастер и Маргарита
0.03417044051049815,0.06545903664059284,0.05187319884726225,0.00699876492383697,0.03993412927130506,0.02181967888019761,0.002881844380403458,0.13050638122684233,0.0016467682173734047,0.03911074516261836,0.09057225195553725,0.05187319884726225,0.293124742692466,0.012350761630300536,0.0,0.1576780568135035,0.0,Булгаков,Мастер и Маргарита
0.057336854017351946,0.0920407393436439,0.05356469256884195,0.008298755186721992,0.04790645039607695,0.022632968691059976,0.0003772161448509996,0.1946435307431158,0.01018483591097699,0.036212749905695965,0.055450773293096944,0.033949453036589965,0.20935496039230478,0.016974726518294982,0.0,0.16107129385137683,0.0,Булгаков,Мастер и Маргарита
0.0548474314407107,0.0780224024719969,0.04789494013132484,0.013518733101583623,0.039397450753186555,0.019698725376593278,0.0003862495171881035,0.16106604866743918,0.005793742757821553,0.027037466203167246,0.08381614522981846,0.04519119351100811,0.23831595210505988,0.019698725376593278,0.0,0.1653147933565083,0.0,Булгаков,Мастер и Маргарита
0.04906666666666667,0.0672,0.07146666666666666,0.007466666666666667,0.0432,0.0272,0.0,0.15573333333333333,0.008533333333333334,0.055466666666666664,0.05333333333333334,0.03573333333333333,0.2592,0.016,0.0,0.1504,0.0,Булгаков,Мастер и Маргарита
0.0651840490797546,0.08588957055214724,0.05789877300613497,0.005751533742331288,0.03565950920245399,0.029524539877300613,0.0003834355828220859,0.15835889570552147,0.009202453987730062,0.036042944785276074,0.07783742331288343,0.0352760736196319,0.23427914110429449,0.018788343558282208,0.0,0.14992331288343558,0.0,Булгаков,Мастер и Маргарита
0.1145975443383356,0.0814006366530241,0.04001819008640291,0.002728512960436562,0.03228740336516599,0.008640291041382447,0.0036380172805820826,0.24238290131878126,0.004092769440654843,0.018644838562983174,0.021373351523419737,0.030923146884947704,0.2664847658026376,0.008185538881309686,0.0,0.12323783537971805,0.001364256480218281,Булгаков,Белая гвардия
0.0541890853189854,0.07609531129900077,0.04919292851652575,0.001921598770176787,0.048039969254419675,0.028823981552651805,0.001921598770176787,0.17140661029976942,0.0065334358186010764,0.04688700999231361,0.06302843966179862,0.03689469638739431,0.24058416602613375,0.020368946963873945,0.0,0.15411222136817831,0.0,Булгаков,Мастер и Маргарита
0.04110898661567878,0.07743785850860421,0.05736137667304015,0.005258126195028681,0.04349904397705545,0.01959847036328872,0.002390057361376673,0.1477055449330784,0.00621414913957935,0.04110898661567878,0.0788718929254302,0.0372848948374761,0.2853728489483748,0.01338432122370937,0.0,0.14340344168260039,0.0,Булгаков,Мастер и Маргарита
0.05495652173913043,0.07478260869565218,0.06747826086956522,0.00591304347826087,0.04765217391304348,0.03165217391304348,0.002434782608695652,0.16069565217391305,0.009043478260869564,0.04,0.08904347826086957,0.017391304347826087,0.23408695652173914,0.02191304347826087,0.0,0.14295652173913043,0.0,Булгаков,Мастер и Маргарита
0.08516177017478617,0.09222759390107847,0.06396429899590926,0.007065823726292302,0.04351059873558944,0.022313127556712532,0.0011156563778356265,0.19933060617329862,0.007809594644849386,0.030122722201561918,0.05355150613611008,0.021197471178876905,0.2227593901078468,0.01190033469691335,0.0,0.13796950539233915,0.0,Булгаков,Мастер и Маргарита
0.04470300061236987,0.06919779546846296,0.05756276791181874,0.003674219228413962,0.04041641151255358,0.019595835884874464,0.001224739742804654,0.14880587875076545,0.012859767299448868,0.04837721984078383,0.11083894672382119,0.00612369871402327,0.28413962033067974,0.017146356399265157,0.0,0.13227189222290264,0.003061849357011635,Булгаков,Морфий
0.052988554472233995,0.06994489190334888,0.06061890631623569,0.008054260279779568,0.040695209834675714,0.019923696481559984,0.001271725307333616,0.1797371767698177,0.0046629927935565915,0.035184400169563375,0.07587961000423908,0.020771513353115726,0.2573124205171683,0.01695633743111488,0.0,0.1559983043662569,0.0,Булгаков,Мастер и Маргарита
0.0428380187416332,0.07362784471218206,0.05823293172690763,0.004016064257028112,0.04484605087014726,0.02208835341365462,0.002677376171352075,0.15528781793842034,0.014725568942436412,0.04551539491298527,0.10508701472556894,0.008701472556894244,0.27242302543507363,0.01606425702811245,0.0,0.1291834002677376,0.004685408299866131,Булгаков,Морфий
0.05692007797270955,0.0810916179337232,0.04873294346978557,0.0050682261208577,0.04951267056530215,0.019103313840155945,0.0003898635477582846,0.19571150097465886,0.005458089668615985,0.03508771929824561,0.050292397660818715,0.020662768031189084,0.24990253411306043,0.015984405458089667,0.0,0.16569200779727095,0.0003898635477582846,Булгаков,Мастер и Маргарита
0.051373528362468786,0.07456296824830538,0.06671423474848377,0.007135212272565109,0.04637887977167321,0.03460577952194078,0.0007135212272565109,0.15019621833749555,0.007491972886193364,0.0424545130217624,0.10239029611130931,0.01712450945415626,0.2194077773813771,0.027113806635747414,0.0,0.15233678201926507,0.0,Булгаков,Мастер и Маргарита
0.07176420333190944,0.0773173857325929,0.049551473729175566,0.010252029047415635,0.03374626228107646,0.01794105083297736,0.0017086715079026058,0.1828278513455788,0.007261853908586074,0.031183255019222554,0.05339598462195643,0.04100811618966254,0.26270824434002565,0.015805211448099103,0.0,0.14352840666381889,0.0,Булгаков,Белая гвардия
0.07472613458528951,0.08411580594679187,0.06259780907668232,0.00782472613458529,0.051643192488262914,0.013693270735524257,0.000782472613458529,0.18348982785602505,0.006651017214397496,0.033646322378716745,0.05594679186228482,0.03834115805946792,0.22339593114241002,0.013693270735524257,0.0,0.14945226917057902,0.0,Булгаков,Белая гвардия
0.06507936507936508,0.09365079365079365,0.06388888888888888,0.007142857142857143,0.03888888888888889,0.021825396825396824,0.0003968253968253968,0.18095238095238095,0.008333333333333333,0.026984126984126985,0.06666666666666667,0.0373015873015873,0.23055555555555557,0.01507936507936508,0.0,0.14325396825396824,0.0,Булгаков,Мастер и Маргарита
0.04794520547945205,0.0642123287671233,0.04922945205479452,0.008561643835616438,0.04023972602739726,0.02440068493150685,0.0021404109589041095,0.1348458904109589,0.0025684931506849314,0.03809931506849315,0.0976027397260274,0.036815068493150686,0.2791095890410959,0.011986301369863013,0.0,0.1622431506849315,0.0,Булгаков,Мастер и Маргарита
0.06344253770150807,0.07280291211648465,0.050442017680707225,0.006760270410816433,0.0483619344773791,0.015600624024960999,0.0,0.15756630265210608,0.005720228809152366,0.045761830473218926,0.07332293291731669,0.04316172646905876,0.26625065002600107,0.02236089443577743,0.0005200208008320333,0.12740509620384816,0.0005200208008320333,Булгаков,Белая гвардия
0.06271268838113758,0.07146329606222654,0.06174039863879436,0.007292173067574137,0.04666990763247448,0.01798736023334954,0.0024307243558580457,0.17209528439474964,0.0053475935828877,0.0374331550802139,0.06465726786582401,0.03159941662615459,0.2625182304326689,0.014584346135148274,0.0,0.14146815751093825,0.0,Булгаков,Белая гвардия
0.08292340126493324,0.0966268446943078,0.05305692199578355,0.008081517919887562,0.04251581166549543,0.019676739283204497,0.0010541110330288123,0.19465917076598735,0.013352073085031623,0.03619114546732256,0.046380885453267746,0.04321855235418131,0.2213633169360506,0.014757554462403373,0.0,0.12614195361911454,0.0,Булгаков,Мастер и Маргарита
0.045335658238884045,0.06582388840453357,0.04838709677419355,0.013077593722755012,0.03792502179598954,0.016129032258064516,0.0008718395815170009,0.14472537053182213,0.004795117698343505,0.03007846556233653,0.09241499564080209,0.045335658238884045,0.25850043591979077,0.020924149956408022,0.0,0.17567567567567569,0.0,Булгаков,Мастер и Маргарита
0.07381889763779527,0.07874015748031496,0.04478346456692913,0.0063976377952755905,0.05561023622047244,0.020177165354330708,0.0034448818897637795,0.1732283464566929,0.0073818897637795275,0.040354330708661415,0.05856299212598425,0.03297244094488189,0.25541338582677164,0.014763779527559055,0.0,0.13385826771653545,0.0004921259842519685,Булгаков,Белая гвардия
0.05922551252847381,0.08580106302201974,0.058466211085801065,0.010250569476082005,0.044798785117691725,0.025056947608200455,0.0026575550493545936,0.16211085801063022,0.006454062262718299,0.039104024297646166,0.06605922551252848,0.04176157934700076,0.2422171602126044,0.02050113895216401,0.0,0.13553530751708429,0.0,Булгаков,Мастер и Маргарита
0.07091055600322321,0.09105560032232071,0.05962933118452861,0.007655116841257051,0.041901692183722805,0.026994359387590653,0.00201450443190975,0.19540692989524577,0.010475423045930701,0.0273972602739726,0.05962933118452861,0.038678485092667206,0.21394037066881547,0.015713134568896052,0.0,0.1385979049153908,0.0,Булгаков,Мастер и Маргарита
0.08193832599118943,0.086784140969163,0.05991189427312775,0.00881057268722467,0.04449339207048458,0.016740088105726872,0.001762114537444934,0.1748898678414097,0.007488986784140969,0.03480176211453744,0.059030837004405284,0.04757709251101322,0.2277533039647577,0.014537444933920705,0.0,0.13348017621145375,0.0,Булгаков,Белая гвардия
0.04689942678478374,0.07451797811360084,0.055758207399687336,0.010422094841063054,0.0297029702970297,0.01771756122980719,0.0010422094841063053,0.15007816571130797,0.003126628452318916,0.03543512245961438,0.07034914017717561,0.04898384575299635,0.279833246482543,0.014590932777488274,0.0,0.16102136529442418,0.0005211047420531526,Булгаков,Белая гвардия
0.08,0.10421052631578948,0.05052631578947368,0.009473684210526316,0.04912280701754386,0.015438596491228071,0.0007017543859649122,0.2249122807017544,0.010175438596491228,0.028070175438596492,0.03614035087719298,0.04280701754385965,0.2073684210526316,0.011578947368421053,0.0,0.12947368421052632,0.0,Булгаков,Белая гвардия
0.05887001185302252,0.07941525088897669,0.05768470960094824,0.01382852627419992,0.040300276570525484,0.023706045041485577,0.0007902015013828526,0.20189648360331885,0.006716712761754247,0.03555906756222837,0.0616357171078625,0.011457921770051362,0.22876333465033583,0.022125642038719872,0.0,0.15725009877518767,0.0,Булгаков,Мастер и Маргарита
0.06280428432327166,0.0759493670886076,0.04527750730282376,0.007302823758519961,0.05111976630963973,0.01557935735150925,0.0004868549172346641,0.1679649464459591,0.006815968841285297,0.04138266796494645,0.07838364167478092,0.033106134371957155,0.25121713729308665,0.02044790652385589,0.0004868549172346641,0.14118792599805258,0.0004868549172346641,Булгаков,Белая гвардия
0.055229547808077324,0.07559544356230584,0.06731101139109423,0.005868139454608215,0.04763548498446669,0.031066620642043494,0.002416292716603383,0.1625819813600276,0.009319986192613048,0.03969623748705557,0.0907835692095271,0.016568864342423197,0.23161891612012428,0.02243700379703141,0.0,0.1418709009319986,0.0,Булгаков,Мастер и Маргарита
0.052563550193881946,0.06850495476087894,0.052563550193881946,0.006031882809133994,0.04136148211977596,0.025420077552778975,0.003015941404566997,0.15682895303748384,0.005601034037052995,0.03576044808272297,0.07884532529082292,0.043515725980180955,0.25807841447651875,0.018957345971563982,0.0,0.15295131408875484,0.0,Булгаков,Мастер и Маргарита
0.060195852534562215,0.08266129032258064,0.06105990783410138,0.0066244239631336405,0.04608294930875576,0.018721198156682026,0.0008640552995391706,0.18173963133640553,0.007200460829493088,0.039746543778801845,0.07171658986175115,0.02534562211981567,0.22811059907834103,0.024193548387096774,0.0,0.14573732718894009,0.0,Булгаков,Мастер и Маргарита
0.06941907197661673,0.092802338326635,0.05918889294848374,0.00803799780781878,0.046766532700036535,0.026306174643770552,0.0021921812203142127,0.17025940811107051,0.0047497259773474606,0.037267080745341616,0.0650347095359883,0.037267080745341616,0.22542930215564486,0.018633540372670808,0.0,0.13664596273291926,0.0,Булгаков,Мастер и Маргарита
0.0514488468361916,0.06327616794795979,0.058545239503252515,0.00768775872264932,0.0384387936132466,0.012418687167356593,0.002365464222353637,0.13187463039621525,0.0059136605558840925,0.044352454169130695,0.06918982850384388,0.04553518628030751,0.309284447072738,0.017740981667652277,0.0,0.1419278533412182,0.0,Булгаков,Белая гвардия
0.061867935752528254,0.07555026769779893,0.037477691850089236,0.003569303985722784,0.045211183819155266,0.0148720999405116,0.00297441998810232,0.19095776323616895,0.00892325996430696,0.03509815585960738,0.03390838786436645,0.04283164782867341,0.27364663890541346,0.0148720999405116,0.0,0.15823914336704342,0.0,Булгаков,Белая гвардия
0.07428571428571429,0.08175824175824176,0.06285714285714286,0.008791208791208791,0.03736263736263736,0.012307692307692308,0.0013186813186813187,0.17934065934065935,0.007032967032967033,0.02065934065934066,0.054945054945054944,0.046153846153846156,0.24351648351648353,0.017582417582417582,0.00043956043956043956,0.15164835164835164,0.0,Булгаков,Белая гвардия
0.06817113305124589,0.09355900329102021,0.05829807240244476,0.009873060648801129,0.05453690644099671,0.017395392571697227,0.0018805829807240243,0.18946873530794547,0.005641748942172073,0.03008932769158439,0.044193700047014575,0.040432534085566525,0.2167371885284438,0.019275975552421252,0.0,0.15044663845792194,0.0,Булгаков,Белая гвардия
0.04594370860927152,0.07781456953642384,0.05380794701986755,0.009933774834437087,0.03849337748344371,0.026490066225165563,0.0012417218543046358,0.14610927152317882,0.006208609271523178,0.037251655629139076,0.08195364238410596,0.041390728476821195,0.25662251655629137,0.0173841059602649,0.0,0.15935430463576158,0.0,Булгаков,Мастер и Маргарита
0.03875968992248062,0.07461240310077519,0.06201550387596899,0.0048449612403100775,0.04215116279069767,0.0188953488372093,0.0029069767441860465,0.1385658914728682,0.007267441860465116,0.041666666666666664,0.07364341085271318,0.040697674418604654,0.3008720930232558,0.010174418604651164,0.0,0.1429263565891473,0.0,Булгаков,Мастер и Маргарита
0.04893617021276596,0.07393617021276595,0.054787234042553194,0.006382978723404255,0.034574468085106384,0.01702127659574468,0.0015957446808510637,0.1797872340425532,0.0005319148936170213,0.026063829787234042,0.06648936170212766,0.035106382978723406,0.275531914893617,0.010638297872340425,0.0,0.16702127659574467,0.0015957446808510637,Булгаков,Белая гвардия
0.06931464174454828,0.10514018691588785,0.05763239875389408,0.006230529595015576,0.05568535825545171,0.033099688473520246,0.0027258566978193145,0.16433021806853582,0.008177570093457943,0.04439252336448598,0.0646417445482866,0.052570093457943924,0.17873831775700935,0.015186915887850467,0.0,0.14213395638629284,0.0,Булгаков,Мастер и Маргарита
0.06738035264483627,0.07997481108312343,0.052267002518891686,0.006297229219143577,0.04030226700251889,0.022670025188916875,0.0025188916876574307,0.16435768261964737,0.012594458438287154,0.030856423173803528,0.0743073047858942,0.012594458438287154,0.3066750629722922,0.010705289672544081,0.0,0.11523929471032746,0.0012594458438287153,Булгаков,Морфий
0.04146011716989635,0.07751239296980622,0.05633168093735917,0.00946372239747634,0.03605227579990987,0.027039206849932402,0.0027039206849932404,0.13835060838215413,0.007210455159981974,0.03605227579990987,0.08156827399729608,0.044614691302388466,0.2672374943668319,0.019378098242451555,0.0,0.15502478593961244,0.0,Булгаков,Мастер и Маргарита
0.07455803228285934,0.08416602613374327,0.06264411990776327,0.007302075326671791,0.05188316679477325,0.014604150653343582,0.0007686395080707148,0.1840891621829362,0.006917755572636433,0.0334358186010761,0.056110684089162186,0.03843197540353574,0.22213681783243658,0.014219830899308224,0.0,0.14873174481168333,0.0,Булгаков,Белая гвардия
0.0624048706240487,0.0867579908675799,0.05707762557077625,0.004946727549467275,0.04680365296803653,0.023972602739726026,0.0,0.17465753424657535,0.007990867579908675,0.029299847792998476,0.05707762557077625,0.0517503805175038,0.22907153729071536,0.01902587519025875,0.0,0.1491628614916286,0.0,Булгаков,Мастер и Маргарита
0.04937570942111237,0.06469920544835414,0.060158910329171394,0.0028376844494892167,0.04086265607264472,0.027809307604994324,0.00170261066969353,0.15891032917139614,0.0170261066969353,0.04767309875141884,0.1112372304199773,0.004540295119182747,0.26787741203178206,0.02043132803632236,0.0,0.12485811577752554,0.0,Булгаков,Морфий
0.06823266219239374,0.07419835943325877,0.055182699478001494,0.006711409395973154,0.04958985831469053,0.023117076808351976,0.002609992542878449,0.17375093214019388,0.007457121551081283,0.041014168530947054,0.053691275167785234,0.040268456375838924,0.24608501118568232,0.019388516032811335,0.0,0.1383296047725578,0.0003728560775540641,Булгаков,Мастер и Маргарита
0.0765139116202946,0.09410801963993454,0.06751227495908348,0.009410801963993453,0.04541734860883797,0.016366612111292964,0.0008183306055646482,0.190671031096563,0.00900163666121113,0.031096563011456628,0.03927986906710311,0.029459901800327332,0.22340425531914893,0.019230769230769232,0.0,0.14770867430441897,0.0,Булгаков,Белая гвардия
0.07029662738724096,0.10686712718407151,0.059731816334823246,0.009345794392523364,0.04144656643640796,0.02519301097114994,0.0020316944331572532,0.19301097114993904,0.00690776107273466,0.033319788703778955,0.06176351076798049,0.026818366517675742,0.19788703778951647,0.014628199918732222,0.0,0.15075172694026817,0.0,Булгаков,Мастер и Маргарита
0.06252271901126863,0.09014903671392221,0.04798255179934569,0.003271537622682661,0.04907306434023991,0.027989821882951654,0.0018175209014903672,0.19447473645946928,0.009814612868047983,0.03962195565249001,0.05270810614322065,0.03307888040712468,0.21882951653944022,0.01708469647400945,0.0,0.1515812431842966,0.0,Булгаков,Мастер и Маргарита
0.047495682210708115,0.0651986183074266,0.050518134715025906,0.009067357512953367,0.04058721934369603,0.023316062176165803,0.002158894645941278,0.13126079447322972,0.0025906735751295338,0.03756476683937824,0.10060449050086356,0.03670120898100173,0.27936096718480136,0.011658031088082901,0.0,0.16191709844559585,0.0,Булгаков,Мастер и Маргарита
0.06331387516838796,0.1001347103726987,0.05972159856308936,0.010327795240233499,0.042209250112258644,0.019308486753480018,0.000898069151324652,0.20610687022900764,0.009878760664571173,0.03412662775033678,0.060170633138751685,0.022900763358778626,0.20969914683430624,0.013022002694207453,0.0,0.14818140996856757,0.0,Булгаков,Мастер и Маргарита
0.054957296695135535,0.07760861492759005,0.06683995544002971,0.007426661715558856,0.049758633494244336,0.027478648347567768,0.0025993316004456,0.15336056442629037,0.007797994801336799,0.04196063869290754,0.09134793910137393,0.01856665428889714,0.2421091719272187,0.021537318975120682,0.0,0.13665057556628296,0.0,Булгаков,Мастер и Маргарита
0.05250596658711217,0.08210023866348448,0.057756563245823386,0.009069212410501194,0.04677804295942721,0.031503579952267304,0.001431980906921241,0.15465393794749405,0.0042959427207637235,0.03818615751789976,0.11599045346062052,0.009069212410501194,0.21813842482100237,0.018138424821002388,0.0,0.160381861575179,0.0,Булгаков,Мастер и Маргарита
0.05896805896805897,0.07800982800982802,0.06388206388206388,0.007985257985257985,0.04176904176904177,0.02457002457002457,0.002457002457002457,0.1517199017199017,0.0042997542997543,0.03992628992628992,0.08108108108108109,0.038083538083538086,0.2542997542997543,0.014742014742014743,0.0,0.1382063882063882,0.0,Булгаков,Белая гвардия
0.05494086226631057,0.08088515833651277,0.04959938954597482,0.005723006486074018,0.04807325448302175,0.019458222052651658,0.00038153376573826786,0.19381915299504007,0.0064860740175505536,0.04044257916825639,0.04959938954597482,0.027088897367417018,0.2468523464326593,0.013353681800839375,0.0,0.16291491797024035,0.00038153376573826786,Булгаков,Мастер и Маргарита
0.07077036490969407,0.08772576483597494,0.05971249539255437,0.006266126059712496,0.036859565057132324,0.029856247696277184,0.00036859565057132326,0.16107629929966827,0.008477699963140435,0.036859565057132324,0.07851087357169186,0.034647991153704386,0.2233689642462219,0.021009952082565425,0.0,0.14448949502395872,0.0,Булгаков,Мастер и Маргарита
0.08282352941176471,0.08047058823529411,0.04470588235294118,0.00611764705882353,0.05741176470588235,0.018823529411764704,0.0032941176470588237,0.18023529411764705,0.007058823529411765,0.03764705882352941,0.05223529411764706,0.03247058823529412,0.25129411764705883,0.013647058823529411,0.0,0.1312941176470588,0.00047058823529411766,Булгаков,Белая гвардия
0.06856916369401506,0.10463733650416171,0.05747126436781609,0.006341656757827983,0.056282203725723345,0.03250099088386841,0.0027744748315497426,0.1636940150614348,0.008323424494649227,0.04478795085216013,0.06460562822037257,0.0535077288941736,0.17875544986127626,0.015457788347205707,0.0,0.14229092350376535,0.0,Булгаков,Мастер и Маргарита
0.07482678983833718,0.07621247113163972,0.05958429561200924,0.005080831408775982,0.047113163972286376,0.021247113163972285,0.003233256351039261,0.16859122401847576,0.007852193995381063,0.04434180138568129,0.06096997690531178,0.04341801385681293,0.24157043879907622,0.015704387990762125,0.0,0.1302540415704388,0.0,Булгаков,Белая гвардия
0.08296296296296296,0.07851851851851852,0.045925925925925926,0.008888888888888889,0.03950617283950617,0.01925925925925926,0.0024691358024691358,0.19407407407407407,0.014814814814814815,0.03160493827160494,0.05283950617283951,0.06518518518518518,0.2380246913580247,0.01580246913580247,0.0,0.10765432098765432,0.0024691358024691358,Булгаков,Белая гвардия
0.06749496306245803,0.08394895903290799,0.052048354600402955,0.013767629281396911,0.04365345869711216,0.024848891873740765,0.000335795836131632,0.1850235057085292,0.0047011417058428475,0.028206850235057087,0.06883814640698456,0.03895231699126931,0.21994627266621894,0.02384150436534587,0.0,0.14439220953660176,0.0,Булгаков,Мастер и Маргарита
0.06013615733736762,0.1002269288956127,0.05521936459909228,0.00869894099848714,0.049924357034795766,0.02155824508320726,0.0,0.21104387291981846,0.012481089258698942,0.029878971255673223,0.05370650529500756,0.03328290468986384,0.18608169440242056,0.01588502269288956,0.0,0.16187594553706505,0.0,Булгаков,Мастер и Маргарита
0.08096385542168674,0.09156626506024096,0.047710843373493975,0.0019277108433734939,0.03228915662650603,0.0163855421686747,0.002891566265060241,0.2274698795180723,0.005301204819277108,0.025542168674698794,0.03855421686746988,0.03614457831325301,0.26313253012048193,0.00963855421686747,0.0,0.12,0.00048192771084337347,Булгаков,Белая гвардия
0.08659861705630556,0.10075732630885742,0.051695752387224236,0.007902535396773132,0.038854132367467896,0.022390516957523872,0.0006585446163977609,0.20151465261771484,0.0135001646361541,0.03424432005268357,0.04412248929864998,0.046427395456042145,0.2160026341784656,0.012512347711557459,0.0,0.12281857095818241,0.0,Булгаков,Мастер и Маргарита
0.06118143459915612,0.08157524613220815,0.052742616033755275,0.007735583684950774,0.035864978902953586,0.016877637130801686,0.0028129395218002813,0.1568213783403657,0.014767932489451477,0.03727144866385373,0.07735583684950774,0.011251758087201125,0.3129395218002813,0.009845288326300985,0.0,0.11954992967651196,0.0014064697609001407,Булгаков,Морфий
0.07822553335590925,0.0927869962749746,0.06705045716220792,0.011852353538774127,0.04334575008465967,0.02404334575008466,0.0003386386725364037,0.18862174060277684,0.009820521503555706,0.0457162207924145,0.05113443955299695,0.03792753132407721,0.20115137148662376,0.015238740264138165,0.0,0.13274635963427023,0.0,Булгаков,Мастер и Маргарита
0.08188720173535792,0.07321041214750543,0.049891540130151846,0.00596529284164859,0.045010845986984814,0.016268980477223426,0.003796095444685466,0.19685466377440347,0.008676789587852495,0.039045553145336226,0.03470715835140998,0.04392624728850325,0.2543383947939262,0.014099783080260303,0.0,0.13232104121475055,0.0,Булгаков,Белая гвардия
0.06057781919850885,0.08061509785647716,0.05079217148182665,0.007921714818266543,0.04287045666356011,0.016775396085740912,0.00046598322460391424,0.1798695246971109,0.0065237651444548,0.04054054054054054,0.05684995340167754,0.03867660764212488,0.2595526561043802,0.014911463187325256,0.0,0.14305684995340168,0.0,Булгаков,Мастер и Маргарита
0.08877388535031847,0.08957006369426751,0.04378980891719745,0.010350318471337579,0.04020700636942675,0.021894904458598725,0.0019904458598726115,0.1982484076433121,0.01592356687898089,0.026273885350318472,0.06449044585987261,0.05374203821656051,0.2054140127388535,0.018710191082802547,0.0,0.11902866242038217,0.0015923566878980893,Булгаков,Белая гвардия
0.0947136563876652,0.09427312775330396,0.051982378854625554,0.004845814977973568,0.04405286343612335,0.00881057268722467,0.0,0.23039647577092512,0.024669603524229075,0.027312775330396475,0.03171806167400881,0.04008810572687225,0.2251101321585903,0.014537444933920705,0.0004405286343612335,0.10572687224669604,0.0013215859030837004,Булгаков,Белая гвардия
0.05954123962908736,0.08882381649585164,0.07857491459248414,0.007808687164470474,0.04587603709126403,0.016105417276720352,0.0014641288433382138,0.17764763299170327,0.008296730112249878,0.03806734992679356,0.05075646656905808,0.02977061981454368,0.23523670082967302,0.013665202537823329,0.0,0.148365056124939,0.0,Булгаков,Белая гвардия
0.08275139664804469,0.1005586592178771,0.06005586592178771,0.009776536312849162,0.03770949720670391,0.022695530726256984,0.00034916201117318437,0.19308659217877094,0.014664804469273743,0.03770949720670391,0.04783519553072626,0.04399441340782123,0.21508379888268156,0.01431564245810056,0.0,0.11941340782122906,0.0,Булгаков,Мастер и Маргарита
0.05695948656237465,0.07701564380264742,0.06016847172081829,0.008022462896109106,0.04292017649418371,0.023265142398716406,0.0012033694344163659,0.18411552346570398,0.005214600882470918,0.027677496991576414,0.0762133975130365,0.01764941837144003,0.2430806257521059,0.016446048937023665,0.0,0.16004813477737664,0.0,Булгаков,Мастер и Маргарита
0.06322505800464037,0.08352668213457076,0.05916473317865429,0.007250580046403712,0.04756380510440835,0.020301624129930394,0.000580046403712297,0.18677494199535963,0.0069605568445475635,0.0388631090487239,0.07047563805104408,0.02494199535962877,0.21548723897911834,0.026102088167053363,0.0,0.14878190255220416,0.0,Булгаков,Мастер и Маргарита
0.08296296296296296,0.07851851851851852,0.045925925925925926,0.008888888888888889,0.03950617283950617,0.01925925925925926,0.0024691358024691358,0.19407407407407407,0.014814814814814815,0.03160493827160494,0.05283950617283951,0.06518518518518518,0.2380246913580247,0.01580246913580247,0.0,0.10765432098765432,0.0024691358024691358,Булгаков,Белая гвардия
0.049145299145299144,0.07478632478632478,0.07606837606837606,0.004700854700854701,0.04658119658119658,0.02264957264957265,0.002136752136752137,0.1358974358974359,0.007692307692307693,0.04871794871794872,0.07735042735042735,0.05128205128205128,0.24358974358974358,0.016666666666666666,0.0,0.14273504273504273,0.0,Булгаков,Мастер и Маргарита
0.05951478392721759,0.08567096285064443,0.058377558756633814,0.01061410159211524,0.04435178165276725,0.025018953752843062,0.00265352539802881,0.16224412433661864,0.006444275966641395,0.03904473085670963,0.06595905989385899,0.04169825625473844,0.24298711144806673,0.02047005307050796,0.0,0.13495072024260804,0.0,Булгаков,Мастер и Маргарита
0.09357481673134972,0.09659335920655455,0.05217766278568348,0.0038809831824062097,0.04484691677447176,0.008624407072013798,0.0,0.2363087537731781,0.02457956015523933,0.02544200086244071,0.028029322984044848,0.04225959465286762,0.21949115998275118,0.014230271668822769,0.00043122035360068997,0.10823630875377317,0.00129366106080207,Булгаков,Белая гвардия
0.10393772893772894,0.08653846153846154,0.04532967032967033,0.005036630036630037,0.047619047619047616,0.014652014652014652,0.0018315018315018315,0.21978021978021978,0.009615384615384616,0.020146520146520148,0.030677655677655676,0.042582417582417584,0.2358058608058608,0.018772893772893772,0.0013736263736263737,0.1163003663003663,0.0,Булгаков,Белая гвардия
0.07605844885724991,0.08879730236043462,0.057699512926189585,0.011240164855751217,0.03859123267141251,0.028849756463094792,0.0011240164855751218,0.1682278006744099,0.01049082053203447,0.03521918321468715,0.06669164481079055,0.03821656050955414,0.221431247658299,0.016485575121768452,0.0,0.1408767328587486,0.0,Булгаков,Мастер и Маргарита
0.06861499364675985,0.0724269377382465,0.03939008894536213,0.0038119440914866584,0.044472681067344345,0.012706480304955527,0.0031766200762388818,0.19186785260482847,0.009529860228716646,0.035578144853875476,0.031130876747141042,0.043202033036848796,0.2738246505717916,0.013341804320203304,0.0,0.15692503176620076,0.0,Булгаков,Белая гвардия
0.06297134238310709,0.08408748114630468,0.05957767722473605,0.005656108597285068,0.03506787330316742,0.030165912518853696,0.0003770739064856712,0.15422322775263952,0.00904977375565611,0.03695324283559578,0.07918552036199095,0.03544494720965309,0.2383107088989442,0.019230769230769232,0.0,0.14969834087481146,0.0,Булгаков,Мастер и Маргарита
0.046484601975595584,0.07960488088320744,0.07147007553747821,0.006391632771644393,0.0453224869262057,0.011040092969203951,0.0017431725740848344,0.17780360255665312,0.004067402672864613,0.04067402672864614,0.056362579895409645,0.031958163858221963,0.25740848343986056,0.009296920395119116,0.0,0.16037187681580475,0.0,Булгаков,Белая гвардия
0.052103250478011474,0.07265774378585087,0.05066921606118547,0.0057361376673040155,0.038718929254302106,0.017208413001912046,0.0014340344168260039,0.15630975143403442,0.00621414913957935,0.04254302103250478,0.06883365200764818,0.04684512428298279,0.2891969407265774,0.012906309751434034,0.0,0.13862332695984703,0.0,Булгаков,Мастер и Маргарита
0.06580732700135686,0.07632293080054274,0.06377204884667571,0.006445047489823609,0.0505427408412483,0.030529172320217096,0.0006784260515603799,0.1719810040705563,0.0030529172320217096,0.03629579375848033,0.07360922659430122,0.029172320217096336,0.21132971506105835,0.024423337856173677,0.00033921302578018993,0.1556987788331072,0.0,Булгаков,Мастер и Маргарита
0.07503152585119799,0.07692307692307693,0.05989911727616646,0.01008827238335435,0.044136191677175286,0.015132408575031526,0.0018915510718789407,0.18221941992433796,0.007566204287515763,0.03026481715006305,0.07818411097099622,0.02648171500630517,0.2509457755359395,0.01197982345523329,0.0,0.12925598991172763,0.0,Булгаков,Белая гвардия
0.05151915455746367,0.06957287538529282,0.05239982386613826,0.0048436811977102595,0.04007045354469397,0.02553940995156319,0.0030823425803610744,0.15808014090708938,0.006164685160722149,0.0361074416556583,0.07529722589167767,0.04579480405107882,0.2611184500220167,0.017173051519154558,0.0,0.15323645970937913,0.0,Булгаков,Мастер и Маргарита
0.07832278481012658,0.08504746835443038,0.07950949367088607,0.009098101265822785,0.0490506329113924,0.016218354430379747,0.00039556962025316455,0.19343354430379747,0.015822784810126583,0.035205696202531646,0.03599683544303797,0.02966772151898734,0.21162974683544303,0.020965189873417722,0.0011867088607594937,0.13844936708860758,0.0,Булгаков,Белая гвардия
0.0759937646141855,0.08378799688230709,0.06352299298519096,0.00779423226812159,0.05144193296960249,0.013639906469212782,0.000779423226812159,0.186282151208106,0.006625097427903352,0.03195635229929852,0.05378020265003897,0.03780202650038971,0.2244738893219018,0.014029618082618862,0.0,0.1480904130943102,0.0,Булгаков,Белая гвардия
0.06710158434296365,0.10406958682820752,0.05716060888474682,0.012426219322771047,0.051568810189499846,0.026405716060888474,0.0009319664492078285,0.2022367194780988,0.009940975458216837,0.03665734700217459,0.05933519726623175,0.025473749611680647,0.18204411307859583,0.015843429636533086,0.0,0.14880397639018328,0.0,Булгаков,Мастер и Маргарита
0.04957334416903698,0.06948394961397805,0.07029662738724096,0.008126777732629013,0.04632263307598537,0.023567655424624138,0.0028443722064201544,0.13043478260869565,0.00690776107273466,0.052417716375457134,0.09752133279154815,0.022348638764729784,0.26777732629012596,0.01950426655830963,0.0,0.1324664770418529,0.0004063388866314506,Булгаков,Мастер и Маргарита
0.07431192660550459,0.07706422018348624,0.05963302752293578,0.005504587155963303,0.0463302752293578,0.021559633027522937,0.003211009174311927,0.1701834862385321,0.008256880733944955,0.04357798165137615,0.05917431192660551,0.044036697247706424,0.24128440366972478,0.015596330275229359,0.0,0.13027522935779817,0.0,Булгаков,Белая гвардия
0.06311044327573254,0.08414725770097671,0.05672426746806912,0.012772351615326822,0.04432757325319309,0.0236664162283997,0.002253944402704733,0.1622839969947408,0.009391435011269721,0.040946656649135986,0.06198347107438017,0.04019534184823441,0.2430503380916604,0.022163786626596543,0.0,0.13298271975957926,0.0,Булгаков,Мастер и Маргарита
0.041082164328657314,0.07064128256513026,0.057615230460921846,0.01603206412825651,0.028056112224448898,0.026052104208416832,0.0035070140280561123,0.1407815631262525,0.002004008016032064,0.05060120240480962,0.08817635270541083,0.037575150300601205,0.26402805611222446,0.022545090180360723,0.0,0.15130260521042085,0.0,Булгаков,Мастер и Маргарита
0.0700402144772118,0.10455764075067024,0.05563002680965148,0.00938337801608579,0.05060321715817694,0.023458445040214475,0.0013404825737265416,0.21347184986595175,0.005026809651474531,0.03585790884718499,0.05093833780160858,0.02111260053619303,0.1873324396782842,0.020777479892761394,0.0,0.15046916890080428,0.0,Булгаков,Мастер и Маргарита
0.06353135313531354,0.07425742574257425,0.05115511551155116,0.006600660066006601,0.028052805280528052,0.02392739273927393,0.0049504950495049506,0.17574257425742573,0.02392739273927393,0.03712871287128713,0.10808580858085809,0.018976897689768978,0.23844884488448845,0.017326732673267328,0.0008250825082508251,0.1254125412541254,0.0016501650165016502,Булгаков,Морфий
0.039413845376452754,0.07326932794340577,0.060131379484588174,0.00808489135927236,0.03233956543708944,0.01667508842849924,0.001010611419909045,0.15361293582617483,0.008590197069226882,0.05406771096513391,0.07377463365336029,0.040929762506316324,0.2784234461849419,0.017180394138453764,0.0,0.14249621020717534,0.0,Булгаков,Белая гвардия
0.06590151795631248,0.08885597926693817,0.05738615327656423,0.008885597926693817,0.04479822288041466,0.0259163272861903,0.00259163272861903,0.16956682710107368,0.006293965198074787,0.037023324694557574,0.06219918548685672,0.04072565716401333,0.2328767123287671,0.021473528322843393,0.0,0.13550536838208072,0.0,Булгаков,Мастер и Маргарита
0.06536388140161725,0.07783018867924528,0.06435309973045822,0.007412398921832884,0.05053908355795148,0.029649595687331536,0.0006738544474393531,0.1725067385444744,0.003032345013477089,0.03706199460916442,0.07412398921832884,0.030660377358490566,0.20788409703504043,0.023921832884097036,0.00033692722371967657,0.15464959568733153,0.0,Булгаков,Мастер и Маргарита
0.04868913857677903,0.06699958385351644,0.062005826050769874,0.007906783187682065,0.0478568456096546,0.024968789013732832,0.002913025384935497,0.14190595089471494,0.004993757802746567,0.05201831044527674,0.0749063670411985,0.03537245110278818,0.26799833541406576,0.01914273824386184,0.0,0.14190595089471494,0.0004161464835622139,Булгаков,Мастер и Маргарита
0.06105990783410138,0.08179723502304148,0.044930875576036866,0.0030721966205837174,0.04915514592933948,0.029953917050691243,0.0019201228878648233,0.18433179723502305,0.009216589861751152,0.04185867895545315,0.055683563748079874,0.03648233486943164,0.23003072196620583,0.01804915514592934,0.0,0.15245775729646696,0.0,Булгаков,Мастер и Маргарита
0.04835390946502058,0.0684156378600823,0.07150205761316872,0.006687242798353909,0.03755144032921811,0.0205761316872428,0.0,0.16358024691358025,0.007716049382716049,0.047325102880658436,0.053497942386831275,0.030864197530864196,0.27109053497942387,0.0205761316872428,0.0,0.1522633744855967,0.0,Булгаков,Мастер и Маргарита
0.06290584415584416,0.11363636363636363,0.05478896103896104,0.006493506493506494,0.04220779220779221,0.02353896103896104,0.0,0.20332792207792208,0.008928571428571428,0.02353896103896104,0.04707792207792208,0.044237012987012984,0.19277597402597402,0.015016233766233766,0.0,0.16152597402597402,0.0,Булгаков,Мастер и Маргарита
0.08659861705630556,0.10075732630885742,0.051695752387224236,0.007902535396773132,0.038854132367467896,0.022390516957523872,0.0006585446163977609,0.20151465261771484,0.0135001646361541,0.03424432005268357,0.04412248929864998,0.046427395456042145,0.2160026341784656,0.012512347711557459,0.0,0.12281857095818241,0.0,Булгаков,Мастер и Маргарита
0.05959183673469388,0.09510204081632653,0.05836734693877551,0.005714285714285714,0.04938775510204082,0.018775510204081632,0.0012244897959183673,0.18489795918367347,0.006530612244897959,0.025714285714285714,0.060816326530612246,0.046122448979591835,0.20816326530612245,0.01673469387755102,0.00040816326530612246,0.16244897959183674,0.0,Булгаков,Мастер и Маргарита
0.08480243161094225,0.09969604863221884,0.056838905775075985,0.007902735562310031,0.05167173252279635,0.019148936170212766,0.00030395136778115504,0.2006079027355623,0.00729483282674772,0.029483282674772036,0.05531914893617021,0.02796352583586626,0.19817629179331306,0.02370820668693009,0.0,0.1370820668693009,0.0,Булгаков,Мастер и Маргарита
0.06201550387596899,0.0935077519379845,0.059593023255813955,0.00872093023255814,0.05281007751937984,0.015019379844961241,0.0014534883720930232,0.1739341085271318,0.0048449612403100775,0.04215116279069767,0.05281007751937984,0.04796511627906977,0.22238372093023256,0.01308139534883721,0.0,0.14970930232558138,0.0,Булгаков,Белая гвардия
0.05603079555175364,0.0949529512403764,0.05603079555175364,0.0029940119760479044,0.04790419161676647,0.019674935842600515,0.00213857998289136,0.17365269461077845,0.005560307955517536,0.02737382378100941,0.06843455945252352,0.04961505560307956,0.21685201026518391,0.015397775876817793,0.000427715996578272,0.16295979469632163,0.0,Булгаков,Мастер и Маргарита
0.04823529411764706,0.06941176470588235,0.058823529411764705,0.0035294117647058825,0.041176470588235294,0.018823529411764704,0.001176470588235294,0.14941176470588236,0.012941176470588235,0.05058823529411765,0.11,0.0058823529411764705,0.27705882352941175,0.019411764705882354,0.0,0.13117647058823528,0.002352941176470588,Булгаков,Морфий
0.0779616724738676,0.08275261324041812,0.059233449477351915,0.009146341463414634,0.03876306620209059,0.012630662020905924,0.0013066202090592336,0.19207317073170732,0.006097560975609756,0.02221254355400697,0.05313588850174216,0.03789198606271777,0.24041811846689895,0.017421602787456445,0.00043554006968641115,0.1480836236933798,0.00043554006968641115,Булгаков,Белая гвардия
0.06836027713625865,0.08221709006928407,0.04434180138568129,0.008314087759815243,0.045265588914549654,0.018475750577367205,0.00046189376443418013,0.1930715935334873,0.006466512702078522,0.03787528868360277,0.057736720554272515,0.03325635103926097,0.246189376443418,0.015242494226327945,0.0,0.14272517321016168,0.0,Булгаков,Мастер и Маргарита
0.04712041884816754,0.07277486910994764,0.0549738219895288,0.006806282722513089,0.034031413612565446,0.01780104712041885,0.0015706806282722514,0.17486910994764399,0.0005235602094240838,0.02617801047120419,0.07068062827225131,0.03507853403141361,0.27853403141361255,0.010471204188481676,0.0,0.16701570680628272,0.0015706806282722514,Булгаков,Белая гвардия
0.08120531154239019,0.0822267620020429,0.05515832482124617,0.010214504596527068,0.0372829417773238,0.02247191011235955,0.0030643513789581204,0.18947906026557712,0.006639427987742594,0.049029622063329927,0.0602655771195097,0.015321756894790603,0.24412665985699694,0.012768130745658836,0.0,0.13074565883554648,0.0,Булгаков,Мастер и Маргарита
0.071875,0.0846875,0.055,0.0096875,0.044375,0.0225,0.000625,0.1921875,0.006875,0.033125,0.0684375,0.0346875,0.20625,0.023125,0.0,0.1465625,0.0,Булгаков,Мастер и Маргарита
0.052496798975672214,0.07127614169867691,0.04865556978233035,0.00597524541186513,0.040973111395646605,0.025181391378574478,0.002560819462227913,0.16005121638924455,0.005548442168160478,0.039265898420828,0.07810499359795134,0.04139991463935126,0.2560819462227913,0.01835253947930004,0.0,0.15407597097737943,0.0,Булгаков,Мастер и Маргарита
0.07667731629392971,0.09384984025559105,0.04832268370607029,0.011182108626198083,0.04153354632587859,0.019169329073482427,0.00039936102236421724,0.20287539936102236,0.009185303514376996,0.03514376996805112,0.05071884984025559,0.02915335463258786,0.21445686900958466,0.02196485623003195,0.0,0.14536741214057508,0.0,Булгаков,Мастер и Маргарита
0.06691919191919192,0.08143939393939394,0.05176767676767677,0.006313131313131313,0.041035353535353536,0.022727272727272728,0.0025252525252525255,0.16603535353535354,0.012626262626262626,0.030303030303030304,0.07386363636363637,0.012626262626262626,0.30492424242424243,0.010101010101010102,0.0,0.11553030303030302,0.0012626262626262627,Булгаков,Морфий
0.050424128180961356,0.07492931196983978,0.06361922714420358,0.006597549481621112,0.041941564561734215,0.015551366635249765,0.003298774740810556,0.15080113100848255,0.0051837888784165885,0.03298774740810556,0.09754948162111216,0.03298774740810556,0.2554194156456173,0.00942507068803016,0.0,0.15928369462770972,0.0,Булгаков,Мастер и Маргарита
0.06732418524871354,0.06518010291595197,0.06818181818181818,0.007289879931389366,0.0548885077186964,0.0137221269296741,0.0017152658662092624,0.14365351629502573,0.007289879931389366,0.03687821612349914,0.06132075471698113,0.044596912521440824,0.2624356775300172,0.015866209262435677,0.0,0.14965694682675815,0.0,Булгаков,Белая гвардия
0.07145773785218457,0.09187423438138015,0.05553287055941201,0.009391588403429971,0.04124132298897509,0.022866476112699062,0.0012249897917517355,0.1931400571661903,0.006533278889342589,0.03429971416904859,0.04981625153123724,0.035524703960800326,0.2143732135565537,0.022458146182115148,0.0,0.15026541445487954,0.0,Булгаков,Мастер и Маргарита
0.03787878787878788,0.07222222222222222,0.0601010101010101,0.00808080808080808,0.03333333333333333,0.015656565656565657,0.00101010101010101,0.15404040404040403,0.010101010101010102,0.05505050505050505,0.07424242424242425,0.04040404040404041,0.27575757575757576,0.01717171717171717,0.0,0.14494949494949494,0.0,Булгаков,Белая гвардия
0.0625,0.09445488721804511,0.06109022556390977,0.009398496240601503,0.0531015037593985,0.015037593984962405,0.0009398496240601503,0.17763157894736842,0.005639097744360902,0.043233082706766915,0.045582706766917294,0.049342105263157895,0.21522556390977443,0.013157894736842105,0.0,0.1536654135338346,0.0,Булгаков,Белая гвардия
0.05939524838012959,0.10151187904967603,0.057955363570914326,0.008999280057595392,0.04679625629949604,0.017278617710583154,0.0007199424046076314,0.2019438444924406,0.008639308855291577,0.024478041756659467,0.06947444204463643,0.02843772498200144,0.1879049676025918,0.021958243340532757,0.0,0.16450683945284378,0.0,Булгаков,Мастер и Маргарита
0.06280587275693311,0.09706362153344208,0.061174551386623165,0.005301794453507341,0.04853181076672104,0.018760195758564437,0.0020391517128874386,0.18393148450244698,0.004893964110929853,0.026916802610114192,0.05628058727569331,0.048939641109298535,0.20758564437194127,0.01468189233278956,0.0004078303425774878,0.16068515497553018,0.0,Булгаков,Мастер и Маргарита
0.06344120474206985,0.08907401473886575,0.05767382249279077,0.00993271387375841,0.049983979493752,0.03236142262095482,0.0006408202499198974,0.16981736622877283,0.0067286126241589235,0.04581864786927267,0.07657801986542775,0.03011855174623518,0.19801345722524832,0.026273630246715796,0.0,0.14354373598205702,0.0,Булгаков,Мастер и Маргарита
0.08477937530986614,0.07833415964303421,0.04610808130887457,0.009419930589985127,0.03966286564204264,0.01834407535944472,0.0034705007436787306,0.19533961328705998,0.014873574615765989,0.02875557759048091,0.06147744174516609,0.05850272682201289,0.2240951908775409,0.017352503718393655,0.0,0.11700545364402579,0.002478929102627665,Булгаков,Белая гвардия
0.06176084099868594,0.060884800700832235,0.06438896189224705,0.00700832238282961,0.05387647831800263,0.01357862461673237,0.0017520805957074025,0.14848883048620237,0.004380201489268506,0.038545773105562856,0.06701708278580815,0.03898379325448971,0.2720105124835742,0.01576872536136662,0.0,0.15155497152869032,0.0,Булгаков,Белая гвардия
0.05771938057250117,0.08540591271703425,0.06053496011262318,0.00656968559361802,0.05021116846550915,0.01313937118723604,0.0018770530267480056,0.18629751290473956,0.011731581417175035,0.03613327076489911,0.050680431722196155,0.03660253402158611,0.2341623650868137,0.010323791647114031,0.0,0.15861098076020647,0.0,Булгаков,Белая гвардия
0.05941931127616475,0.0800135043889264,0.05232950708980419,0.011816340310600946,0.04017555705604321,0.02464550979068197,0.0006752194463200541,0.17049291019581364,0.0027008777852802163,0.03477380148548278,0.07798784604996624,0.038149898717083054,0.2386900742741391,0.023295070898041864,0.0,0.14483457123565158,0.0,Булгаков,Мастер и Маргарита
0.06993392070484582,0.08700440528634361,0.049008810572687224,0.004405286343612335,0.04515418502202643,0.013215859030837005,0.0022026431718061676,0.20429515418502203,0.015418502202643172,0.034691629955947136,0.03303964757709251,0.07378854625550661,0.23788546255506607,0.009911894273127754,0.0,0.11729074889867841,0.0027533039647577094,Булгаков,Белая гвардия
0.0503989920201596,0.08441831163376733,0.0625787484250315,0.00629987400251995,0.04493910121797564,0.01763964720705586,0.0016799664006719867,0.16967660646787064,0.005459890802183957,0.02771944561108778,0.07979840403191936,0.03233935321293574,0.24359512809743805,0.01385972280554389,0.0,0.15959680806383872,0.0,Булгаков,Мастер и Маргарита
0.059280169371912494,0.07198306280875089,0.059280169371912494,0.009174311926605505,0.04163726182074806,0.019760056457304165,0.002117148906139732,0.16302046577275936,0.015525758645024701,0.035285815102328866,0.09527170077628794,0.013408609738884969,0.2512350035285815,0.019760056457304165,0.0,0.14043754410726889,0.0028228652081863093,Булгаков,Морфий
0.03842264914054601,0.07128412537917088,0.05965621840242669,0.008088978766430738,0.033367037411526794,0.015672396359959553,0.0010111223458038423,0.15267947421638017,0.009605662285136502,0.055611729019211326,0.07482305358948432,0.04044489383215369,0.2770475227502528,0.017189079878665317,0.0,0.14509605662285135,0.0,Булгаков,Белая гвардия
0.06053067993366501,0.0978441127694859,0.060945273631840796,0.004560530679933665,0.04809286898839138,0.018656716417910446,0.0020729684908789387,0.175787728026534,0.004975124378109453,0.02902155887230514,0.06260364842454395,0.04809286898839138,0.21019900497512436,0.015754560530679935,0.00041459369817578774,0.16044776119402984,0.0,Булгаков,Мастер и Маргарита
0.05733082706766917,0.07518796992481203,0.05357142857142857,0.007518796992481203,0.03712406015037594,0.022086466165413533,0.0018796992481203006,0.18796992481203006,0.010808270676691729,0.047932330827067667,0.06296992481203008,0.014097744360902255,0.26221804511278196,0.013157894736842105,0.0,0.14567669172932332,0.00046992481203007516,Булгаков,Мастер и Маргарита
0.05650994575045208,0.07640144665461121,0.06103074141048825,0.008589511754068717,0.04023508137432188,0.018083182640144666,0.0018083182640144665,0.162748643761302,0.014014466546112115,0.03887884267631103,0.06600361663652803,0.0461121157323689,0.25316455696202533,0.016726943942133816,0.0,0.13969258589511754,0.0,Булгаков,Белая гвардия
0.08383233532934131,0.07544910179640718,0.04910179640718563,0.005389221556886228,0.041916167664670656,0.017365269461077845,0.0017964071856287425,0.21437125748502994,0.012574850299401197,0.03772455089820359,0.038922155688622756,0.040119760479041915,0.25269461077844313,0.01437125748502994,0.0005988023952095808,0.11377245508982035,0.0,Булгаков,Белая гвардия
0.06912878787878787,0.09327651515151515,0.05823863636363636,0.009943181818181818,0.054450757575757576,0.017518939393939392,0.001893939393939394,0.1893939393939394,0.005208333333333333,0.030303030303030304,0.04450757575757576,0.03977272727272727,0.21732954545454544,0.019412878787878788,0.0,0.14962121212121213,0.0,Булгаков,Белая гвардия
0.07772979642196175,0.07279457125231338,0.055521283158544106,0.004935225169648365,0.03763109191856878,0.02282541640962369,0.001850709438618137,0.1918568784700802,0.01727328809376928,0.027760641579272053,0.05922270203578038,0.027760641579272053,0.2529302899444787,0.015422578655151141,0.0,0.13201727328809376,0.0024676125848241827,Булгаков,Морфий
0.060057887120115776,0.08393632416787265,0.05065123010130246,0.005065123010130246,0.02894356005788712,0.013748191027496382,0.002894356005788712,0.16425470332850942,0.013748191027496382,0.04052098408104197,0.08031837916063676,0.020260492040520984,0.30463096960926195,0.011577424023154847,0.0,0.11794500723589002,0.001447178002894356,Булгаков,Морфий
0.08164915117219078,0.08730800323362975,0.06143896523848019,0.0068714632174616,0.05982215036378335,0.014955537590945837,0.0032336297493936943,0.17259498787388844,0.011721907841552142,0.021018593371059015,0.047696038803556995,0.04284559417946645,0.2231204527081649,0.019401778496362168,0.0,0.1463217461600647,0.0,Булгаков,Белая гвардия
0.04483516483516484,0.06813186813186813,0.05934065934065934,0.008351648351648353,0.03912087912087912,0.026373626373626374,0.00043956043956043956,0.13802197802197802,0.0035164835164835165,0.036923076923076927,0.09406593406593407,0.03912087912087912,0.2641758241758242,0.01802197802197802,0.0,0.15956043956043955,0.0,Булгаков,Мастер и Маргарита
0.046133567662565905,0.07469244288224956,0.07337434094903339,0.006590509666080844,0.04525483304042179,0.02328646748681898,0.0017574692442882249,0.14762741652021089,0.00922671353251318,0.043936731107205626,0.07205623901581722,0.05755711775043937,0.2398945518453427,0.015817223198594025,0.0,0.14279437609841827,0.0,Булгаков,Мастер и Маргарита
0.06346360702760846,0.07888131946934385,0.06059519541054141,0.004661168877733955,0.05091430620294012,0.027967013266403728,0.0007171029042667623,0.17210469702402295,0.004661168877733955,0.0322696306920043,0.07242739333094299,0.034062387952671205,0.22122624596629617,0.02187163858013625,0.00035855145213338117,0.1538185729652205,0.0,Булгаков,Мастер и Маргарита
0.042810609585853886,0.05816658911121452,0.06514657980456026,0.00837598883201489,0.03396928804094928,0.0288506281991624,0.0037226617031177293,0.15030246626337831,0.005583992554676594,0.04653327128897161,0.08701721731037693,0.0172173103769195,0.2796649604467194,0.02047463936714751,0.0,0.1521637971149372,0.0,Булгаков,Мастер и Маргарита
0.06613756613756613,0.09215167548500881,0.05952380952380952,0.007054673721340388,0.04144620811287478,0.01895943562610229,0.0008818342151675485,0.17239858906525574,0.007495590828924162,0.027777777777777776,0.06878306878306878,0.043209876543209874,0.23368606701940034,0.014109347442680775,0.0,0.14638447971781304,0.0,Булгаков,Мастер и Маргарита
0.06414219474497682,0.0919629057187017,0.05757341576506955,0.0077279752704791345,0.04636785162287481,0.029752704791344668,0.0007727975270479134,0.19590417310664607,0.00927357032457496,0.02704791344667697,0.06027820710973725,0.03670788253477589,0.2063369397217929,0.01738794435857805,0.0,0.14876352395672335,0.0,Булгаков,Мастер и Маргарита
0.06246317030053035,0.11431938715380083,0.05863288155568651,0.014437242192103713,0.04213317619328226,0.030347672362993516,0.0008839127872716559,0.18738951090159103,0.011490866234531527,0.03624042427813789,0.05745433117265763,0.03417796110783736,0.19063052445492046,0.022097819681791395,0.0,0.13730111962286387,0.0,Булгаков,Мастер и Маргарита
0.08626934474810669,0.10009878169245967,0.05235429700362199,0.007573263088574251,0.03918340467566678,0.022719789265722753,0.0009878169245966415,0.20184392492591374,0.0135001646361541,0.033915047744484686,0.04445176160684886,0.04576885083964439,0.21699045110306223,0.012183075403358577,0.0,0.12216002634178466,0.0,Булгаков,Мастер и Маргарита
0.0606457242582897,0.08638743455497382,0.05977312390924956,0.006108202443280977,0.04886561954624782,0.012652705061082025,0.0017452006980802793,0.1932809773123909,0.013961605584642234,0.037085514834205933,0.04406631762652705,0.03795811518324607,0.22600349040139617,0.011780104712041885,0.0,0.15968586387434555,0.0,Булгаков,Белая гвардия
0.06809701492537314,0.09748134328358209,0.07602611940298508,0.007462686567164179,0.043843283582089554,0.014925373134328358,0.0009328358208955224,0.18703358208955223,0.008395522388059701,0.034981343283582086,0.042444029850746266,0.028917910447761194,0.22667910447761194,0.014458955223880597,0.0,0.14832089552238806,0.0,Булгаков,Белая гвардия
0.06745562130177515,0.09072978303747535,0.05562130177514793,0.008284023668639054,0.045364891518737675,0.030374753451676527,0.0015779092702169625,0.19644970414201182,0.009467455621301775,0.027218934911242602,0.060749506903353054,0.035897435897435895,0.20749506903353057,0.016568047337278107,0.0,0.1467455621301775,0.0,Булгаков,Мастер и Маргарита
0.07441154138192863,0.08959757023538345,0.057327258921791954,0.013287775246772968,0.037965072133637055,0.02885345482156416,0.0011389521640091116,0.16476841305998483,0.009870918754745633,0.039104024297646166,0.07137433561123765,0.036826119969627945,0.21943811693242218,0.016704631738800303,0.0,0.13933181473044798,0.0,Булгаков,Мастер и Маргарита
0.08213552361396304,0.0728952772073922,0.04722792607802875,0.006673511293634497,0.04260780287474333,0.018993839835728953,0.0,0.21817248459958932,0.013347022587268994,0.027207392197125257,0.04004106776180698,0.027720739219712527,0.25667351129363447,0.012833675564681724,0.0,0.13347022587268995,0.0,Булгаков,Белая гвардия
0.045190713101160865,0.0708955223880597,0.06218905472636816,0.013266998341625208,0.04477611940298507,0.03482587064676617,0.00538971807628524,0.14344941956882257,0.00538971807628524,0.04560530679933665,0.09618573797678276,0.01616915422885572,0.24212271973466004,0.02197346600331675,0.0,0.15257048092868988,0.0,Булгаков,Мастер и Маргарита
0.07402330363262509,0.08773132282385196,0.05757368060315284,0.0054832076764907475,0.046264564770390676,0.029129540781357093,0.0013708019191226869,0.17991775188485265,0.007196710075394105,0.033584647018505824,0.053803975325565453,0.04592186429061001,0.22960932145305005,0.016792323509252912,0.0,0.13159698423577793,0.0,Булгаков,Мастер и Маргарита
0.07589658048373644,0.09466221851542952,0.07172643869891576,0.009591326105087573,0.045871559633027525,0.01626355296080067,0.0008340283569641367,0.19224353628023352,0.010842368640533779,0.0329441201000834,0.03878231859883236,0.028773978315262717,0.22101751459549623,0.01834862385321101,0.0,0.14220183486238533,0.0,Булгаков,Белая гвардия
0.05796344647519582,0.07154046997389034,0.04386422976501306,0.004699738903394256,0.05483028720626632,0.013054830287206266,0.001566579634464752,0.16553524804177547,0.007310704960835509,0.03759791122715405,0.08616187989556136,0.033942558746736295,0.25326370757180156,0.018276762402088774,0.0005221932114882506,0.14934725848563968,0.0005221932114882506,Булгаков,Белая гвардия
0.049338146811071,0.06197352587244284,0.06678700361010831,0.007821901323706379,0.03730445246690734,0.013838748495788207,0.0012033694344163659,0.12454873646209386,0.006016847172081829,0.05054151624548736,0.0740072202166065,0.043922984356197355,0.30024067388688325,0.019855595667870037,0.0,0.14259927797833935,0.0,Булгаков,Белая гвардия
0.07048590281943612,0.08518296340731854,0.05698860227954409,0.007798440311937612,0.04439112177564487,0.02309538092381524,0.00029994001199760045,0.19826034793041392,0.007198560287942412,0.035092981403719255,0.06598680263947211,0.029394121175764846,0.20515896820635873,0.02399520095980804,0.0,0.14667066586682664,0.0,Булгаков,Мастер и Маргарита
0.061313868613138686,0.07347931873479319,0.059854014598540145,0.006812652068126521,0.04184914841849149,0.01654501216545012,0.0024330900243309003,0.16399026763990268,0.004379562043795621,0.04184914841849149,0.0705596107055961,0.035036496350364967,0.27007299270072993,0.015571776155717762,0.0,0.1362530413625304,0.0,Булгаков,Белая гвардия
0.05744978981784213,0.0733302195235871,0.06725829051844932,0.007006071929005138,0.04016814572629612,0.02008407286314806,0.0,0.17748715553479683,0.007473143390938813,0.03829985987856142,0.05091078935077067,0.030826716487622606,0.2531527323680523,0.018682858477347034,0.0,0.15787015413358244,0.0,Булгаков,Мастер и Маргарита
0.058205820582058206,0.11461146114611462,0.06030603060306031,0.013201320132013201,0.0423042304230423,0.027302730273027303,0.0009000900090009,0.1857185718571857,0.0102010201020102,0.0387038703870387,0.06090609060906091,0.0297029702970297,0.1932193219321932,0.022502250225022502,0.0,0.1422142214221422,0.0,Булгаков,Мастер и Маргарита
0.08235294117647059,0.08333333333333333,0.052941176470588235,0.00784313725490196,0.045098039215686274,0.010784313725490196,0.0004901960784313725,0.19852941176470587,0.015196078431372549,0.03627450980392157,0.047058823529411764,0.04215686274509804,0.24166666666666667,0.018627450980392157,0.0004901960784313725,0.1161764705882353,0.000980392156862745,Булгаков,Белая гвардия
0.05620520558279894,0.08977744247453791,0.052810260279139945,0.007921539041870993,0.04337985665786496,0.02980007544322897,0.001131648434552999,0.1863447755563938,0.005658242172764994,0.029045643153526972,0.06488117691437194,0.036589966050546964,0.22293474160694077,0.018106374952847983,0.0,0.15541305167861186,0.0,Булгаков,Мастер и Маргарита
0.06433520290333224,0.08248102936324646,0.06367535466842626,0.0059386341141537445,0.0488287693830419,0.027383701748597822,0.0006598482349059716,0.17584955460244145,0.004289013526888816,0.03530188056746948,0.07060376113493896,0.03134279115803365,0.21016166281755197,0.023754536456614978,0.0003299241174529858,0.15506433520290333,0.0,Булгаков,Мастер и Маргарита
0.05409252669039146,0.07686832740213523,0.05195729537366548,0.0056939501779359435,0.04341637010676157,0.019217081850533807,0.002135231316725979,0.17224199288256228,0.022775800711743774,0.042704626334519574,0.09466192170818505,0.01494661921708185,0.2569395017793594,0.014234875444839857,0.0,0.12313167259786477,0.00498220640569395,Булгаков,Морфий
0.06548431105047749,0.07366984993178717,0.05593451568894952,0.008185538881309686,0.04229195088676671,0.020463847203274217,0.002728512960436562,0.16166439290586632,0.0034106412005457027,0.029331514324693043,0.09686221009549795,0.030013642564802184,0.26330150068212826,0.01227830832196453,0.0,0.13437926330150068,0.0,Булгаков,Белая гвардия
0.08259385665529011,0.0689419795221843,0.05870307167235495,0.010921501706484642,0.0348122866894198,0.025938566552901023,0.0006825938566552901,0.18839590443686008,0.027986348122866895,0.032764505119453925,0.07167235494880546,0.021843003412969283,0.23071672354948805,0.020477815699658702,0.0006825938566552901,0.11945392491467577,0.0034129692832764505,Булгаков,Морфий
0.07003710575139147,0.10018552875695733,0.05797773654916512,0.008348794063079777,0.06029684601113173,0.01948051948051948,0.0018552875695732839,0.1971243042671614,0.006957328385899814,0.02504638218923933,0.037569573283859,0.038033395176252316,0.20918367346938777,0.015769944341372914,0.00046382189239332097,0.15166975881261596,0.0,Булгаков,Белая гвардия
0.04272419627749577,0.0850253807106599,0.05456852791878172,0.007614213197969543,0.03553299492385787,0.021573604060913704,0.0008460236886632825,0.19077834179357023,0.00972927241962775,0.03426395939086294,0.06260575296108291,0.020727580372250424,0.25761421319796957,0.0194585448392555,0.0,0.15651438240270726,0.00042301184433164127,Булгаков,Мастер и Маргарита
0.07434154630416312,0.09855564995751911,0.07561597281223449,0.007221750212404418,0.045454545454545456,0.014868309260832626,0.0008496176720475786,0.1949872557349193,0.010195412064570943,0.02931180968564146,0.038232795242141036,0.02888700084961767,0.21707731520815632,0.014868309260832626,0.0,0.14953271028037382,0.0,Булгаков,Белая гвардия
0.07482229704451927,0.09277964833520388,0.05798728020950243,0.008978675645342313,0.046763935652824544,0.022820800598578377,0.0,0.18780396558174337,0.005985783763561541,0.031051253273475497,0.0512532734754957,0.038159371492704826,0.2050130939019828,0.02319491208380097,0.0,0.1533857089412645,0.0,Булгаков,Мастер и Маргарита
0.09736842105263158,0.09736842105263158,0.05701754385964912,0.007456140350877193,0.05131578947368421,0.015789473684210527,0.0030701754385964912,0.21973684210526315,0.013596491228070176,0.03289473684210526,0.0412280701754386,0.02236842105263158,0.20350877192982456,0.02324561403508772,0.0,0.11403508771929824,0.0,Булгаков,Белая гвардия
0.06525701786365294,0.08603718556325192,0.06088224571636894,0.008749544294567991,0.044841414509660955,0.027342325920524973,0.0007291286912139992,0.1961356179365658,0.006562158220925993,0.032446226759022964,0.05687203791469194,0.02005103900838498,0.24097703244622676,0.016040831206707983,0.0,0.13707619394823187,0.0,Булгаков,Мастер и Маргарита
0.05731990704879938,0.08830364058869093,0.07164988381099922,0.004647560030983733,0.05112316034082107,0.02517428350116189,0.0019364833462432224,0.17273431448489543,0.0077459333849728895,0.023237800154918668,0.06700232378001549,0.04221533694810225,0.2056545313710302,0.021688613477924088,0.0,0.15956622773044152,0.0,Булгаков,Мастер и Маргарита
0.06833176248821866,0.09707822808671066,0.0768143261074458,0.007540056550424128,0.04382657869934024,0.015551366635249765,0.000942507068803016,0.18614514608859567,0.008011310084825637,0.034872761545711596,0.04241281809613572,0.029217719132893498,0.22667295004712534,0.014608859566446749,0.0,0.14797360980207352,0.0,Булгаков,Белая гвардия
0.11074144486692016,0.07461977186311787,0.036596958174904944,0.0019011406844106464,0.02899239543726236,0.00903041825095057,0.0042775665399239545,0.2305133079847909,0.0042775665399239545,0.02043726235741445,0.024714828897338403,0.028517110266159697,0.28659695817490494,0.009505703422053232,0.0,0.12832699619771862,0.0009505703422053232,Булгаков,Белая гвардия
0.08096385542168674,0.09156626506024096,0.047710843373493975,0.0019277108433734939,0.03228915662650603,0.0163855421686747,0.002891566265060241,0.2274698795180723,0.005301204819277108,0.025542168674698794,0.03855421686746988,0.03614457831325301,0.26313253012048193,0.00963855421686747,0.0,0.12,0.00048192771084337347,Булгаков,Белая гвардия
0.08498677248677249,0.0992063492063492,0.052248677248677246,0.007605820105820105,0.03902116402116402,0.022817460317460316,0.000992063492063492,0.20105820105820105,0.013558201058201057,0.03373015873015873,0.045965608465608467,0.045304232804232805,0.22056878306878308,0.012235449735449735,0.0,0.1207010582010582,0.0,Булгаков,Мастер и Маргарита
0.08011204481792718,0.07787114845938375,0.05434173669467787,0.008963585434173669,0.04481792717086835,0.01568627450980392,0.0005602240896358543,0.18599439775910365,0.0061624649859943975,0.03473389355742297,0.0700280112044818,0.030252100840336135,0.23753501400560223,0.010644257703081233,0.0,0.142296918767507,0.0,Булгаков,Белая гвардия
0.04257167680278019,0.07515204170286707,0.058644656820156384,0.009122502172024326,0.0369244135534318,0.02780191138140747,0.0026064291920069507,0.13900955690703737,0.0069504778453518675,0.0369244135534318,0.08036490008688098,0.043874891398783665,0.26411815812337097,0.019113814074717638,0.0,0.15682015638575153,0.0,Булгаков,Мастер и Маргарита
0.03700588730025231,0.0798990748528175,0.05424726661059714,0.00798990748528175,0.0407905803195963,0.025651808242220353,0.00336417157275021,0.15180824222035325,0.00672834314550042,0.03784693019343986,0.07148864592094197,0.042472666105971404,0.26198486122792264,0.017241379310344827,0.0,0.1614802354920101,0.0,Булгаков,Мастер и Маргарита
0.06927985414767548,0.09708295350957157,0.06198723792160438,0.009571558796718322,0.04740200546946217,0.016864175022789425,0.0018231540565177757,0.1959890610756609,0.0068368277119416595,0.02871467639015497,0.040109389243391066,0.03463992707383774,0.22151321786690975,0.019143117593436645,0.0,0.14904284412032817,0.0,Булгаков,Белая гвардия
0.076417004048583,0.08097165991902834,0.05819838056680162,0.006578947368421052,0.04402834008097166,0.011639676113360324,0.0005060728744939271,0.18066801619433198,0.0075910931174089065,0.035931174089068825,0.06629554655870445,0.034919028340080975,0.23987854251012145,0.012145748987854251,0.0,0.14423076923076922,0.0,Булгаков,Белая гвардия
0.08514082227258012,0.09938491421171901,0.05632890903204921,0.007769504694075753,0.05179669796050502,0.019100032372936226,0.0,0.2003884752347038,0.00712204596956944,0.031725477500809326,0.05438653285853027,0.026222078342505666,0.19423761735189382,0.02330851408222726,0.0,0.14308837811589512,0.0,Булгаков,Мастер и Маргарита
0.0655002243158367,0.06101390758187528,0.06370569762225213,0.008075370121130552,0.05293853746074473,0.013907581875280395,0.001794526693584567,0.15612382234185734,0.004486316733961417,0.03409600717810678,0.06460296096904442,0.03589053387169134,0.26783310901749663,0.016150740242261104,0.0,0.15388066397487662,0.0,Булгаков,Белая гвардия
0.046644455021418375,0.0794859590671109,0.06282722513089005,0.007615421227986673,0.03712517848643503,0.017610661589719183,0.00047596382674916705,0.16420752022846263,0.006187529747739172,0.04902427415516421,0.06663493574488338,0.04093288910042837,0.25702046644455023,0.017610661589719183,0.0,0.14659685863874344,0.0,Булгаков,Белая гвардия
0.05387453874538745,0.0918819188191882,0.05055350553505535,0.006273062730627306,0.043542435424354244,0.01992619926199262,0.00036900369003690036,0.17896678966789667,0.012915129151291513,0.035424354243542434,0.06199261992619926,0.05867158671586716,0.23468634686346865,0.01808118081180812,0.0,0.13284132841328414,0.0,Булгаков,Мастер и Маргарита
0.06043437204910293,0.07932011331444759,0.05240793201133145,0.008026440037771483,0.04343720491029273,0.017469310670443813,0.00047214353163361664,0.17847025495750707,0.006137865911237016,0.04107648725212465,0.056185080264400375,0.03824362606232295,0.26062322946175637,0.015108593012275733,0.0,0.14258734655335223,0.0,Булгаков,Мастер и Маргарита
0.09745425616547335,0.08631662688941925,0.03818615751789976,0.009148766905330152,0.0405727923627685,0.022275258552108195,0.004375497215592681,0.20047732696897375,0.00994431185361973,0.04017501988862371,0.04813046937151949,0.030628480509148768,0.24065234685759745,0.016308671439936355,0.0007955449482895784,0.11376292760540971,0.0007955449482895784,Булгаков,Белая гвардия
0.06366597571809299,0.08646727864968907,0.060704767545158425,0.00621853716316257,0.047379330766952915,0.01865561148948771,0.0011844832691738228,0.18448326917382293,0.007403020432336393,0.041753035238377256,0.06573882143914717,0.024578027835356824,0.22179449215279834,0.023689665383476458,0.0,0.14628368374296713,0.0,Булгаков,Мастер и Маргарита
0.06527833400080096,0.092110532639167,0.05887064477372848,0.007208650380456548,0.04164997997597117,0.022026431718061675,0.0,0.17861433720464556,0.0092110532639167,0.04565478574289147,0.05446535843011614,0.04124949939927913,0.22987585102122546,0.015218261914297157,0.0,0.13856627953544254,0.0,Булгаков,Мастер и Маргарита
0.04343582235236701,0.07808687164470474,0.0531966813079551,0.005856515373352855,0.04148365056124939,0.018545632015617375,0.002440214738897023,0.15422157149829185,0.00634455832113226,0.0424597364568082,0.06832601268911664,0.04489995119570522,0.2903855539287457,0.010736944851146901,0.0,0.13958028306490972,0.0,Булгаков,Мастер и Маргарита
0.0899091343854615,0.08608321377331421,0.05212816834050694,0.0052606408417025345,0.04256336681013869,0.00860832137733142,0.0,0.209947393591583,0.024390243902439025,0.031085604973696796,0.04160688665710186,0.04351984696317551,0.24007651841224295,0.014347202295552367,0.00047824007651841227,0.10903873744619799,0.0009564801530368245,Булгаков,Белая гвардия
0.0827617741197988,0.07864654778235025,0.07544581618655692,0.007773205304069501,0.04709647919524463,0.013717421124828532,0.0009144947416552355,0.1929583904892547,0.00594421582075903,0.020118884316415182,0.053955189757658895,0.017375400091449476,0.23365340649291266,0.01188843164151806,0.0,0.1572930955647005,0.0004572473708276177,Булгаков,Белая гвардия
0.04622980251346499,0.06104129263913824,0.06732495511669659,0.00718132854578097,0.034560143626570915,0.02872531418312388,0.0031418312387791743,0.15933572710951527,0.00718132854578097,0.042639138240574505,0.08168761220825853,0.01526032315978456,0.2737881508078995,0.02154398563734291,0.0,0.15035906642728905,0.0,Булгаков,Мастер и Маргарита
0.07512580877066859,0.10244428468727534,0.039180445722501796,0.006829618979151689,0.04205607476635514,0.018691588785046728,0.0003594536304816679,0.22645578720345075,0.017613227893601726,0.02192667145938174,0.054277498202731846,0.04421279654924515,0.19734004313443565,0.015456506110711718,0.0003594536304816679,0.1376707404744788,0.0,Булгаков,Белая гвардия
0.07418655097613883,0.08112798264642082,0.062039045553145336,0.008676789587852495,0.0368763557483731,0.013449023861171366,0.0013015184381778742,0.17960954446854663,0.006941431670281995,0.019956616052060738,0.05509761388286334,0.04511930585683297,0.24642082429501086,0.01735357917570499,0.0004338394793926247,0.15140997830802602,0.0,Булгаков,Белая гвардия
0.044978165938864625,0.06768558951965066,0.048034934497816595,0.012663755458515284,0.03711790393013101,0.016593886462882096,0.0017467248908296944,0.14017467248908297,0.003930131004366812,0.032314410480349345,0.09606986899563319,0.042358078602620086,0.26244541484716155,0.019650655021834062,0.0,0.17423580786026202,0.0,Булгаков,Мастер и Маргарита
0.06530898876404495,0.09058988764044944,0.05793539325842697,0.008075842696629214,0.05231741573033708,0.02598314606741573,0.0017556179775280898,0.19698033707865167,0.010182584269662922,0.04564606741573034,0.050912921348314606,0.023174157303370788,0.20962078651685392,0.014044943820224719,0.0,0.14747191011235955,0.0,Булгаков,Мастер и Маргарита
0.06182065217391304,0.07540760869565218,0.059103260869565216,0.006793478260869565,0.042798913043478264,0.019021739130434784,0.0020380434782608695,0.16032608695652173,0.0033967391304347825,0.03328804347826087,0.09578804347826086,0.030570652173913044,0.26290760869565216,0.012228260869565218,0.0,0.13451086956521738,0.0,Булгаков,Белая гвардия
0.11084567606306736,0.07453416149068323,0.03487816531294792,0.0019111323459149545,0.029622551361681796,0.009555661729574774,0.004300047778308648,0.23172479694218825,0.004300047778308648,0.020066889632107024,0.024366937410415672,0.03153368370759675,0.2842809364548495,0.008600095556617296,0.0,0.12804586717630195,0.001433349259436216,Булгаков,Белая гвардия
0.047470331043098064,0.06870705808869457,0.04934415990006246,0.006246096189881324,0.042473454091193005,0.016239850093691444,0.003123048094940662,0.18238600874453467,0.011867582760774516,0.04122423485321674,0.056214865708931916,0.03185509056839475,0.27795128044971895,0.013741411617738912,0.0,0.15053091817613992,0.0006246096189881324,Булгаков,Белая гвардия
0.06331403762662807,0.10238784370477569,0.05209840810419682,0.009406657018813314,0.04775687409551375,0.02170767004341534,0.000361794500723589,0.21562952243125905,0.009768451519536902,0.022793053545586108,0.0625904486251809,0.02894356005788712,0.18017366136034732,0.019898697539797394,0.0,0.16316931982633864,0.0,Булгаков,Мастер и Маргарита
0.06489908982983775,0.07954095765730115,0.07123070834982193,0.003561535417491096,0.048278591214879304,0.026513652552433715,0.001187178472497032,0.1519588444796201,0.004352987732489117,0.037989711119905026,0.07558369608231104,0.04629996042738425,0.22437673130193905,0.016224772457459437,0.0,0.14800158290463,0.0,Булгаков,Мастер и Маргарита
0.08699855002416626,0.0860318994683422,0.0430159497341711,0.0033832769453842437,0.045915901401643304,0.014983083615273078,0.0033832769453842437,0.2373127114548091,0.009666505558240696,0.02513291445142581,0.045915901401643304,0.027549540840985983,0.22861285645239246,0.01014983083615273,0.0,0.1319478008699855,0.0,Булгаков,Белая гвардия
0.08601036269430051,0.09067357512953368,0.05647668393782383,0.007772020725388601,0.049740932642487044,0.016580310880829015,0.0025906735751295338,0.22538860103626943,0.013471502590673576,0.030569948186528497,0.03316062176165803,0.032642487046632127,0.22538860103626943,0.01917098445595855,0.0,0.11036269430051814,0.0,Булгаков,Белая гвардия
0.06331959535406519,0.09254402397901836,0.05695016860247284,0.006369426751592357,0.04233795428999625,0.021356313225927313,0.0003746721618583739,0.18696140876732859,0.010116148370176097,0.03634319970026227,0.053952791307605844,0.044585987261146494,0.22967403521918323,0.014986886474334956,0.0,0.14012738853503184,0.0,Булгаков,Мастер и Маргарита
0.08808016877637131,0.08860759493670886,0.05643459915611814,0.006329113924050633,0.05063291139240506,0.014767932489451477,0.0010548523206751054,0.22679324894514769,0.013713080168776372,0.027426160337552744,0.03481012658227848,0.03217299578059072,0.22784810126582278,0.015822784810126583,0.0,0.11550632911392406,0.0,Булгаков,Белая гвардия
0.033559898045879354,0.06584536958368734,0.05352591333899745,0.006796941376380629,0.0395072217502124,0.022514868309260833,0.002548853016142736,0.13593882752761258,0.0016992353440951572,0.038232795242141036,0.08623619371282923,0.052251486830926085,0.2897196261682243,0.012744265080713678,0.0,0.1588785046728972,0.0,Булгаков,Мастер и Маргарита
0.05929003021148036,0.09516616314199396,0.05211480362537765,0.008308157099697885,0.04833836858006042,0.023413897280966767,0.00037764350453172205,0.20657099697885195,0.012084592145015106,0.03361027190332326,0.05022658610271903,0.0324773413897281,0.19939577039274925,0.01661631419939577,0.0,0.16200906344410876,0.0,Булгаков,Мастер и Маргарита
0.07518504090377873,0.09271523178807947,0.057265290222049084,0.009349435138293729,0.043241137514608494,0.02259446825087651,0.00038955979742890534,0.1897156213478769,0.0062329567588624854,0.03389170237631477,0.050642773665757694,0.03934553954031944,0.2052980132450331,0.02337358784573432,0.0,0.15075964160498637,0.0,Булгаков,Мастер и Маргарита
0.07995951417004049,0.08046558704453441,0.046052631578947366,0.006072874493927126,0.039473684210526314,0.018218623481781375,0.0025303643724696357,0.19888663967611336,0.013157894736842105,0.032388663967611336,0.04757085020242915,0.06831983805668017,0.23785425101214575,0.016700404858299597,0.0,0.10981781376518218,0.0025303643724696357,Булгаков,Белая гвардия
0.05003207184092367,0.07953816549069917,0.05452212957023733,0.005131494547787043,0.046183450930083386,0.026298909557408594,0.001924310455420141,0.1725465041693393,0.01731879409878127,0.0391276459268762,0.10262989095574086,0.007697241821680564,0.23733162283515075,0.021808851828094934,0.0,0.13598460551635663,0.001924310455420141,Булгаков,Морфий
0.04939759036144578,0.08012048192771085,0.05421686746987952,0.004216867469879518,0.04578313253012048,0.02530120481927711,0.0018072289156626507,0.17650602409638555,0.016265060240963854,0.04036144578313253,0.10240963855421686,0.007228915662650603,0.23795180722891565,0.022289156626506025,0.0,0.13493975903614458,0.0012048192771084338,Булгаков,Морфий
0.04976427448926139,0.08067050811943426,0.06495547407019382,0.006809848088004191,0.045049764274489264,0.011000523834468309,0.001571503404924044,0.1749607124148769,0.00785751702462022,0.03823991618648507,0.057621791513881616,0.03666841278156103,0.2566788894709272,0.010476689366160294,0.0,0.15767417496071243,0.0,Булгаков,Белая гвардия
0.043308791684711995,0.07189259419662192,0.058033780857514074,0.0086617583369424,0.03984408834993504,0.0259852750108272,0.00043308791684711995,0.13988739714161974,0.0043308791684712,0.036379385015158076,0.09181463837158943,0.039411000433087914,0.26201818969250756,0.017756604590731917,0.0,0.16024252923343438,0.0,Булгаков,Мастер и Маргарита
0.06932773109243698,0.07668067226890757,0.06302521008403361,0.006827731092436975,0.044642857142857144,0.01680672268907563,0.0015756302521008404,0.20850840336134455,0.01050420168067227,0.028361344537815126,0.04044117647058824,0.03046218487394958,0.24789915966386555,0.014705882352941176,0.0,0.1402310924369748,0.0,Булгаков,Белая гвардия
0.058333333333333334,0.10036231884057971,0.057608695652173914,0.011956521739130435,0.04818840579710145,0.020289855072463767,0.0007246376811594203,0.1996376811594203,0.007608695652173913,0.02644927536231884,0.06956521739130435,0.02717391304347826,0.18731884057971016,0.021739130434782608,0.0,0.16304347826086957,0.0,Булгаков,Мастер и Маргарита
0.06050605060506051,0.07590759075907591,0.055372203887055375,0.0018335166850018336,0.04987165383204987,0.0297029702970297,0.0007334066740007334,0.1741840850751742,0.007700770077007701,0.03997066373303997,0.058672533920058674,0.04327099376604327,0.2335900256692336,0.021268793546021268,0.0,0.1474147414741474,0.0,Булгаков,Мастер и Маргарита
0.06420068027210885,0.07908163265306123,0.06547619047619048,0.0055272108843537416,0.041666666666666664,0.0195578231292517,0.0021258503401360546,0.1798469387755102,0.012329931972789115,0.02806122448979592,0.06420068027210885,0.0391156462585034,0.24404761904761904,0.013605442176870748,0.0,0.141156462585034,0.0,Булгаков,Мастер и Маргарита
0.05182341650671785,0.07437619961612284,0.060460652591170824,0.0067178502879078695,0.04126679462571977,0.01583493282149712,0.003838771593090211,0.15547024952015356,0.003838771593090211,0.030710172744721688,0.09596928982725528,0.02783109404990403,0.2514395393474088,0.013915547024952015,0.0,0.1665067178502879,0.0,Булгаков,Мастер и Маргарита
0.0536623580101841,0.07324716020368194,0.05170387779083431,0.0015667841754798276,0.04504504504504504,0.028593811202506855,0.0019584802193497847,0.16568742655699178,0.007442224833529181,0.04778691735213474,0.06345475910693302,0.03760282021151586,0.2491186839012926,0.021151586368977675,0.0,0.1519780650215433,0.0,Булгаков,Мастер и Маргарита
0.04680365296803653,0.06735159817351598,0.0700152207001522,0.007229832572298325,0.03919330289193303,0.023972602739726026,0.00076103500761035,0.15334855403348555,0.002663622526636225,0.0441400304414003,0.09018264840182648,0.0167427701674277,0.24733637747336376,0.020167427701674276,0.0,0.17009132420091325,0.0,Булгаков,Мастер и Маргарита
0.05090006207324643,0.07200496585971446,0.03786468032278088,0.006828057107386716,0.03414028553693358,0.021725636250775917,0.0006207324643078833,0.17628801986343887,0.00558659217877095,0.035381750465549346,0.07200496585971446,0.027932960893854747,0.27932960893854747,0.0074487895716946,0.0,0.1719428926132837,0.0,Шолохов,Тихий дон. Третья книга
0.06150206978119456,0.08279124778237729,0.04967474866942637,0.007096392667060911,0.03311649911295092,0.013601419278533412,0.0029568302779420462,0.16794795978710822,0.0059136605558840925,0.04849201655824956,0.06918982850384388,0.041986989946777055,0.2483737433471319,0.012418687167356593,0.0,0.15493790656416323,0.0,Шолохов,Тихий дон. Третья книга
0.07506950880444857,0.0685820203892493,0.04031510658016682,0.003243744207599629,0.026413345690454126,0.014365152919369786,0.0037071362372567192,0.2099165894346617,0.006950880444856348,0.025486561631139944,0.038461538461538464,0.032900834105653386,0.2761816496756256,0.009731232622798888,0.0,0.14921223354958293,0.019462465245597776,Шолохов,Тихий дон. Вторая книга
0.0704727921498662,0.09143621766280106,0.04504906333630687,0.006690454950936664,0.03479036574487065,0.018287243532560213,0.001784121320249777,0.2087421944692239,0.008920606601248885,0.034344335414808205,0.04683318465655665,0.03256021409455843,0.23862622658340768,0.015165031222123104,0.0,0.1462979482604817,0.0,Шолохов,Тихий дон. Третья книга
0.08931337119256583,0.0996386164171399,0.049044914816726896,0.005162622612287042,0.03820340733092411,0.020650490449148167,0.0,0.22354155911202891,0.008776458440887971,0.021166752710376872,0.054723799690242644,0.011874032008260196,0.22922044398554467,0.00980898296334538,0.0,0.13887454827052143,0.0,Шолохов,Тихий дон. Третья книга
0.07244723331431831,0.09070165430690245,0.04677695379349686,0.00912721049629207,0.037649743297204795,0.01825442099258414,0.0005704506560182544,0.22989161437535655,0.008556759840273816,0.027952082144894468,0.037649743297204795,0.02452937820878494,0.24586423274386765,0.010838562464346835,0.0,0.13918996006845408,0.0,Шолохов,Тихий дон. Третья книга
0.0610079575596817,0.08116710875331565,0.035543766578249335,0.003183023872679045,0.03395225464190981,0.015384615384615385,0.0010610079575596816,0.21114058355437665,0.006896551724137931,0.028647214854111407,0.04509283819628647,0.027586206896551724,0.2716180371352785,0.01220159151193634,0.0,0.16551724137931034,0.0,Шолохов,Тихий дон. Третья книга
0.08745247148288973,0.10152091254752851,0.04600760456273764,0.001520912547528517,0.027756653992395436,0.019011406844106463,0.00038022813688212925,0.22357414448669202,0.007984790874524715,0.015209125475285171,0.03574144486692015,0.0403041825095057,0.22281368821292777,0.012927756653992395,0.0,0.15779467680608364,0.0,Шолохов,Тихий дон. Вторая книга
0.08831058020477815,0.08233788395904437,0.050341296928327645,0.005119453924914676,0.025170648464163822,0.016638225255972697,0.0008532423208191126,0.22098976109215018,0.011092150170648464,0.015784982935153583,0.04308873720136519,0.013225255972696246,0.2525597269624573,0.006825938566552901,0.0,0.16296928327645052,0.00469283276450512,Шолохов,Тихий дон. Вторая книга
0.08413205537806177,0.07667731629392971,0.046858359957401494,0.004792332268370607,0.03461128860489883,0.01757188498402556,0.0,0.2066027689030884,0.008519701810436636,0.023961661341853034,0.06975505857294995,0.021299254526091587,0.2523961661341853,0.010649627263045794,0.0,0.14217252396166133,0.0,Шолохов,Тихий дон. Третья книга
0.06317204301075269,0.06653225806451613,0.04502688172043011,0.0013440860215053765,0.03494623655913978,0.0114247311827957,0.003360215053763441,0.16868279569892472,0.008064516129032258,0.033602150537634407,0.05712365591397849,0.02486559139784946,0.30913978494623656,0.010080645161290322,0.0,0.16263440860215053,0.0,Шолохов,Тихий дон. Третья книга
0.05812807881773399,0.07733990147783251,0.04285714285714286,0.00541871921182266,0.035467980295566505,0.022167487684729065,0.001477832512315271,0.17536945812807883,0.002955665024630542,0.03596059113300493,0.06403940886699508,0.035467980295566505,0.2812807881773399,0.014285714285714285,0.0,0.1477832512315271,0.0,Шолохов,Тихий дон. Вторая книга
0.06794871794871794,0.07435897435897436,0.051923076923076926,0.005128205128205128,0.02435897435897436,0.02435897435897436,0.000641025641025641,0.19743589743589743,0.008333333333333333,0.028205128205128206,0.047435897435897434,0.023076923076923078,0.28974358974358977,0.010256410256410256,0.0,0.1467948717948718,0.0,Шолохов,Тихий дон. Вторая книга
0.0842671447781264,0.10264455401165397,0.039444195428059166,0.008516360376512775,0.023756163155535633,0.020170327207530255,0.0,0.19856566562079786,0.010309278350515464,0.017929179740026894,0.04796055580457194,0.05692514567458539,0.2254594352308382,0.011205737337516808,0.0,0.15284625728372928,0.0,Шолохов,Тихий дон. Вторая книга
0.05965559655596556,0.07257072570725707,0.046740467404674045,0.005535055350553505,0.02890528905289053,0.014760147601476014,0.0,0.16728167281672818,0.007995079950799507,0.03690036900369004,0.05412054120541206,0.056580565805658053,0.27982779827798276,0.014760147601476014,0.0,0.15436654366543665,0.0,Шолохов,Тихий дон. Третья книга
0.0805921052631579,0.09991776315789473,0.047697368421052634,0.002055921052631579,0.03042763157894737,0.019325657894736843,0.00041118421052631577,0.21299342105263158,0.009046052631578948,0.020148026315789474,0.04523026315789474,0.038240131578947366,0.22779605263157895,0.015213815789473685,0.0,0.15090460526315788,0.0,Шолохов,Тихий дон. Вторая книга
0.08442871587462084,0.0935288169868554,0.04499494438827098,0.006572295247724975,0.0262891809908999,0.014155712841253791,0.0010111223458038423,0.2204246713852376,0.017189079878665317,0.015166835187057633,0.052072800808897875,0.041456016177957536,0.22598584428715873,0.007077856420626896,0.0,0.14914054600606674,0.0005055611729019212,Шолохов,Тихий дон. Вторая книга
0.08152994464016104,0.08354302969300453,0.05737292400603926,0.0055359838953195776,0.025666834423754403,0.02214393558127831,0.0005032712632108706,0.1831907398087569,0.009058882737795673,0.026673376950176145,0.06190236537493709,0.027679919476597887,0.26321087065928533,0.012078510317060896,0.0,0.13990941117262204,0.0,Шолохов,Тихий дон. Вторая книга
0.051070840197693576,0.0785282811641955,0.043931905546403076,0.007138934651290499,0.03185063152114223,0.028555738605161998,0.0005491488193300384,0.17957166392092258,0.0032948929159802307,0.039538714991762765,0.08896210873146623,0.029654036243822075,0.24327292696320704,0.019769357495881382,0.0,0.1543108182317408,0.0,Шолохов,Тихий дон. Третья книга
0.064065230052417,0.10949330227140361,0.040768782760629,0.007571345369831101,0.026208503203261502,0.014560279557367502,0.0005824111822947001,0.20966802562609202,0.009900990099009901,0.0256260920209668,0.043680838672102505,0.0448456610366919,0.22830518345952241,0.011648223645894,0.0,0.163075131042516,0.0,Шолохов,Тихий дон. Третья книга
0.06881616939364774,0.08325312800769971,0.04812319538017324,0.01010587102983638,0.0370548604427334,0.01828681424446583,0.00048123195380173246,0.20741097208854667,0.006256015399422521,0.03464870067372473,0.05726660250240616,0.019249278152069296,0.24398460057747834,0.014918190567853706,0.0,0.15014436958614052,0.0,Шолохов,Тихий дон. Третья книга
0.07796471070988921,0.08576118178087813,0.05375461633155519,0.006155108740254411,0.04021337710299549,0.018465326220763235,0.0012310217480508822,0.20024620434961019,0.006975789905621666,0.029544521953221173,0.054985638079606075,0.043085761181780875,0.22363561756257694,0.014361920393926959,0.0,0.1436192039392696,0.0,Шолохов,Тихий дон. Третья книга
0.06027397260273973,0.09424657534246575,0.052054794520547946,0.004383561643835616,0.03123287671232877,0.015342465753424657,0.000547945205479452,0.1726027397260274,0.012054794520547946,0.03232876712328767,0.054246575342465755,0.0526027397260274,0.2482191780821918,0.012602739726027398,0.0,0.15726027397260273,0.0,Шолохов,Тихий дон. Третья книга
0.06878908470722,0.0938032973280273,0.04036384309266629,0.0062535531552018195,0.02274019329164298,0.01762364980102331,0.0005685048322910744,0.20466173962478681,0.008527572484366117,0.021034678794769755,0.06424104604889141,0.03581580443433769,0.2450255827174531,0.009664582148948267,0.0,0.16088686753837408,0.0,Шолохов,Тихий дон. Третья книга
0.06812749003984064,0.08924302788844622,0.052191235059760956,0.004382470119521913,0.034661354581673305,0.016733067729083666,0.001195219123505976,0.21354581673306772,0.0035856573705179283,0.02549800796812749,0.04701195219123506,0.0402390438247012,0.2342629482071713,0.010358565737051793,0.0,0.1589641434262948,0.0,Шолохов,Тихий дон. Вторая книга
0.05478693967902601,0.08467072495849474,0.04925290536801328,0.005534034311012728,0.03597122302158273,0.018815716657443277,0.0,0.1604869950193691,0.013281682346430549,0.036524626452684006,0.06585500830105147,0.06087437742114001,0.2529053680132817,0.01549529607083564,0.0,0.14554510237963475,0.0,Шолохов,Тихий дон. Третья книга
0.06652126499454744,0.07470010905125408,0.0376226826608506,0.004362050163576881,0.03598691384950927,0.019083969465648856,0.0010905125408942203,0.20065430752453653,0.004362050163576881,0.031079607415485277,0.04743729552889858,0.027262813522355506,0.2786259541984733,0.012540894220283533,0.0,0.15866957470010906,0.0,Шолохов,Тихий дон. Третья книга
0.050130208333333336,0.095703125,0.044921875,0.006510416666666667,0.029296875,0.014973958333333334,0.001953125,0.2109375,0.009114583333333334,0.025390625,0.048177083333333336,0.041015625,0.2545572916666667,0.009114583333333334,0.0,0.158203125,0.0,Шолохов,Тихий дон. Третья книга
0.07124551512045105,0.08252178370066633,0.05433111225012814,0.005125576627370579,0.03844182470527934,0.022039979497693492,0.0005125576627370579,0.18810866222450026,0.007688364941055869,0.03177857508969759,0.06099436186570989,0.027678113787801127,0.24756535110199898,0.013326499231163505,0.0,0.1486417221937468,0.0,Шолохов,Тихий дон. Третья книга
0.09022272555681389,0.09173272933182333,0.04265760664401661,0.0022650056625141564,0.03020007550018875,0.01812004530011325,0.0011325028312570782,0.23178557946394865,0.009815024537561345,0.01812004530011325,0.03133257833144583,0.03586258965647414,0.23367308418271046,0.010192525481313703,0.0,0.15288788221970556,0.0,Шолохов,Тихий дон. Вторая книга
0.08689390302448392,0.09505520883341334,0.04128660585693711,0.002400384061449832,0.02784445511281805,0.025444071051368217,0.0019203072491598655,0.22611617858857416,0.0043206913106096975,0.024483917426788286,0.04272683629380701,0.03168506961113778,0.2400384061449832,0.01056168987037926,0.0,0.1387421987518003,0.00048007681228996637,Шолохов,Тихий дон. Вторая книга
0.052599388379204894,0.07889908256880734,0.04097859327217125,0.00672782874617737,0.020795107033639144,0.022629969418960245,0.0012232415902140672,0.18103975535168196,0.009785932721712538,0.03547400611620795,0.06972477064220184,0.024464831804281346,0.3015290519877676,0.012232415902140673,0.0,0.1418960244648318,0.0,Шолохов,Тихий дон. Вторая книга
0.06158357771260997,0.07282502443792767,0.043010752688172046,0.007820136852394917,0.033235581622678395,0.021994134897360705,0.0009775171065493646,0.1549364613880743,0.002932551319648094,0.04447702834799609,0.0772238514173998,0.02737047898338221,0.2820136852394917,0.021994134897360705,0.0,0.14760508308895406,0.0,Шолохов,Тихий дон. Вторая книга
0.06462781304096941,0.08366993652625505,0.04731679169070975,0.004616272360069244,0.019042123485285632,0.012117714945181766,0.0005770340450086555,0.19272937103289095,0.0051933064050779,0.02192729371032891,0.042123485285631854,0.060588574725908825,0.27351413733410274,0.008078476630121177,0.0,0.16387766878245816,0.0,Шолохов,Тихий дон. Вторая книга
0.07715260017050299,0.07161125319693094,0.050724637681159424,0.004688832054560955,0.034526854219948847,0.021312872975277068,0.00042625745950554135,0.18925831202046037,0.0034100596760443308,0.03665814151747655,0.05541346973572037,0.02855924978687127,0.26044330775788577,0.017476555839727195,0.0,0.1483375959079284,0.0,Шолохов,Тихий дон. Вторая книга
0.06753246753246753,0.07324675324675324,0.05090909090909091,0.0036363636363636364,0.024415584415584415,0.017662337662337664,0.001038961038961039,0.19272727272727272,0.012987012987012988,0.016103896103896103,0.04987012987012987,0.0374025974025974,0.26441558441558444,0.01090909090909091,0.0,0.17714285714285713,0.0,Шолохов,Тихий дон. Вторая книга
0.06701631701631702,0.087995337995338,0.049533799533799536,0.008741258741258742,0.038461538461538464,0.019230769230769232,0.0005827505827505828,0.21386946386946387,0.009324009324009324,0.030885780885780884,0.0472027972027972,0.02505827505827506,0.2534965034965035,0.008741258741258742,0.0,0.13986013986013987,0.0,Шолохов,Тихий дон. Третья книга
0.07239382239382239,0.08494208494208494,0.05405405405405406,0.004826254826254826,0.025096525096525095,0.01447876447876448,0.0,0.19498069498069498,0.013030888030888031,0.018822393822393823,0.041023166023166024,0.02750965250965251,0.2688223938223938,0.013996138996138996,0.0,0.16554054054054054,0.00048262548262548264,Шолохов,Тихий дон. Вторая книга
0.06536926147704591,0.08932135728542914,0.04241516966067864,0.008982035928143712,0.03493013972055888,0.022954091816367265,0.0014970059880239522,0.19560878243512975,0.008483033932135729,0.02694610778443114,0.053393213572854294,0.02944111776447106,0.26047904191616766,0.012974051896207584,0.0,0.1472055888223553,0.0,Шолохов,Тихий дон. Третья книга
0.057254391672088484,0.0741704619388419,0.048796356538711776,0.008458035133376708,0.03253090435914118,0.013662979830839297,0.0032530904359141183,0.16135328562134027,0.0071567989590110605,0.04098893949251789,0.054001301236174366,0.02992843201040989,0.2979830839297333,0.01236174365647365,0.0,0.15810019518542615,0.0,Шолохов,Тихий дон. Третья книга
0.08187357197258187,0.11538461538461539,0.049885757806549885,0.006854531607006854,0.03808073115003808,0.012185833968012186,0.0,0.23876618431073876,0.01408987052551409,0.02361005331302361,0.02856054836252856,0.03274942878903275,0.1964965727341965,0.012566641279512566,0.0,0.1485148514851485,0.0003808073115003808,Шолохов,Тихий дон. Третья книга
0.08911777877295118,0.08732646663681147,0.050604567845947156,0.005821764442454098,0.025078369905956112,0.017465293327362293,0.0013434841021047917,0.2270488132557098,0.011643528884908196,0.017465293327362293,0.03896103896103896,0.010300044782803403,0.24944021495745633,0.006269592476489028,0.0,0.16121809225257502,0.0008956560680698612,Шолохов,Тихий дон. Вторая книга
0.06546726636681659,0.08445777111444278,0.046476761619190406,0.009995002498750625,0.03698150924537731,0.022988505747126436,0.001999000499750125,0.17791104447776113,0.001999000499750125,0.049475262368815595,0.062468765617191405,0.02948525737131434,0.2463768115942029,0.014992503748125937,0.0,0.1489255372313843,0.0,Шолохов,Тихий дон. Третья книга
0.0851063829787234,0.08926919518963922,0.04810360777058279,0.009250693802035153,0.037927844588344126,0.01942645698427382,0.00046253469010175765,0.20120259019426456,0.011100832562442183,0.033765032377428304,0.0545790934320074,0.04486586493987049,0.22710453283996299,0.012950971322849213,0.0,0.1244218316373728,0.00046253469010175765,Шолохов,Тихий дон. Третья книга
0.08108108108108109,0.08639787328311918,0.05006645990252548,0.006202924235711121,0.03145768719539211,0.01860877270713336,0.0,0.19539211342490032,0.002215330084182543,0.02702702702702703,0.04563579973416039,0.04918032786885246,0.2459016393442623,0.01284891448825875,0.0,0.1479840496233939,0.0,Шолохов,Тихий дон. Вторая книга
0.05413313825896123,0.07095830285296269,0.03584491587417703,0.005120702267739576,0.029261155815654718,0.013899049012435992,0.0036576444769568397,0.16093635698610095,0.008046817849305048,0.04169714703730797,0.056327724945135334,0.027798098024871983,0.3152889539136796,0.013167520117044623,0.0,0.16386247256766642,0.0,Шолохов,Тихий дон. Третья книга
0.0665650406504065,0.09349593495934959,0.05436991869918699,0.008130081300813009,0.04014227642276423,0.01524390243902439,0.0,0.18191056910569106,0.003556910569105691,0.03353658536585366,0.061483739837398375,0.03353658536585366,0.23882113821138212,0.016260162601626018,0.0,0.15294715447154472,0.0,Шолохов,Тихий дон. Третья книга
0.059907834101382486,0.08640552995391705,0.056451612903225805,0.0017281105990783411,0.03225806451612903,0.013248847926267281,0.001152073732718894,0.19470046082949308,0.009216589861751152,0.026497695852534562,0.057027649769585256,0.026497695852534562,0.26497695852534564,0.01152073732718894,0.0,0.15841013824884792,0.0,Шолохов,Тихий дон. Третья книга
0.06461698801459093,0.08441896821261073,0.0484627410109432,0.014590932777488274,0.0385617509119333,0.020323084940072955,0.001563314226159458,0.1719645648775404,0.006253256904637832,0.04377279833246483,0.07191245440333507,0.0297029702970297,0.23970818134445024,0.015633142261594582,0.0,0.14799374674309537,0.0005211047420531526,Шолохов,Тихий дон. Третья книга
0.05752469494479954,0.08018593840790238,0.04997094712376525,0.006972690296339338,0.03428239395700174,0.013945380592678676,0.002905287623474724,0.15804764671702498,0.005229517722254503,0.05113306217315514,0.07611853573503777,0.04009296920395119,0.25624636839047066,0.013945380592678676,0.0,0.15339918651946544,0.0,Шолохов,Тихий дон. Третья книга
0.0746606334841629,0.08009049773755657,0.04072398190045249,0.0036199095022624436,0.022171945701357467,0.01764705882352941,0.0,0.19592760180995475,0.01085972850678733,0.02895927601809955,0.06289592760180995,0.026244343891402715,0.27828054298642535,0.01085972850678733,0.0,0.14705882352941177,0.0,Шолохов,Тихий дон. Вторая книга
0.07982370225269343,0.08031341821743389,0.05680705190989226,0.0053868756121449556,0.02644466209598433,0.023996082272282077,0.0004897159647404506,0.1802154750244858,0.00930460333006856,0.02742409402546523,0.06660137120470128,0.029872673849167482,0.2629774730656219,0.011753183153770812,0.0,0.1385896180215475,0.0,Шолохов,Тихий дон. Вторая книга
0.06338028169014084,0.096579476861167,0.03470824949698189,0.006036217303822937,0.03370221327967807,0.025150905432595575,0.0,0.20422535211267606,0.008551307847082495,0.025150905432595575,0.06338028169014084,0.032696177062374245,0.23792756539235413,0.015090543259557344,0.0,0.153420523138833,0.0,Шолохов,Тихий дон. Третья книга
0.061394380853277836,0.09625390218522373,0.04630593132154006,0.007284079084287201,0.027575442247658687,0.018210197710718003,0.0005202913631633715,0.18158168574401665,0.007804370447450572,0.027055150884495317,0.06503642039542143,0.05723204994797086,0.24869927159209157,0.009365244536940686,0.0,0.14568158168574402,0.0,Шолохов,Тихий дон. Вторая книга
0.08999521302058401,0.08185734801340354,0.05840114887505984,0.003829583532790809,0.03781713738630924,0.018190521780756343,0.0,0.21206318812829106,0.003829583532790809,0.023456199138343705,0.05505026328386788,0.02202010531354715,0.23216850167544278,0.011967448539971278,0.0,0.14935375777884155,0.0,Шолохов,Тихий дон. Третья книга
0.05363321799307959,0.07439446366782007,0.0461361014994233,0.006920415224913495,0.02768166089965398,0.020184544405997693,0.0005767012687427913,0.18685121107266436,0.01384083044982699,0.03517877739331027,0.04786620530565167,0.030565167243367934,0.27335640138408307,0.00922722029988466,0.0,0.17358708189158017,0.0,Шолохов,Тихий дон. Вторая книга
0.05913660555884092,0.09816676522767594,0.0514488468361916,0.004730928444707274,0.02897693672383205,0.014192785334121822,0.0005913660555884093,0.18332347723240686,0.010644589000591367,0.03075103489059728,0.05263157894736842,0.0514488468361916,0.2430514488468362,0.010053222945002957,0.0,0.1608515671200473,0.0,Шолохов,Тихий дон. Третья книга
0.05535248041775457,0.0751958224543081,0.04699738903394256,0.006788511749347258,0.035509138381201046,0.02193211488250653,0.0010443864229765013,0.15091383812010445,0.0026109660574412533,0.04908616187989556,0.07728459530026109,0.042819843342036555,0.27676240208877284,0.012532637075718016,0.0,0.14516971279373367,0.0,Шолохов,Тихий дон. Третья книга
0.06878908470722,0.07504263786242182,0.04093234792495736,0.005685048322910745,0.03240477544059125,0.02160318362706083,0.003979533826037522,0.19783968163729393,0.008527572484366117,0.04093234792495736,0.059124502558271744,0.025582717453098352,0.25696418419556566,0.012507106310403639,0.0,0.14781125639567935,0.0022740193291642978,Шолохов,Тихий дон. Вторая книга
0.05903866248693835,0.07836990595611286,0.042842215256008356,0.006269592476489028,0.027168234064785787,0.022988505747126436,0.0005224660397074191,0.2006269592476489,0.014106583072100314,0.025078369905956112,0.04754440961337513,0.03239289446185998,0.25705329153605017,0.008881922675026124,0.0,0.17711598746081506,0.0,Шолохов,Тихий дон. Вторая книга
0.06586513329848406,0.08102456874019864,0.04391008886565604,0.009409304756926294,0.03397804495556717,0.017250392054364874,0.0015682174594877157,0.20961840041819133,0.004181913225300575,0.03554626241505489,0.05593308938839519,0.014113957135389441,0.25927861996863566,0.013591217982226868,0.0,0.15420805018295872,0.0005227391531625719,Шолохов,Тихий дон. Третья книга
0.06254158349966733,0.0771789753825682,0.046573519627411845,0.009314703925482368,0.029940119760479042,0.020625415834996674,0.0006653359946773121,0.16699933466400532,0.00332667997338656,0.0332667997338656,0.06719893546240852,0.033932135728542916,0.2801064537591484,0.017298735861610112,0.0,0.15103127079174983,0.0,Шолохов,Тихий дон. Третья книга
0.06756152125279642,0.0814317673378076,0.042505592841163314,0.008501118568232663,0.02953020134228188,0.020134228187919462,0.004921700223713647,0.21879194630872484,0.004026845637583893,0.0348993288590604,0.035794183445190156,0.027293064876957495,0.2791946308724832,0.012080536912751677,0.0,0.13243847874720358,0.0008948545861297539,Шолохов,Тихий дон. Вторая книга
0.06291706387035272,0.0776930409914204,0.05100095328884652,0.008102955195424213,0.03765490943755958,0.02001906577693041,0.00047664442326024784,0.19304099142040038,0.008102955195424213,0.03670162059103908,0.05862726406101049,0.03479504289799809,0.2554814108674929,0.01572926596758818,0.0,0.13965681601525262,0.0,Шолохов,Тихий дон. Третья книга
0.07404426559356136,0.09336016096579478,0.04507042253521127,0.007243460764587525,0.03501006036217304,0.017706237424547282,0.00040241448692152917,0.20724346076458752,0.007243460764587525,0.028169014084507043,0.037826961770623745,0.04346076458752515,0.23822937625754528,0.012072434607645875,0.0,0.1529175050301811,0.0,Шолохов,Тихий дон. Вторая книга
0.08128449573507275,0.09433015554440542,0.04967385850476668,0.007024586051179127,0.0386352232814852,0.02007024586051179,0.0005017561465127947,0.2408429503261415,0.012042147516307075,0.02408429503261415,0.03411941796287005,0.025087807325639738,0.21424987456096337,0.012042147516307075,0.0,0.14601103863522327,0.0,Шолохов,Тихий дон. Третья книга
0.05214723926380368,0.07770961145194274,0.04652351738241309,0.007157464212678937,0.03834355828220859,0.020961145194274028,0.0010224948875255625,0.15644171779141106,0.002556237218813906,0.04856850715746421,0.07822085889570553,0.03936605316973415,0.2719836400817996,0.014826175869120654,0.0,0.1441717791411043,0.0,Шолохов,Тихий дон. Третья книга
0.06816961889425657,0.09500805152979067,0.0499194847020934,0.003757380568974772,0.020933977455716585,0.014492753623188406,0.0,0.20772946859903382,0.006977992485238862,0.02522812667740204,0.048845947396672036,0.017713365539452495,0.274825550187869,0.013419216317767043,0.0,0.1529790660225443,0.0,Шолохов,Тихий дон. Вторая книга
0.06146445750935329,0.08284339925173703,0.04756814537680385,0.009620523784072688,0.036344200962052375,0.016568679850347406,0.0016034206306787815,0.19561731694281134,0.006413682522715126,0.03527525387493319,0.05291288081239979,0.021378941742383754,0.2725815072153928,0.01122394441475147,0.0,0.14858364510956706,0.0,Шолохов,Тихий дон. Третья книга
0.052318668252080855,0.09274673008323424,0.043400713436385255,0.007134363852556481,0.019619500594530322,0.01248513674197384,0.002972651605231867,0.20214030915576695,0.004161712247324614,0.026159334126040427,0.0535077288941736,0.034482758620689655,0.2806183115338882,0.009512485136741973,0.0,0.15873959571938168,0.0,Шолохов,Тихий дон. Вторая книга
0.06710726995424504,0.09150991357397051,0.05236400610066091,0.001525165226232842,0.04067107269954245,0.0157600406710727,0.001525165226232842,0.21657346212506354,0.004067107269954245,0.026436197254702594,0.041687849517031014,0.027452974072191154,0.24199288256227758,0.012201321809862735,0.0,0.15912557193695984,0.0,Шолохов,Тихий дон. Третья книга
0.07659774436090226,0.08740601503759399,0.04887218045112782,0.01456766917293233,0.03994360902255639,0.020676691729323307,0.0014097744360902255,0.19689849624060152,0.010808270676691729,0.03994360902255639,0.0587406015037594,0.02725563909774436,0.21945488721804512,0.01456766917293233,0.0,0.14285714285714285,0.0,Шолохов,Тихий дон. Третья книга
0.061850311850311854,0.08212058212058213,0.0498960498960499,0.004677754677754678,0.04002079002079002,0.02702702702702703,0.0005197505197505198,0.18243243243243243,0.005197505197505198,0.04261954261954262,0.06860706860706861,0.02338877338877339,0.25467775467775466,0.017151767151767153,0.0,0.1392931392931393,0.0005197505197505198,Шолохов,Тихий дон. Третья книга
0.10682768230376219,0.09753831862517418,0.04180213655364608,0.006967022758941012,0.03529958197863446,0.014398513701811427,0.0018578727357176034,0.23362749651648862,0.011611704598235021,0.025545750116117046,0.030654900139340455,0.03204830469112866,0.222480260102183,0.010682768230376219,0.0,0.12865768694844404,0.0,Шолохов,Тихий дон. Вторая книга
0.09175738724727839,0.09279419388284085,0.04665629860031104,0.004665629860031105,0.0352514256091239,0.02021772939346812,0.0010368066355624676,0.23846552617936756,0.01347848626231208,0.02592016588906169,0.04510108864696734,0.02695697252462416,0.21669258683255574,0.009849663037843442,0.0,0.13115603939865214,0.0,Шолохов,Тихий дон. Вторая книга
0.08817553839902478,0.11499390491670053,0.047541649735879724,0.004876066639577408,0.03657049979683056,0.016659894351889477,0.0,0.24908573750507923,0.007314099959366111,0.016659894351889477,0.028037383177570093,0.042259244209670865,0.20032507110930517,0.012190166598943519,0.0,0.13531084924827305,0.0,Шолохов,Тихий дон. Третья книга
0.08025291828793775,0.0933852140077821,0.05155642023346303,0.012159533073929961,0.036478599221789886,0.017023346303501944,0.0009727626459143969,0.2130350194552529,0.012159533073929961,0.02480544747081712,0.054474708171206226,0.029182879377431907,0.20184824902723736,0.014591439688715954,0.0,0.1580739299610895,0.0,Шолохов,Тихий дон. Третья книга
0.054626532887402456,0.09977703455964325,0.05239687848383501,0.0039018952062430325,0.030100334448160536,0.016164994425863992,0.0011148272017837235,0.22408026755852842,0.017837235228539576,0.020624303232998884,0.03400222965440357,0.03121516164994426,0.24749163879598662,0.005016722408026756,0.0,0.1616499442586399,0.0,Шолохов,Тихий дон. Третья книга
0.09863013698630137,0.08180039138943249,0.04031311154598826,0.006653620352250489,0.03405088062622309,0.02857142857142857,0.0,0.21956947162426615,0.0062622309197651665,0.025048923679060666,0.03953033268101761,0.049315068493150684,0.20587084148727985,0.019569471624266144,0.0,0.14481409001956946,0.0,Шолохов,Тихий дон. Вторая книга
0.08985382631126397,0.10060189165950129,0.04514187446259673,0.006448839208942391,0.03267411865864144,0.018916595012897677,0.0008598452278589854,0.24247635425623387,0.013327601031814273,0.021496130696474634,0.03998280309544282,0.03224419604471195,0.20335339638865005,0.012897678417884782,0.0,0.13972484952708514,0.0,Шолохов,Тихий дон. Вторая книга
0.09269769201664775,0.08929247067726069,0.053348467650397274,0.0056753688989784334,0.03026863412788498,0.019296254256526674,0.0,0.20279984865682937,0.007567158531971245,0.028755202421490732,0.0510783200908059,0.019674612183125235,0.24101399924328415,0.010972379871358306,0.0,0.14755959137343927,0.0,Шолохов,Тихий дон. Вторая книга
0.08169506334643949,0.08519003931847968,0.05329838357361293,0.010048055919615552,0.031891655744866756,0.024464831804281346,0.00043687199650502403,0.18304936653560508,0.007863695937090432,0.03494975972040192,0.06378331148973351,0.03363914373088685,0.2503276539973788,0.015727391874180863,0.0,0.12319790301441677,0.00043687199650502403,Шолохов,Тихий дон. Вторая книга
0.07643312101910828,0.09723991507430998,0.05477707006369427,0.010615711252653927,0.033121019108280254,0.01910828025477707,0.0012738853503184713,0.22165605095541402,0.009341825902335456,0.030148619957537155,0.04246284501061571,0.02335456475583864,0.22038216560509555,0.014012738853503185,0.0,0.14607218683651804,0.0,Шолохов,Тихий дон. Третья книга
0.05794392523364486,0.08286604361370717,0.049221183800623056,0.0024922118380062306,0.01806853582554517,0.0161993769470405,0.0024922118380062306,0.1912772585669782,0.005607476635514018,0.030529595015576325,0.059190031152647975,0.04299065420560748,0.2722741433021807,0.011214953271028037,0.0,0.1576323987538941,0.0,Шолохов,Тихий дон. Вторая книга
0.07505241090146751,0.11446540880503145,0.04905660377358491,0.007966457023060796,0.03605870020964361,0.014675052410901468,0.0,0.23018867924528302,0.014675052410901468,0.024737945492662474,0.03773584905660377,0.026834381551362682,0.20670859538784067,0.012578616352201259,0.0,0.1488469601677149,0.0004192872117400419,Шолохов,Тихий дон. Третья книга
0.07674418604651163,0.08325581395348837,0.05581395348837209,0.0051162790697674414,0.02883720930232558,0.02372093023255814,0.00046511627906976747,0.1772093023255814,0.012093023255813953,0.030697674418604652,0.07069767441860465,0.03209302325581395,0.2567441860465116,0.012558139534883722,0.0,0.13395348837209303,0.0,Шолохов,Тихий дон. Вторая книга
0.08980493191019506,0.10231873389768127,0.04895104895104895,0.002208317997791682,0.02981229297018771,0.01950680898049319,0.000368052999631947,0.2193595877806404,0.009201324990798674,0.016930437983069563,0.04011777695988222,0.03643724696356275,0.21899153478100847,0.01582627898417372,0.0,0.15016562384983437,0.0,Шолохов,Тихий дон. Вторая книга
0.08624938393297191,0.09167077378018729,0.04977821586988664,0.005914243469689502,0.03942828979793001,0.018235584031542632,0.0004928536224741252,0.2464268112370626,0.010842779694430755,0.020699852143913258,0.032035485460818136,0.023164120256283883,0.2148841793987186,0.011335633316904879,0.0,0.1488417939871858,0.0,Шолохов,Тихий дон. Третья книга
0.057297297297297295,0.08540540540540541,0.04216216216216216,0.003243243243243243,0.032432432432432434,0.015675675675675675,0.0016216216216216215,0.1783783783783784,0.012432432432432432,0.034594594594594595,0.06324324324324325,0.04540540540540541,0.24432432432432433,0.014054054054054054,0.0,0.16972972972972972,0.0,Шолохов,Тихий дон. Третья книга
0.0891089108910891,0.10973597359735973,0.04579207920792079,0.009900990099009901,0.033003300330033,0.015676567656765675,0.0,0.24463696369636964,0.01773927392739274,0.02557755775577558,0.039603960396039604,0.02433993399339934,0.18523102310231024,0.014438943894389438,0.0,0.14521452145214522,0.0,Шолохов,Тихий дон. Третья книга
0.07390084190832553,0.0813844714686623,0.05378858746492049,0.007015902712815715,0.026192703461178673,0.023854069223573433,0.0004677268475210477,0.17633302151543498,0.01216089803554724,0.031805425631431246,0.07296538821328344,0.03320860617399439,0.2637979420018709,0.009354536950420954,0.0,0.13376987839101964,0.0,Шолохов,Тихий дон. Вторая книга
0.05888594164456233,0.08116710875331565,0.047214854111405836,0.006896551724137931,0.026525198938992044,0.02493368700265252,0.0005305039787798408,0.1893899204244032,0.004774535809018567,0.03872679045092838,0.07745358090185676,0.03076923076923077,0.23713527851458885,0.01856763925729443,0.0,0.1570291777188329,0.0,Шолохов,Тихий дон. Третья книга
0.06638566912539515,0.0690200210748156,0.04689146469968388,0.005268703898840885,0.02423603793466807,0.022128556375131718,0.001053740779768177,0.18177028451001054,0.012118018967334035,0.02370916754478398,0.05690200210748156,0.037407797681770286,0.2655426765015806,0.007376185458377239,0.0,0.18018967334035826,0.0,Шолохов,Тихий дон. Вторая книга
0.037219101123595506,0.07654494382022473,0.05547752808988764,0.009129213483146067,0.0351123595505618,0.028792134831460675,0.0014044943820224719,0.17696629213483145,0.006320224719101123,0.04424157303370786,0.06390449438202248,0.028089887640449437,0.2696629213483146,0.01544943820224719,0.0,0.15168539325842698,0.0,Шолохов,Тихий дон. Третья книга
0.06647887323943662,0.09577464788732394,0.04056338028169014,0.006197183098591549,0.022535211267605635,0.017464788732394366,0.0005633802816901409,0.20619718309859156,0.008450704225352112,0.02140845070422535,0.06422535211267606,0.03549295774647887,0.24394366197183098,0.010140845070422535,0.0,0.16056338028169015,0.0,Шолохов,Тихий дон. Третья книга
0.07523364485981308,0.08271028037383178,0.05654205607476635,0.0051401869158878505,0.02897196261682243,0.02383177570093458,0.00046728971962616824,0.17476635514018693,0.011682242990654205,0.03130841121495327,0.07242990654205607,0.032242990654205606,0.25747663551401867,0.012616822429906542,0.0,0.13457943925233645,0.0,Шолохов,Тихий дон. Вторая книга
0.09570724841660802,0.09218859957776214,0.04152005629838142,0.00844475721323012,0.04081632653061224,0.02287121745249824,0.0,0.21428571428571427,0.009148486980999296,0.027797325826882477,0.04116819141449683,0.048909218859957776,0.21252638986629135,0.012315270935960592,0.0,0.13230119634060522,0.0,Шолохов,Тихий дон. Вторая книга
0.06752037252619325,0.09254947613504075,0.05355064027939464,0.0034924330616996507,0.02619324796274738,0.01920838183934808,0.002910360884749709,0.19383003492433062,0.007566938300349243,0.03143189755529686,0.05355064027939464,0.03667054714784633,0.24447031431897556,0.012805587892898719,0.0,0.15424912689173456,0.0,Шолохов,Тихий дон. Третья книга
0.0535833891493637,0.08439383791024782,0.048894842598794376,0.008707300736771601,0.0361687876758205,0.01942397856664434,0.0013395847287340924,0.2016075016744809,0.0053583389149363695,0.03281982585398526,0.056932350971198926,0.02478231748158071,0.2772940388479571,0.009377093101138647,0.0,0.13931681178834562,0.0,Шолохов,Тихий дон. Третья книга
0.0748430709802028,0.08739739256397876,0.04925156929019797,0.014485755673587638,0.039111540318686626,0.020762916465475616,0.0014485755673587638,0.18783196523418638,0.009657170449058426,0.04007725736359247,0.06180589087397392,0.02993722839208112,0.2225977788507967,0.014485755673587638,0.0,0.14582327378078222,0.0004828585224529213,Шолохов,Тихий дон. Третья книга
0.0856137607505864,0.08913213448006255,0.054730258014073496,0.005863956215793589,0.02541047693510555,0.018764659890539485,0.00039093041438623924,0.20367474589523066,0.006254886630179828,0.023846755277560593,0.05043002345582486,0.023846755277560593,0.24745895230648945,0.011727912431587178,0.0,0.15285379202501956,0.0,Шолохов,Тихий дон. Вторая книга
0.05583195135433942,0.08402432283029299,0.04643449419568822,0.003869541182974019,0.028745163073521283,0.015478164731896076,0.0,0.19624101713653952,0.007186290768380321,0.029297954671088998,0.053620784964068545,0.037037037037037035,0.27252625760088445,0.013266998341625208,0.0,0.1564400221116639,0.0,Шолохов,Тихий дон. Третья книга
0.054294175715695954,0.08045409674234946,0.04590325765054294,0.0024679170779861796,0.0384995064165844,0.015301085883514315,0.0004935834155972359,0.17966436327739388,0.005429417571569595,0.035538005923000986,0.0686080947680158,0.032082922013820334,0.2783810463968411,0.01678183613030602,0.0,0.14610069101678183,0.0,Шолохов,Тихий дон. Третья книга
0.07154471544715447,0.0943089430894309,0.04715447154471545,0.007046070460704607,0.025474254742547425,0.016260162601626018,0.0016260162601626016,0.21246612466124662,0.014092140921409214,0.017344173441734417,0.05582655826558266,0.03685636856368564,0.24010840108401085,0.008672086720867209,0.0,0.15067750677506775,0.0005420054200542005,Шолохов,Тихий дон. Вторая книга
0.06958021851638872,0.0885566417481311,0.050028752156411734,0.008625646923519264,0.03622771707878091,0.020126509488211614,0.0011500862564692352,0.1891891891891892,0.015526164462334674,0.030477285796434734,0.053479010925819435,0.041978148361127086,0.23289246693502014,0.009200690051753882,0.0,0.15296147211040828,0.0,Шолохов,Тихий дон. Третья книга
0.06169296987087518,0.0942132950741272,0.048302247728359636,0.006217120994739359,0.041128646580583454,0.01482544237207078,0.0014347202295552368,0.20899091343854614,0.007173601147776184,0.026303204208512673,0.04399808703969393,0.042085126733620276,0.23194643711142993,0.013390722142515544,0.0,0.15829746532759445,0.0,Шолохов,Тихий дон. Третья книга
0.050129198966408266,0.08113695090439277,0.05736434108527132,0.005684754521963824,0.03049095607235142,0.023772609819121448,0.0005167958656330749,0.17002583979328165,0.005684754521963824,0.029974160206718347,0.06459948320413436,0.023772609819121448,0.28527131782945736,0.016020671834625324,0.0,0.15555555555555556,0.0,Шолохов,Тихий дон. Вторая книга
0.05415860735009671,0.08558994197292069,0.05270793036750483,0.008220502901353965,0.031431334622823985,0.018858800773694392,0.0014506769825918763,0.16344294003868473,0.0014506769825918763,0.05222437137330754,0.06914893617021277,0.039651837524177946,0.25967117988394584,0.015473887814313346,0.0,0.1465183752417795,0.0,Шолохов,Тихий дон. Третья книга
0.06707946336429309,0.09391124871001032,0.04282765737874097,0.0020639834881320948,0.027347781217750257,0.01393188854489164,0.0020639834881320948,0.2002063983488132,0.010835913312693499,0.028379772961816305,0.049019607843137254,0.054695562435500514,0.22703818369453044,0.01238390092879257,0.0,0.16821465428276575,0.0,Шолохов,Тихий дон. Третья книга
0.05239064089521872,0.08952187182095625,0.05442522889114954,0.00508646998982706,0.02899287894201424,0.02288911495422177,0.000508646998982706,0.1770091556459817,0.006612410986775178,0.030518819938962362,0.05798575788402848,0.0254323499491353,0.27517802644964395,0.015768056968463885,0.0,0.15768056968463887,0.0,Шолохов,Тихий дон. Вторая книга
0.07866227037211493,0.07253886010362694,0.044276966556759306,0.003297220913801225,0.022609514837494113,0.01601507300989166,0.0037682524729156855,0.20395666509656146,0.009420631182289214,0.02119642016015073,0.04380593499764484,0.023080546396608573,0.2722562411681583,0.010362694300518135,0.0,0.15402731983042864,0.02072538860103627,Шолохов,Тихий дон. Вторая книга
0.07894736842105263,0.09573502722323049,0.04310344827586207,0.005898366606170599,0.02586206896551724,0.021778584392014518,0.00045372050816696913,0.1896551724137931,0.008166969147005444,0.022686025408348458,0.05898366606170599,0.047186932849364795,0.2454627949183303,0.010435571687840291,0.0,0.1456442831215971,0.0,Шолохов,Тихий дон. Вторая книга
0.06870588235294117,0.10352941176470588,0.0451764705882353,0.00611764705882353,0.016,0.01788235294117647,0.0009411764705882353,0.208,0.008,0.03670588235294118,0.042823529411764705,0.041411764705882356,0.2550588235294118,0.008,0.0,0.1416470588235294,0.0,Шолохов,Тихий дон. Вторая книга
0.0744920993227991,0.06715575620767494,0.046275395033860044,0.0039503386004514675,0.0208803611738149,0.01580135440180587,0.001128668171557562,0.2200902934537246,0.005079006772009029,0.020316027088036117,0.050790067720090294,0.03160270880361174,0.26636568848758463,0.012979683972911963,0.0,0.1630925507900677,0.0,Шолохов,Тихий дон. Вторая книга
0.06619641888225719,0.10146500271296799,0.03906673901247965,0.0048833423765599565,0.032013022246337494,0.02224633749321758,0.0,0.20564297341291374,0.007596310363537711,0.033098209441128595,0.05534454693434617,0.040151926207270754,0.23060227889310905,0.016820401519262073,0.0,0.14432989690721648,0.0005425935973955507,Шолохов,Тихий дон. Третья книга
0.021232306411323898,0.029558701082431308,0.012489592006661115,0.0016652789342214821,0.005828476269775187,0.003746877601998335,0.0,0.07327227310574522,0.038301415487094086,0.0062447960033305576,0.009575353871773521,0.09450457951706911,0.6523730224812656,0.0012489592006661116,0.0,0.04954204829308909,0.00041631973355537054,Шолохов,Тихий дон. Вторая книга
0.08524734982332155,0.08171378091872791,0.04549469964664311,0.00530035335689046,0.026060070671378093,0.02075971731448763,0.00044169611307420494,0.19213780918727916,0.006183745583038869,0.03224381625441696,0.05918727915194346,0.05874558303886926,0.22879858657243815,0.016342756183745585,0.0,0.1413427561837456,0.0,Шолохов,Тихий дон. Вторая книга
0.06067623899953682,0.09448818897637795,0.04585456229735989,0.006021306160259379,0.041222788327929596,0.015748031496062992,0.0,0.20379805465493284,0.006484483557202408,0.02779064381658175,0.041685965724872626,0.04631773969430292,0.2348309402501158,0.012505789717461788,0.0,0.16257526632700325,0.0,Шолохов,Тихий дон. Третья книга
0.07419659735349717,0.07939508506616257,0.048204158790170135,0.00992438563327032,0.03969754253308128,0.01606805293005671,0.0023629489603024575,0.1833648393194707,0.007088846880907372,0.0444234404536862,0.06994328922495274,0.02599243856332703,0.2329867674858223,0.012287334593572778,0.0,0.15406427221172023,0.0,Шолохов,Тихий дон. Третья книга
0.06852551984877127,0.08742911153119093,0.05056710775047259,0.004253308128544423,0.04489603024574669,0.01984877126654064,0.0004725897920604915,0.20321361058601134,0.007088846880907372,0.03213610586011342,0.05103969754253308,0.023629489603024575,0.249054820415879,0.011814744801512287,0.0,0.14603024574669188,0.0,Шолохов,Тихий дон. Третья книга
0.04345372460496614,0.07787810383747178,0.04966139954853273,0.008465011286681716,0.028216704288939052,0.018623024830699775,0.000564334085778781,0.15519187358916478,0.0039503386004514675,0.05812641083521445,0.07787810383747178,0.025959367945823927,0.2849887133182844,0.014108352144469526,0.0,0.15293453724604966,0.0,Шолохов,Тихий дон. Третья книга
0.06440483036227718,0.07418056354226567,0.05405405405405406,0.0017251293847038527,0.02127659574468085,0.018401380103507763,0.0005750431282346176,0.20701552616446234,0.0097757331799885,0.017826336975273145,0.046578493387004025,0.03105232892466935,0.28177113283496263,0.007475560667050029,0.0,0.16388729154686602,0.0,Шолохов,Тихий дон. Вторая книга
0.050720100187852224,0.07075767063243582,0.045710707576706325,0.0031308703819661866,0.027551659361302442,0.019411396368190358,0.0031308703819661866,0.17031934877896054,0.004383218534752661,0.034439574201628055,0.07013149655604257,0.043832185347526614,0.28741390106449594,0.014402003757044458,0.0,0.15466499686912963,0.0,Шолохов,Тихий дон. Вторая книга
0.05844504021447721,0.08096514745308311,0.04504021447721179,0.006434316353887399,0.028954423592493297,0.018230563002680965,0.0,0.20857908847184986,0.013941018766756031,0.032707774798927614,0.04396782841823056,0.02680965147453083,0.2579088471849866,0.008579088471849867,0.0,0.16890080428954424,0.0005361930294906167,Шолохов,Тихий дон. Вторая книга
0.06011932078935291,0.09132629646626893,0.03809086737035337,0.0036714089031665903,0.03074804956402019,0.018815970628728775,0.0013767783386874712,0.2028453418999541,0.013767783386874713,0.029371271225332722,0.04910509407985315,0.04405690683799908,0.2602111060119321,0.007801743919229004,0.0,0.1486920605782469,0.0,Шолохов,Тихий дон. Вторая книга
0.08175858079444659,0.09101426918627073,0.05399151561897416,0.006170458927882761,0.02545314307751639,0.01928268414963363,0.0,0.1997686077902044,0.008484381025838797,0.027381411492479753,0.05360586193598149,0.024296182028538373,0.24411878133436174,0.011183956806787505,0.0,0.15349016583108369,0.0,Шолохов,Тихий дон. Вторая книга
0.07223360655737705,0.08299180327868852,0.04918032786885246,0.004098360655737705,0.0194672131147541,0.018954918032786885,0.0005122950819672131,0.18954918032786885,0.00819672131147541,0.02305327868852459,0.05993852459016393,0.04149590163934426,0.26331967213114754,0.010758196721311475,0.0,0.15625,0.0,Шолохов,Тихий дон. Вторая книга
0.07601054481546574,0.06985940246045694,0.04964850615114236,0.004393673110720563,0.03427065026362039,0.021528998242530756,0.0004393673110720562,0.18497363796133567,0.0026362038664323375,0.037785588752196834,0.05579964850615114,0.028119507908611598,0.2697715289982425,0.015817223198594025,0.0,0.14894551845342707,0.0,Шолохов,Тихий дон. Вторая книга
0.05523809523809524,0.07111111111111111,0.04888888888888889,0.005079365079365079,0.027936507936507936,0.015873015873015872,0.0,0.15873015873015872,0.007619047619047619,0.03936507936507937,0.058412698412698416,0.04317460317460318,0.2895238095238095,0.015238095238095238,0.0,0.16380952380952382,0.0,Шолохов,Тихий дон. Третья книга
0.061170212765957445,0.07872340425531915,0.05638297872340425,0.010106382978723405,0.0398936170212766,0.02021276595744681,0.0,0.1851063829787234,0.0026595744680851063,0.036170212765957444,0.06436170212765957,0.026063829787234042,0.26276595744680853,0.009574468085106383,0.0,0.14680851063829786,0.0,Шолохов,Тихий дон. Третья книга
0.06642066420664207,0.08750658935160781,0.05113336847654191,0.007380073800738007,0.030574591460200317,0.01686874011597259,0.0005271481286241434,0.16130732735898787,0.0015814443858724301,0.04533473906167633,0.0680021085925145,0.04217185028993147,0.2625197680548234,0.013178703215603585,0.0,0.14549288350026357,0.0,Шолохов,Тихий дон. Третья книга
0.0612783940834654,0.08082408874801902,0.05229793977812995,0.006867406233491812,0.03169572107765452,0.017960908610670893,0.0,0.18172213417855257,0.004226096143687269,0.048600105652403594,0.05969360802958267,0.02746962493396725,0.2630744849445325,0.013734812466983624,0.0,0.15055467511885895,0.0,Шолохов,Тихий дон. Третья книга
0.08748375920311824,0.08791684711996535,0.04677349501948896,0.006929406669553919,0.034213945430922474,0.021654395842355997,0.00043308791684711995,0.20095279341706365,0.006929406669553919,0.03334776959722824,0.060199220441749676,0.03334776959722824,0.24426158510177565,0.014724989172802079,0.0,0.12039844088349935,0.00043308791684711995,Шолохов,Тихий дон. Вторая книга
0.08225966303270565,0.09266600594648167,0.04112983151635283,0.004955401387512388,0.031219028741328047,0.018830525272547076,0.002477700693756194,0.23141724479682854,0.009415262636273538,0.02527254707631318,0.03914767096134787,0.013875123885034688,0.24727452923686818,0.006937561942517344,0.0,0.15262636273538158,0.0004955401387512388,Шолохов,Тихий дон. Третья книга
0.10523114355231143,0.09276155717761557,0.03680048661800486,0.005170316301703163,0.045012165450121655,0.02402676399026764,0.0,0.2518248175182482,0.005778588807785888,0.016119221411192215,0.03254257907542579,0.05961070559610705,0.18795620437956204,0.01338199513381995,0.0,0.12378345498783455,0.0,Шолохов,Тихий дон. Третья книга
0.06498829039812647,0.0778688524590164,0.03395784543325527,0.00351288056206089,0.03278688524590164,0.01873536299765808,0.000585480093676815,0.1873536299765808,0.005269320843091335,0.031030444964871194,0.06440281030444965,0.026346604215456676,0.2734192037470726,0.011124121779859485,0.0,0.1686182669789227,0.0,Шолохов,Тихий дон. Третья книга
0.06827731092436974,0.07142857142857142,0.04989495798319328,0.004201680672268907,0.02415966386554622,0.020483193277310924,0.0010504201680672268,0.19170168067226892,0.01207983193277311,0.017857142857142856,0.05304621848739496,0.03676470588235294,0.2599789915966387,0.009978991596638655,0.0,0.1790966386554622,0.0,Шолохов,Тихий дон. Вторая книга
0.06004618937644342,0.07274826789838337,0.050808314087759814,0.0017321016166281756,0.020785219399538105,0.01789838337182448,0.0005773672055427252,0.20727482678983833,0.011547344110854504,0.017321016166281754,0.044457274826789836,0.03175519630484989,0.2967667436489607,0.006928406466512702,0.0,0.15935334872979215,0.0,Шолохов,Тихий дон. Вторая книга
0.07272727272727272,0.08333333333333333,0.05202020202020202,0.00404040404040404,0.027777777777777776,0.014141414141414142,0.0,0.20404040404040405,0.004545454545454545,0.024242424242424242,0.046464646464646465,0.03282828282828283,0.25252525252525254,0.009595959595959595,0.0,0.16161616161616163,0.010101010101010102,Шолохов,Тихий дон. Вторая книга
0.07272727272727272,0.09044289044289044,0.04941724941724942,0.008857808857808859,0.033566433566433566,0.019580419580419582,0.0013986013986013986,0.21165501165501166,0.008391608391608392,0.0331002331002331,0.049883449883449886,0.022377622377622378,0.24102564102564103,0.012121212121212121,0.0,0.14545454545454545,0.0,Шолохов,Тихий дон. Третья книга
0.1014808362369338,0.0975609756097561,0.04878048780487805,0.009581881533101045,0.03005226480836237,0.012630662020905924,0.002613240418118467,0.23736933797909407,0.01088850174216028,0.01916376306620209,0.03092334494773519,0.0313588850174216,0.2273519163763066,0.006533101045296167,0.0,0.13371080139372823,0.0,Шолохов,Тихий дон. Вторая книга
0.06793478260869565,0.06739130434782609,0.03695652173913044,0.005978260869565218,0.03260869565217391,0.017391304347826087,0.0005434782608695652,0.21032608695652175,0.005978260869565218,0.029347826086956522,0.058695652173913045,0.04184782608695652,0.2548913043478261,0.01576086956521739,0.0,0.15380434782608696,0.0005434782608695652,Шолохов,Тихий дон. Вторая книга
0.09929462832338579,0.0781334780249593,0.04774823657080846,0.0048833423765599565,0.03906673901247965,0.016820401519262073,0.0010851871947911015,0.20184481823114486,0.0065111231687466084,0.03689636462289745,0.05371676614215952,0.031470428648941944,0.2523060227889311,0.008138903960933261,0.0,0.12154096581660337,0.0005425935973955507,Шолохов,Тихий дон. Третья книга
0.06140350877192982,0.07223942208462332,0.04540763673890609,0.005159958720330237,0.025283797729618165,0.022703818369453045,0.0010319917440660474,0.19091847265221878,0.010319917440660475,0.022703818369453045,0.053147574819401446,0.037667698658410735,0.2585139318885449,0.00980392156862745,0.0,0.18369453044375644,0.0,Шолохов,Тихий дон. Вторая книга
0.0763000852514919,0.09633418584825235,0.045183290707587385,0.008525149190110827,0.03665814151747655,0.014066496163682864,0.0012787723785166241,0.21526001705029837,0.008525149190110827,0.02600170502983802,0.040068201193520885,0.023870417732310314,0.24850809889173062,0.013640238704177323,0.0,0.14578005115089515,0.0,Шолохов,Тихий дон. Третья книга
0.07135922330097087,0.09902912621359224,0.040776699029126215,0.0024271844660194173,0.03446601941747573,0.01262135922330097,0.000970873786407767,0.2262135922330097,0.010194174757281554,0.029611650485436892,0.037864077669902914,0.04174757281553398,0.22475728155339805,0.010194174757281554,0.0,0.15776699029126215,0.0,Шолохов,Тихий дон. Третья книга
0.085,0.0885,0.05,0.0055,0.039,0.018,0.0005,0.242,0.0105,0.0195,0.034,0.025,0.221,0.012,0.0,0.1495,0.0,Шолохов,Тихий дон. Третья книга
0.05288753799392097,0.07841945288753799,0.0486322188449848,0.0060790273556231,0.026139817629179333,0.015197568389057751,0.0006079027355623101,0.2109422492401216,0.009726443768996961,0.02370820668693009,0.04984802431610942,0.035866261398176294,0.2662613981762918,0.00729483282674772,0.0,0.16838905775075988,0.0,Шолохов,Тихий дон. Вторая книга
0.07205139972464433,0.08765488756310234,0.05277650298301973,0.007801743919229004,0.04130335016062414,0.021569527306103717,0.0,0.19229004130335017,0.009178522257916476,0.03441945846718678,0.05736576411197797,0.030289123451124368,0.23864157870582836,0.013767783386874713,0.0,0.1408903166590179,0.0,Шолохов,Тихий дон. Третья книга
0.06557377049180328,0.07479508196721311,0.042008196721311473,0.00665983606557377,0.03381147540983607,0.022028688524590164,0.0015368852459016393,0.1572745901639344,0.003586065573770492,0.03944672131147541,0.07428278688524591,0.02971311475409836,0.2802254098360656,0.022028688524590164,0.0,0.14651639344262296,0.0005122950819672131,Шолохов,Тихий дон. Вторая книга
0.06470248411322935,0.09532062391681109,0.043327556325823226,0.005199306759098787,0.025418833044482957,0.016175621028307337,0.0017331022530329288,0.21374927787406123,0.009820912767186597,0.03292894280762565,0.05141536683997689,0.02079722703639515,0.24552281917966493,0.007510109763142692,0.0,0.1663778162911612,0.0,Шолохов,Тихий дон. Третья книга
0.08726287262872628,0.09322493224932249,0.05582655826558266,0.003794037940379404,0.027642276422764227,0.013550135501355014,0.001084010840108401,0.23252032520325203,0.00921409214092141,0.012466124661246613,0.032520325203252036,0.02168021680216802,0.24010840108401085,0.011924119241192412,0.0,0.15718157181571815,0.0,Шолохов,Тихий дон. Третья книга
0.04093567251461988,0.07529239766081872,0.05482456140350877,0.007309941520467836,0.03216374269005848,0.027046783625730993,0.0007309941520467836,0.16885964912280702,0.007309941520467836,0.04532163742690058,0.06871345029239766,0.029970760233918127,0.27923976608187134,0.012426900584795321,0.0,0.14985380116959066,0.0,Шолохов,Тихий дон. Третья книга
0.07291666666666667,0.06696428571428571,0.042162698412698416,0.00248015873015873,0.023809523809523808,0.016865079365079364,0.004464285714285714,0.19246031746031747,0.005952380952380952,0.023313492063492064,0.049107142857142856,0.020337301587301588,0.28918650793650796,0.011408730158730158,0.0,0.15674603174603174,0.021825396825396824,Шолохов,Тихий дон. Вторая книга
0.07259190321079571,0.0805025593299209,0.049790600279199626,0.008841321544904607,0.021405304792926943,0.01814797580269893,0.005118659841786877,0.21126105165193113,0.003257328990228013,0.035830618892508145,0.04094927873429502,0.025127966496044672,0.27501163331782225,0.010237319683573755,0.0,0.140995812005584,0.0009306654257794323,Шолохов,Тихий дон. Вторая книга
0.0644789867587795,0.09326424870466321,0.048934945308002305,0.004029936672423719,0.02360391479562464,0.022452504317789293,0.002302820955670697,0.2095567069660334,0.0069084628670120895,0.027633851468048358,0.05181347150259067,0.03626943005181347,0.23891767415083479,0.011514104778353483,0.0,0.15831894070236038,0.0,Шолохов,Тихий дон. Третья книга
0.08195292066259809,0.1037489102005231,0.04141238012205754,0.008282476024411508,0.024847428073234524,0.020924149956408022,0.0,0.1987794245858762,0.00959023539668701,0.017872711421098517,0.046643417611159546,0.05405405405405406,0.22406277244986922,0.011769834350479512,0.0,0.15605928509154315,0.0,Шолохов,Тихий дон. Вторая книга
0.07795698924731183,0.07526881720430108,0.054838709677419356,0.005376344086021506,0.027419354838709678,0.015591397849462365,0.0,0.19516129032258064,0.002150537634408602,0.025268817204301075,0.05967741935483871,0.02956989247311828,0.2623655913978495,0.011827956989247311,0.0,0.1575268817204301,0.0,Шолохов,Тихий дон. Третья книга
0.08866498740554156,0.09319899244332494,0.05289672544080604,0.011586901763224182,0.03224181360201511,0.015113350125944584,0.0005037783375314861,0.19445843828715365,0.007556675062972292,0.021662468513853905,0.05491183879093199,0.048866498740554154,0.2221662468513854,0.01309823677581864,0.0,0.14307304785894207,0.0,Шолохов,Тихий дон. Вторая книга
0.06583242655059848,0.08215451577801959,0.0397170837867247,0.003264417845484222,0.03536452665941241,0.017954298150163223,0.001088139281828074,0.1985854189336235,0.005984766050054407,0.026115342763873776,0.04570184983677911,0.029923830250272034,0.27094668117519044,0.011969532100108813,0.0,0.16539717083786726,0.0,Шолохов,Тихий дон. Третья книга
0.04325259515570934,0.07554786620530565,0.058246828143021914,0.002306805074971165,0.03575547866205306,0.01787773933102653,0.0011534025374855825,0.18339100346020762,0.0017301038062283738,0.03748558246828143,0.058246828143021914,0.025374855824682813,0.27970011534025374,0.01730103806228374,0.0,0.16262975778546712,0.0,Шолохов,Тихий дон. Третья книга
0.06531954887218046,0.07659774436090226,0.041353383458646614,0.0037593984962406013,0.021146616541353382,0.012218045112781954,0.0,0.17058270676691728,0.01926691729323308,0.01456766917293233,0.03289473684210526,0.040413533834586464,0.3505639097744361,0.011278195488721804,0.0,0.13956766917293234,0.00046992481203007516,Шолохов,Тихий дон. Вторая книга
0.05104281009879254,0.07793633369923161,0.0433589462129528,0.007683863885839737,0.03238199780461032,0.02854006586169045,0.0005488474204171241,0.17892425905598244,0.003293084522502744,0.03951701427003293,0.0889132821075741,0.029637760702524697,0.24368825466520308,0.019758507135016465,0.0,0.15477497255762898,0.0,Шолохов,Тихий дон. Третья книга
0.07537688442211055,0.09277155005798222,0.04445303440278315,0.005025125628140704,0.03710862002319289,0.01816776188635485,0.00038654812524159255,0.2029377657518361,0.007730962504831852,0.030537301894085815,0.057209122535755705,0.03788171627367607,0.22149207576343255,0.01623502126014689,0.0,0.15268650947042905,0.0,Шолохов,Тихий дон. Третья книга
0.058146577831617204,0.08600847970926712,0.05572380375529982,0.007874015748031496,0.021199273167777106,0.01877649909145972,0.0018170805572380376,0.17504542701393094,0.009085402786190187,0.02301635372501514,0.07934585099939431,0.029678982434887948,0.2677165354330709,0.01029678982434888,0.0,0.15626892792247124,0.0,Шолохов,Тихий дон. Вторая книга
0.06607669616519174,0.08790560471976401,0.04837758112094395,0.008849557522123894,0.03893805309734513,0.020058997050147492,0.0005899705014749262,0.2088495575221239,0.00943952802359882,0.03303834808259587,0.05014749262536873,0.02359882005899705,0.25781710914454276,0.008259587020648967,0.0,0.13805309734513274,0.0,Шолохов,Тихий дон. Третья книга
0.07576571735626007,0.0891993551853842,0.0445996775926921,0.0037614185921547557,0.026329930145083287,0.013433637829124127,0.0,0.2106394411606663,0.007522837184309511,0.024717893605588393,0.03439011284255777,0.05803331542181623,0.24234282643739924,0.011821601289629231,0.0,0.15744223535733476,0.0,Шолохов,Тихий дон. Третья книга
0.07393715341959335,0.08040665434380777,0.044824399260628464,0.010628465804066543,0.03512014787430684,0.024029574861367836,0.0,0.18530499075785584,0.010166358595194085,0.03743068391866913,0.06746765249537892,0.030961182994454713,0.23937153419593346,0.013401109057301294,0.0,0.14695009242144177,0.0,Шолохов,Тихий дон. Третья книга
0.0695,0.0805,0.0415,0.0055,0.022,0.029,0.001,0.2175,0.009,0.028,0.052,0.0275,0.247,0.0145,0.0,0.155,0.0005,Шолохов,Тихий дон. Вторая книга
0.06857727737973388,0.0752302968270215,0.044012282497441144,0.006653019447287615,0.02302968270214944,0.02098259979529171,0.0005117707267144319,0.18935516888433981,0.007676560900716479,0.02712384851586489,0.05373592630501536,0.05783009211873081,0.27072671443193447,0.015353121801432957,0.0,0.13920163766632548,0.0,Шолохов,Тихий дон. Вторая книга
0.07290095525389644,0.07943690296631473,0.048768225238813474,0.00904977375565611,0.02262443438914027,0.01809954751131222,0.005530417295123178,0.21568627450980393,0.0030165912518853697,0.038210155857214684,0.04022121669180493,0.020613373554550025,0.27853192559074913,0.010558069381598794,0.0,0.13574660633484162,0.001005530417295123,Шолохов,Тихий дон. Вторая книга
0.04961659900766802,0.06450157870996842,0.03247631935047361,0.0022552999548940008,0.017140279657194408,0.009923319801533603,0.0,0.14433919711321605,0.02345511953089761,0.012629679747406405,0.02706359945872801,0.053225078935498424,0.4388813712223726,0.009472259810554804,0.0,0.11456923770861524,0.0004510599909788002,Шолохов,Тихий дон. Вторая книга
0.08640864086408641,0.08640864086408641,0.04410441044104411,0.0031503150315031502,0.026102610261026102,0.02025202520252025,0.0018001800180018,0.22007200720072007,0.010351035103510351,0.022952295229522954,0.04095409540954095,0.0423042304230423,0.23222322232223222,0.013051305130513051,0.0,0.1494149414941494,0.00045004500450045,Шолохов,Тихий дон. Вторая книга
0.07740086000955566,0.0817009077878643,0.045389393215480175,0.010033444816053512,0.033444816053511704,0.02197802197802198,0.00047778308647873863,0.1853798375537506,0.009555661729574774,0.03774486383182035,0.0630673674151935,0.03201146679407549,0.24462494027711418,0.013377926421404682,0.0,0.14381270903010032,0.0,Шолохов,Тихий дон. Третья книга
0.08186813186813187,0.09285714285714286,0.04395604395604396,0.004395604395604396,0.03296703296703297,0.01868131868131868,0.0,0.21483516483516482,0.007142857142857143,0.028021978021978023,0.05549450549450549,0.023076923076923078,0.24615384615384617,0.008791208791208791,0.0,0.14175824175824175,0.0,Шолохов,Тихий дон. Третья книга
0.05376972530683811,0.08240794856808883,0.053185271770894216,0.005260081823495032,0.027469316189362946,0.017533606078316773,0.0005844535359438924,0.21215663354763295,0.008766803039158387,0.02104032729398013,0.05084745762711865,0.032144944476914086,0.26066627703097606,0.007597895967270602,0.0,0.16656925774400935,0.0,Шолохов,Тихий дон. Вторая книга
0.06941649899396378,0.0829979879275654,0.05432595573440644,0.005030181086519115,0.036720321931589535,0.022132796780684104,0.001006036217303823,0.1926559356136821,0.008048289738430584,0.02716297786720322,0.05835010060362173,0.029678068410462777,0.24949698189134809,0.01358148893360161,0.0,0.1493963782696177,0.0,Шолохов,Тихий дон. Третья книга
0.04721862871927555,0.08667529107373868,0.04592496765847348,0.008408796895213453,0.03492884864165589,0.018758085381630013,0.000646830530401035,0.1998706338939198,0.009702457956015523,0.03557567917205692,0.04915912031047866,0.0278137128072445,0.259379042690815,0.016170763260025874,0.0,0.15976714100905562,0.0,Шолохов,Тихий дон. Третья книга
0.08846352819451629,0.0900155199172271,0.04966373512674599,0.0046559751681324365,0.03621314019658562,0.01965856182100362,0.0010346611484738748,0.23176409725814795,0.012933264355923435,0.026901189860320744,0.04914640455250905,0.024831867563372995,0.22296947749612003,0.010346611484738748,0.0,0.1314019658561821,0.0,Шолохов,Тихий дон. Вторая книга
0.06720890410958905,0.10017123287671233,0.04452054794520548,0.004280821917808219,0.03767123287671233,0.0136986301369863,0.0012842465753424657,0.2144691780821918,0.0059931506849315065,0.028253424657534245,0.04238013698630137,0.03424657534246575,0.2384417808219178,0.011986301369863013,0.0,0.15539383561643835,0.0,Шолохов,Тихий дон. Третья книга
0.06799037304452467,0.10348977135980746,0.04512635379061372,0.0036101083032490976,0.02707581227436823,0.019253910950661854,0.0006016847172081829,0.21299638989169675,0.01865222623345367,0.024067388688327317,0.03730445246690734,0.05595667870036101,0.23164861612515042,0.006016847172081829,0.0,0.14620938628158844,0.0,Шолохов,Тихий дон. Третья книга
0.07046070460704607,0.08355916892502259,0.05374887082204156,0.0027100271002710027,0.02710027100271003,0.016260162601626018,0.0013550135501355014,0.21725383920505872,0.0040650406504065045,0.025745257452574527,0.04832881662149955,0.03116531165311653,0.24345076784101174,0.009485094850948509,0.0,0.15627822944896116,0.009033423667570008,Шолохов,Тихий дон. Вторая книга
0.06982803543512246,0.0859822824387702,0.03751954142782699,0.005211047420531527,0.028139656070870246,0.01928087545596665,0.001563314226159458,0.21782178217821782,0.007816571130797291,0.031266284523189164,0.047941636268890045,0.0484627410109432,0.24387701928087546,0.015112037519541427,0.0,0.13965607087024492,0.0005211047420531526,Шолохов,Тихий дон. Вторая книга
0.06631299734748011,0.09124668435013263,0.047214854111405836,0.005835543766578249,0.023342175066312996,0.01273209549071618,0.0,0.20318302387267906,0.01220159151193634,0.023342175066312996,0.04350132625994695,0.03819628647214854,0.25517241379310346,0.011140583554376658,0.0,0.16657824933687002,0.0,Шолохов,Тихий дон. Вторая книга
0.08237459733087897,0.09940174873446847,0.041877588587206624,0.008283479061205707,0.025310630464795213,0.02208927749654855,0.0004601932811780948,0.18867924528301888,0.009664058904739991,0.021629084215370454,0.054302807179015186,0.049700874367234235,0.23331799355729407,0.012425218591808559,0.0,0.150483202945237,0.0,Шолохов,Тихий дон. Вторая книга
0.06275659824046921,0.09325513196480939,0.05102639296187683,0.004105571847507331,0.02404692082111437,0.01935483870967742,0.002346041055718475,0.20821114369501467,0.0064516129032258064,0.025806451612903226,0.05102639296187683,0.03636363636363636,0.24164222873900293,0.012316715542521995,0.0,0.16129032258064516,0.0,Шолохов,Тихий дон. Третья книга
0.08612662942271881,0.07960893854748603,0.05074487895716946,0.009776536312849162,0.038175046554934824,0.03165735567970205,0.0004655493482309125,0.18156424581005587,0.0037243947858473,0.037243947858473,0.05493482309124767,0.03910614525139665,0.2504655493482309,0.0148975791433892,0.0,0.12150837988826815,0.0,Шолохов,Тихий дон. Вторая книга
0.056043956043956046,0.08186813186813187,0.04725274725274725,0.0032967032967032967,0.027472527472527472,0.01703296703296703,0.0,0.20714285714285716,0.006043956043956044,0.02912087912087912,0.046153846153846156,0.035164835164835165,0.2741758241758242,0.011538461538461539,0.0,0.1576923076923077,0.0,Шолохов,Тихий дон. Третья книга
0.05341987019470794,0.08686969545681478,0.05491762356465302,0.008487269096355467,0.0309535696455317,0.018472291562656017,0.0014977533699450823,0.16525212181727408,0.0014977533699450823,0.04593110334498253,0.07039440838741887,0.03944083874188717,0.26110833749375933,0.016475287069395907,0.0,0.14528207688467298,0.0,Шолохов,Тихий дон. Третья книга
0.08136735676456427,0.08521906596051998,0.04862782859894078,0.008184882041405874,0.03803562831006259,0.01974000962927299,0.00048146364949446316,0.19643716899374097,0.01059220028887819,0.03466538276360135,0.05633124699085219,0.04525758305247954,0.23447279730380358,0.013480982185844969,0.0,0.1266249398170438,0.00048146364949446316,Шолохов,Тихий дон. Третья книга
0.04477611940298507,0.0812603648424544,0.05472636815920398,0.006633499170812604,0.03150912106135987,0.024875621890547265,0.001105583195135434,0.16583747927031509,0.006080707573244887,0.035931453841901606,0.08236594803758983,0.030403537866224434,0.27805417357656165,0.01271420674405749,0.0,0.14372581536760642,0.0,Шолохов,Тихий дон. Вторая книга
0.07515657620041753,0.08507306889352818,0.05010438413361169,0.004697286012526096,0.019832985386221295,0.02035490605427975,0.0010438413361169101,0.19258872651356992,0.007306889352818371,0.02348643006263048,0.05741127348643006,0.03966597077244259,0.25835073068893527,0.010960334029227558,0.0,0.15396659707724425,0.0,Шолохов,Тихий дон. Вторая книга
0.0716704288939052,0.08182844243792325,0.045146726862302484,0.007900677200902935,0.022573363431151242,0.0208803611738149,0.001128668171557562,0.2020316027088036,0.005079006772009029,0.015237020316027089,0.04683972911963882,0.04740406320541761,0.26636568848758463,0.010158013544018058,0.0,0.15519187358916478,0.000564334085778781,Шолохов,Тихий дон. Вторая книга
0.07196779063915451,0.07297433316557625,0.04529441368897836,0.004026170105686965,0.02868646200301963,0.03220936084549572,0.0020130850528434826,0.21489682939104177,0.009058882737795673,0.035732259687971814,0.0498238550578762,0.019124308002013084,0.24157020634121792,0.01459486663311525,0.0,0.1580271766482134,0.0,Шолохов,Тихий дон. Вторая книга
0.07120605251446373,0.07076101468624833,0.04717400979083222,0.007120605251446373,0.03426791277258567,0.02091677792612372,0.0008900756564307966,0.17757009345794392,0.0026702269692923898,0.03960836671117045,0.06141522029372497,0.022696929238985315,0.27147307521139297,0.020026702269692925,0.0,0.15220293724966621,0.0,Шолохов,Тихий дон. Вторая книга
0.0785392696348174,0.09204602301150576,0.04452226113056528,0.005502751375687844,0.029014507253626812,0.017508754377188594,0.0005002501250625312,0.2036018009004502,0.007503751875937969,0.02451225612806403,0.04902451225612806,0.029514757378689346,0.25362681340670334,0.01250625312656328,0.0,0.1520760380190095,0.0,Шолохов,Тихий дон. Вторая книга
0.09130003307972213,0.09328481640754217,0.039364869335097585,0.007608336089976844,0.04134965266291763,0.020178630499503806,0.0003307972213033411,0.22361892160105856,0.010585511081706914,0.02447899437644724,0.03738008600727754,0.04862719153159113,0.20873304664240822,0.013231888852133642,0.0,0.13992722461131327,0.0,Шолохов,Тихий дон. Вторая книга
0.0822461712989223,0.06976744186046512,0.04367555303460011,0.003970504821327283,0.035734543391945546,0.01020986954055587,0.0005672149744753262,0.20646625070901872,0.009075439591605219,0.028927963698241632,0.06806579693703914,0.017016449234259785,0.25865002836074874,0.009642654566080544,0.0,0.15598411798071468,0.0,Шолохов,Тихий дон. Третья книга
0.05410691003911343,0.09322033898305085,0.046284224250325946,0.007822685788787484,0.02998696219035202,0.013689700130378096,0.001955671447196871,0.211864406779661,0.009126466753585397,0.02346805736636245,0.046284224250325946,0.0423728813559322,0.25097783572359844,0.009126466753585397,0.0,0.15971316818774445,0.0,Шолохов,Тихий дон. Третья книга
0.028876055086628164,0.03243003109729009,0.014215904042647711,0.0,0.007107952021323856,0.007107952021323856,0.0,0.09284762327854287,0.029764549089293647,0.003109729009329187,0.014215904042647711,0.10039982230119947,0.6108396268325189,0.001776988005330964,0.0,0.05730786317192359,0.0,Шолохов,Тихий дон. Вторая книга
0.06011500261369577,0.09566126502875065,0.0465237846314689,0.006795608991113434,0.027182435964453737,0.020386826973340304,0.0005227391531625719,0.17929952953476216,0.007318348144276007,0.028750653423941452,0.06795608991113435,0.054364871928907474,0.25352848928384736,0.009409304756926294,0.0,0.14218504966021955,0.0,Шолохов,Тихий дон. Вторая книга
0.06857727737973388,0.08137154554759468,0.05322415557830092,0.005629477993858751,0.035312180143295804,0.021494370522006142,0.0010235414534288639,0.19191402251791198,0.008188331627430911,0.028147389969293755,0.05783009211873081,0.026100307062436028,0.2569089048106448,0.01330603889457523,0.0,0.15097236438075742,0.0,Шолохов,Тихий дон. Третья книга
0.07674199623352165,0.09745762711864407,0.04190207156308851,0.003766478342749529,0.030602636534839925,0.017419962335216574,0.0009416195856873823,0.1967984934086629,0.012711864406779662,0.02448210922787194,0.04190207156308851,0.032015065913371,0.2434086629001883,0.01647834274952919,0.0,0.16337099811676084,0.0,Шолохов,Тихий дон. Вторая книга
0.0775950668036999,0.10637204522096609,0.047790339157245634,0.0035971223021582736,0.03237410071942446,0.020041109969167522,0.0,0.2199383350462487,0.018499486125385406,0.020041109969167522,0.039568345323741004,0.05858170606372045,0.2065775950668037,0.007194244604316547,0.0,0.14182939362795477,0.0,Шолохов,Тихий дон. Третья книга
0.07450582868727826,0.0912316269640142,0.05321844906234161,0.0015205271160669033,0.03852002027369488,0.017232640648758235,0.0015205271160669033,0.21540800810947794,0.0035478966041561076,0.025848960973137353,0.04257475924987329,0.027876330461226558,0.2377090724784592,0.012164216928535226,0.0,0.15712113532691332,0.0,Шолохов,Тихий дон. Третья книга
0.0568882796435915,0.09184372858122002,0.05071967100753941,0.009252912954078136,0.0592871830020562,0.0205620287868403,0.0003427004797806717,0.19465387251542152,0.0065113091158327625,0.033241946538725156,0.07607950651130911,0.04592186429061001,0.1802604523646333,0.019533927347498287,0.0,0.1549006168608636,0.0,Платонов,Чевенгур
0.07779960707269155,0.06994106090373281,0.06444007858546169,0.007072691552062868,0.047151277013752456,0.019646365422396856,0.0,0.17838899803536346,0.007858546168958742,0.04479371316306483,0.06601178781925343,0.03418467583497053,0.22475442043222005,0.015717092337917484,0.0,0.1418467583497053,0.0003929273084479371,Платонов,Чевенгур
0.07951482479784366,0.07580862533692723,0.060309973045822106,0.005390835579514825,0.04851752021563342,0.025943396226415096,0.00033692722371967657,0.18564690026954178,0.007412398921832884,0.03773584905660377,0.06098382749326146,0.047506738544474396,0.2055256064690027,0.016172506738544475,0.0,0.14319407008086255,0.0,Платонов,Чевенгур
0.111328125,0.06808035714285714,0.056361607142857144,0.011997767857142858,0.05022321428571429,0.038783482142857144,0.00027901785714285713,0.21010044642857142,0.006417410714285714,0.04380580357142857,0.05719866071428571,0.028738839285714284,0.18415178571428573,0.027064732142857144,0.0,0.10546875,0.0,Платонов,Размышления читателя
0.09061488673139159,0.08468176914778856,0.04665587918015102,0.005393743257820928,0.0482740021574973,0.03856526429341963,0.0,0.2297734627831715,0.0037756202804746495,0.04018338727076591,0.06094929881337648,0.03802588996763754,0.1912081984897519,0.024271844660194174,0.00026968716289104636,0.09735706580366775,0.0,Платонов,Размышления читателя
0.08294392523364486,0.08440420560747663,0.05052570093457944,0.009929906542056074,0.04643691588785047,0.04643691588785047,0.0008761682242990654,0.2155373831775701,0.008177570093457943,0.03417056074766355,0.06103971962616823,0.03358644859813084,0.18925233644859812,0.021904205607476634,0.0,0.11477803738317757,0.0,Платонов,Размышления читателя
0.0692868719611021,0.07576985413290113,0.06361426256077796,0.003646677471636953,0.04457050243111831,0.023905996758508914,0.0,0.19489465153970825,0.007293354943273906,0.040113452188006486,0.06523500810372772,0.05226904376012966,0.2106969205834684,0.013371150729335495,0.0,0.1353322528363047,0.0,Платонов,Чевенгур
0.08696671354899203,0.07688701359587435,0.04946085325832161,0.011720581340834505,0.05063291139240506,0.03867791842475387,0.00023441162681669012,0.22198781059540554,0.004922644163150493,0.03867791842475387,0.06094702297233943,0.035161744022503515,0.19784341303328645,0.025082044069385842,0.0,0.10079699953117674,0.0,Платонов,Размышления читателя
0.07075471698113207,0.08081761006289308,0.0559748427672956,0.015723270440251572,0.04622641509433962,0.027358490566037737,0.0,0.1811320754716981,0.007861635220125786,0.031761006289308176,0.08113207547169811,0.03930817610062893,0.1908805031446541,0.017924528301886792,0.0,0.1531446540880503,0.0,Платонов,Чевенгур
0.06417795960112503,0.08386601892099207,0.07338276655586806,0.009460496036819227,0.056251598056762976,0.026591664535924316,0.0005113781641523907,0.16082843262592686,0.005113781641523907,0.03323958066990539,0.07363845563794426,0.04653541293786755,0.18537458450524164,0.024034773715162362,0.0,0.15699309639478395,0.0,Платонов,Чевенгур
0.08360655737704918,0.07254098360655738,0.06352459016393443,0.0069672131147540985,0.038524590163934426,0.02540983606557377,0.0,0.2168032786885246,0.0069672131147540985,0.03934426229508197,0.06844262295081967,0.027049180327868853,0.20204918032786887,0.021311475409836064,0.0004098360655737705,0.12704918032786885,0.0,Платонов,Размышления читателя
0.10574018126888217,0.06998992950654583,0.055891238670694864,0.014350453172205438,0.0526183282980866,0.0377643504531722,0.0,0.20694864048338368,0.007049345417925478,0.050100704934541794,0.05085599194360524,0.041037260825780464,0.18554884189325277,0.02014098690835851,0.0,0.10196374622356495,0.0,Платонов,Размышления читателя
0.09054805401111994,0.0857823669579031,0.06777866031241726,0.008472332539052158,0.06010060894890124,0.020386550172094255,0.00026476039184537993,0.20148265819433414,0.005559968228752979,0.03918453799311623,0.052687317977230606,0.023563674874238813,0.18268467037331215,0.018533227429176596,0.0,0.14297061159650518,0.0,Платонов,Чевенгур
0.060884800700832235,0.067455102934735,0.04949627682873412,0.012702584318878668,0.045116075339465614,0.022339027595269383,0.0,0.16338151554971528,0.003504161191414805,0.03679369250985545,0.12089356110381078,0.016644765659220323,0.22777047744196233,0.02014892685063513,0.0,0.15286903197547086,0.0,Платонов,В прекрасном и яростном мире
0.10395010395010396,0.07722007722007722,0.0493020493020493,0.006534006534006534,0.05375705375705376,0.03831303831303831,0.0,0.26373626373626374,0.005643005643005643,0.03237303237303237,0.035343035343035345,0.03890703890703891,0.1773091773091773,0.019305019305019305,0.0,0.0983070983070983,0.0,Платонов,Размышления читателя
0.05982905982905983,0.0692757534862798,0.05443094916779127,0.009896536212325686,0.04948268106162843,0.022042285200179937,0.001349527665317139,0.18893387314439947,0.005847953216374269,0.03283850652271705,0.06837606837606838,0.042735042735042736,0.21952316689158793,0.016644174538911382,0.0,0.15834457939721097,0.000449842555105713,Платонов,Чевенгур
0.08300985368766796,0.0794266945356823,0.033144222155867424,0.008360704687966557,0.033144222155867424,0.020005971931919976,0.0,0.24395341893102418,0.044490892803822034,0.02388772767990445,0.022693341295909226,0.11018214392355927,0.19856673633920574,0.01015228426395939,0.006867721707972529,0.08181546730367274,0.00029859659599880563,Платонов,Размышления читателя
0.06839326125220015,0.07744531053557958,0.07643952728187076,0.013578073925069148,0.060346995222529544,0.02615036459642947,0.0,0.15111893386975106,0.00704048277596178,0.03595675132009052,0.07845109378928841,0.04400301734976113,0.1913502640181041,0.022127231581594166,0.0,0.14759869248177018,0.0,Платонов,Чевенгур
0.061839651957737725,0.08763206960845245,0.05904288377874456,0.008079552517091361,0.054070851460534496,0.022684897451833438,0.0,0.1678060907395898,0.009011808576755749,0.03418272218769422,0.07458048477315103,0.049409571162212555,0.1985705407085146,0.013673088875077687,0.0,0.15941578620261032,0.0,Платонов,Чевенгур
0.06358381502890173,0.07101568951279934,0.0611065235342692,0.008670520231213872,0.047481420313790254,0.0305532617671346,0.0,0.17753922378199835,0.00495458298926507,0.04665565648224608,0.07018992568125516,0.03963666391412056,0.22047894302229562,0.018579686209744012,0.0,0.13955408753096615,0.0,Платонов,Чевенгур
0.055092592592592596,0.07453703703703704,0.059722222222222225,0.008333333333333333,0.04027777777777778,0.017592592592592594,0.001851851851851852,0.18518518518518517,0.008333333333333333,0.037037037037037035,0.05740740740740741,0.03611111111111111,0.23333333333333334,0.022222222222222223,0.0,0.16157407407407406,0.001388888888888889,Платонов,Чевенгур
0.06440322016100805,0.08050402520126006,0.06265313265663283,0.013650682534126707,0.05285264263213161,0.02520126006300315,0.00035001750087504374,0.18760938046902345,0.007000350017500875,0.03780189009450473,0.0703535176758838,0.04200210010500525,0.19565978298914946,0.018900945047252364,0.0,0.14105705285264264,0.0,Платонов,Чевенгур
0.06156156156156156,0.08445945945945946,0.05593093093093093,0.010885885885885885,0.05818318318318318,0.02027027027027027,0.0011261261261261261,0.1918168168168168,0.006006006006006006,0.028528528528528527,0.05593093093093093,0.03265765765765766,0.20645645645645647,0.01539039039039039,0.0,0.1707957957957958,0.0,Платонов,Чевенгур
0.08150365934797073,0.07884231536926148,0.062208915502328675,0.005988023952095809,0.04890219560878244,0.02262142381902861,0.0006653359946773121,0.2139055222887558,0.005655355954757153,0.03493013972055888,0.05355954757152362,0.028276779773785763,0.19827012641383898,0.018296739853626082,0.0,0.14570858283433133,0.0006653359946773121,Платонов,Чевенгур
0.07099841521394612,0.08240887480190175,0.060221870047543584,0.007290015847860539,0.060855784469096674,0.02820919175911252,0.0,0.20190174326465926,0.006339144215530904,0.03454833597464342,0.059587955625990494,0.02028526148969889,0.2006339144215531,0.020919175911251982,0.0,0.14580031695721077,0.0,Платонов,Чевенгур
0.0670147954743255,0.0865970409051349,0.057876414273281114,0.006527415143603133,0.05221932114882506,0.026979982593559618,0.0004351610095735422,0.20670147954743254,0.006962576153176675,0.026979982593559618,0.05352480417754569,0.03568320278503046,0.20147954743255003,0.013054830287206266,0.0,0.15622280243690165,0.0017406440382941688,Платонов,Чевенгур
0.07196749854904237,0.0873476494486361,0.05977945443993035,0.007254788160185722,0.06181079512478236,0.02901915264074289,0.0002901915264074289,0.2080673244341265,0.006384213580963436,0.0330818340104469,0.05484619849100406,0.020023215322112594,0.18601276842716194,0.020023215322112594,0.0,0.15409170052234475,0.0,Платонов,Чевенгур
0.09076803723816912,0.07473493664339281,0.048357900181018876,0.011636927851047323,0.047840703387638996,0.04008275148694078,0.0,0.22265321955003878,0.004396172743728989,0.04189294026377036,0.06568399275924489,0.027152831652443754,0.1908456167571761,0.030256012412723042,0.0,0.10369795707266614,0.0,Платонов,Размышления читателя
0.07074074074074074,0.07,0.0637037037037037,0.007407407407407408,0.051111111111111114,0.024814814814814814,0.00037037037037037035,0.17222222222222222,0.004074074074074074,0.03518518518518519,0.08259259259259259,0.015925925925925927,0.25555555555555554,0.015925925925925927,0.0,0.13037037037037036,0.0,Платонов,Чевенгур
0.07220447284345048,0.08019169329073482,0.05591054313099041,0.013099041533546326,0.04792332268370607,0.027476038338658148,0.0,0.17891373801916932,0.007348242811501597,0.03258785942492013,0.08210862619808307,0.03865814696485623,0.19041533546325878,0.018210862619808307,0.0,0.15495207667731628,0.0,Платонов,Чевенгур
0.10266666666666667,0.08373333333333334,0.050133333333333335,0.009066666666666667,0.04586666666666667,0.0384,0.0,0.23813333333333334,0.004533333333333334,0.03253333333333333,0.0568,0.0232,0.1856,0.023733333333333332,0.0002666666666666667,0.10533333333333333,0.0,Платонов,Размышления читателя
0.0939240506329114,0.08835443037974683,0.049367088607594936,0.008607594936708861,0.05139240506329114,0.03949367088607595,0.00025316455696202533,0.2230379746835443,0.009873417721518988,0.026835443037974683,0.05620253164556962,0.04962025316455696,0.17468354430379746,0.017974683544303798,0.0,0.10962025316455697,0.0007594936708860759,Платонов,Размышления читателя
0.09723116548615583,0.07179652285898261,0.05827430779137154,0.011912427559562138,0.04603992273019961,0.037025112685125566,0.0,0.20444301352221506,0.0035415325177076628,0.05119124275595621,0.054732775273663874,0.04185447520927238,0.19671603348358016,0.018673535093367676,0.0,0.10656793303283967,0.0,Платонов,Размышления читателя
0.07341772151898734,0.08462929475587704,0.06148282097649186,0.007233273056057866,0.04629294755877034,0.02748643761301989,0.0003616636528028933,0.19855334538878844,0.00433996383363472,0.03688969258589512,0.05678119349005425,0.03580470162748644,0.2104882459312839,0.014104882459312839,0.0,0.14177215189873418,0.0003616636528028933,Платонов,Чевенгур
0.061491628614916284,0.0852359208523592,0.054490106544901065,0.007914764079147641,0.047792998477929984,0.0289193302891933,0.00030441400304414006,0.2234398782343988,0.0073059360730593605,0.0289193302891933,0.05722983257229833,0.0319634703196347,0.19604261796042619,0.019178082191780823,0.0,0.14977168949771688,0.0,Платонов,Чевенгур
0.06886792452830189,0.08113207547169811,0.05628930817610063,0.016037735849056604,0.04716981132075472,0.026729559748427674,0.0,0.180188679245283,0.008176100628930818,0.031761006289308176,0.08081761006289308,0.03930817610062893,0.1908805031446541,0.017924528301886792,0.0,0.15471698113207547,0.0,Платонов,Чевенгур
0.06886114264093833,0.07340143776012108,0.05902383654937571,0.010972379871358306,0.05069996216420734,0.021566401816118047,0.0,0.17328793038214152,0.007945516458569807,0.04351116155883466,0.06432084752175558,0.05069996216420734,0.21793416572077184,0.014755959137343927,0.0,0.1422625804010594,0.0007567158531971245,Платонов,Чевенгур
0.08140531276778064,0.0779777206512425,0.05227077977720651,0.008997429305912597,0.050556983718937444,0.026563838903170524,0.0012853470437017994,0.21122536418166238,0.006426735218508998,0.02913453299057412,0.04798628963153385,0.030419880034275922,0.2236503856041131,0.013281919451585262,0.0,0.13881748071979436,0.0,Платонов,Чевенгур
0.07857646229739253,0.07787174066243834,0.06377730796335447,0.00810429880197322,0.059901338971106416,0.021846370683579985,0.0,0.175123326286117,0.0066948555320648345,0.03453136011275546,0.06236786469344609,0.027836504580690626,0.2054263565891473,0.01937984496124031,0.0,0.15856236786469344,0.0,Платонов,Чевенгур
0.129706034038164,0.07555440948942754,0.056472408457968026,0.009283135636926251,0.04847859721505931,0.03429602888086643,0.0,0.24136152656008253,0.005415162454873646,0.037648272305312015,0.036101083032490974,0.037132542547705004,0.1738009283135637,0.019855595667870037,0.0,0.09489427539969056,0.0,Платонов,Размышления читателя
0.09663865546218488,0.08263305322128851,0.056022408963585436,0.00980392156862745,0.05322128851540616,0.031092436974789917,0.00028011204481792715,0.2173669467787115,0.007563025210084034,0.034453781512605045,0.050980392156862744,0.04089635854341737,0.1843137254901961,0.0196078431372549,0.00028011204481792715,0.11484593837535013,0.0,Платонов,Размышления читателя
0.10864745011086474,0.0725372188786823,0.05955020589166931,0.008869179600886918,0.04687994931897371,0.03706050047513462,0.0,0.21761165663604687,0.0063351282863477985,0.03991130820399113,0.06303452644916059,0.018371872030408617,0.18720304086157744,0.029141590117199873,0.0,0.10484637313905606,0.0,Платонов,Размышления читателя
0.0829737802854298,0.08264188516428808,0.0517756388981082,0.007301692665117823,0.04546963159641553,0.039163624294722865,0.0006637902422834385,0.21539993362097576,0.007965482907401261,0.036176568204447396,0.054430799867241954,0.040159309658148026,0.20345170925987388,0.02456023896448722,0.0,0.10786591437105875,0.0,Платонов,Размышления читателя
0.10113179992698065,0.07922599488864548,0.0529390288426433,0.012048192771084338,0.050018254837531945,0.033953997809419496,0.0003650967506389193,0.20481927710843373,0.008032128514056224,0.05074844833880979,0.04417670682730924,0.05805038335158817,0.19131069733479372,0.016794450529390288,0.0,0.0963855421686747,0.0,Платонов,Размышления читателя
0.060262965668371075,0.07523739956172389,0.06866325785244703,0.013148283418553688,0.04894083272461651,0.026661796932067203,0.0003652300949598247,0.14097881665449233,0.003287070854638422,0.04492330168005844,0.0931336742147553,0.024470416362308255,0.22863403944485025,0.018991964937910884,0.0,0.1523009495982469,0.0,Платонов,Чевенгур
0.07951482479784366,0.07580862533692723,0.060309973045822106,0.005390835579514825,0.04851752021563342,0.025943396226415096,0.00033692722371967657,0.18564690026954178,0.007412398921832884,0.03773584905660377,0.06098382749326146,0.047506738544474396,0.2055256064690027,0.016172506738544475,0.0,0.14319407008086255,0.0,Платонов,Чевенгур
0.07716412064238151,0.0681551116333725,0.0564042303172738,0.007050528789659225,0.043478260869565216,0.025851938895417155,0.0,0.17117117117117117,0.004308656482569526,0.03799451625538582,0.06893850372111242,0.03681942812377595,0.24951037994516256,0.01880141010575793,0.0,0.13317665491578534,0.0011750881316098707,Платонов,Чевенгур
0.09137207908927501,0.08118633912522469,0.057519472738166565,0.011683642899940084,0.050029958058717794,0.037747153984421807,0.0008987417615338526,0.2171959257040144,0.004194128220491312,0.035350509286998205,0.06500898741761534,0.032055122828040745,0.18214499700419412,0.018573996405032954,0.0,0.11503894547633313,0.0,Платонов,Размышления читателя
0.10432098765432099,0.07469135802469136,0.055246913580246915,0.0070987654320987656,0.05,0.037654320987654324,0.0,0.24598765432098765,0.005864197530864198,0.037654320987654324,0.037037037037037035,0.0367283950617284,0.1845679012345679,0.021913580246913582,0.0,0.10123456790123457,0.0,Платонов,Размышления читателя
0.06868412104726283,0.0768446106766406,0.06426385583134989,0.008500510030601836,0.049642978578714726,0.024821489289357363,0.00034002040122407346,0.16967018021081265,0.003060183611016661,0.0384223053383203,0.08228493709622578,0.021421285277116626,0.24481468888133287,0.016660999659979598,0.0,0.12988779326759606,0.0006800408024481469,Платонов,Чевенгур
0.10665385539274562,0.08575546480903194,0.04876291136199856,0.009608455440787894,0.0535671390823925,0.03338938265673793,0.0,0.2522219553206822,0.006966130194571223,0.036512130674993995,0.05164544799423493,0.024021138601969732,0.1703098726879654,0.017535431179437906,0.00024021138601969732,0.10257026183041076,0.00024021138601969732,Платонов,Размышления читателя
0.07151140316969462,0.07073830691921144,0.06146115191341322,0.010823347506764593,0.05527638190954774,0.021260146888287593,0.00038654812524159255,0.17510630073444144,0.006571318129107074,0.032856590645535366,0.06803247004252029,0.020873598763045998,0.22651720139157325,0.01816776188635485,0.0,0.16041747197526093,0.0,Платонов,Чевенгур
0.07874354561101549,0.08218588640275387,0.05163511187607573,0.005593803786574871,0.0391566265060241,0.025817555938037865,0.0004302925989672978,0.19535283993115318,0.004302925989672977,0.03614457831325301,0.07099827882960413,0.019793459552495698,0.22633390705679862,0.017641996557659207,0.0,0.14586919104991394,0.0,Платонов,Чевенгур
0.062219149671621156,0.09747666781887314,0.05254061527825787,0.009332872450743173,0.06256481161424127,0.0197027307293467,0.0,0.19840995506394746,0.007950224680262703,0.030418250950570342,0.06187348772900104,0.047701348081576216,0.17490494296577946,0.015209125475285171,0.0,0.1596958174904943,0.0,Платонов,Чевенгур
0.08813131313131313,0.07676767676767676,0.058838383838383836,0.00909090909090909,0.04924242424242424,0.04040404040404041,0.000505050505050505,0.20934343434343433,0.00404040404040404,0.041666666666666664,0.06464646464646465,0.028282828282828285,0.18409090909090908,0.023232323232323233,0.0,0.12171717171717172,0.0,Платонов,Размышления читателя
0.07752239968835216,0.07985975847292559,0.05181145305804441,0.0062329567588624854,0.05025321386832879,0.023763147643163226,0.0,0.19439033891702376,0.0062329567588624854,0.03856641994546163,0.058823529411764705,0.03700818075574601,0.20802493182703544,0.01753019088430074,0.0,0.14998052201012854,0.0,Платонов,Чевенгур
0.06162587412587413,0.06643356643356643,0.05026223776223776,0.013548951048951048,0.04501748251748252,0.022290209790209792,0.0,0.1604020979020979,0.0034965034965034965,0.037587412587412584,0.12237762237762238,0.015734265734265736,0.22945804195804195,0.020104895104895104,0.0,0.15166083916083917,0.0,Платонов,В прекрасном и яростном мире
0.06399235912129896,0.06876790830945559,0.050620821394460364,0.0052531041069723014,0.04632282712511939,0.022922636103151862,0.002387774594078319,0.19675262655205347,0.0066857688634192934,0.0329512893982808,0.06351480420248329,0.04202483285577841,0.2282712511938873,0.014326647564469915,0.0,0.15425023877745941,0.0009551098376313276,Платонов,Чевенгур
0.10707011929007856,0.07390165842304335,0.05324410823392493,0.008437590922315974,0.049170788478324116,0.038696537678207736,0.0,0.23014256619144602,0.00523712540005819,0.038405586267093395,0.05615362234506838,0.02094850160023276,0.18475414605760837,0.027058481233633982,0.0,0.10677916787896422,0.0,Платонов,Размышления читателя
0.06077147016011645,0.07860262008733625,0.06077147016011645,0.012372634643377001,0.05312954876273653,0.01928675400291121,0.000363901018922853,0.17758369723435224,0.009097525473071324,0.04002911208151383,0.06768558951965066,0.05240174672489083,0.2052401746724891,0.01710334788937409,0.0,0.14556040756914118,0.0,Платонов,Чевенгур
0.07119645494830133,0.0741506646971935,0.041654357459379614,0.010044313146233382,0.032791728212703104,0.025701624815361892,0.0,0.22392909896602659,0.032200886262924666,0.027178729689807977,0.04076809453471197,0.10782865583456426,0.2,0.015066469719350073,0.005317577548005908,0.09187592319054654,0.0002954209748892171,Платонов,Размышления читателя
0.07738304607808653,0.07456911712979247,0.063665142455153,0.0045726345409778405,0.044319380935631376,0.021807949349278932,0.0,0.2149138234259585,0.009848751319029195,0.03306366514245515,0.0481885332395357,0.0327119240239184,0.21948645796693633,0.018994020400984874,0.0,0.13577207175518818,0.0007034822370735139,Платонов,Чевенгур
0.05496108949416342,0.06712062256809338,0.05690661478599222,0.010214007782101167,0.04961089494163424,0.023346303501945526,0.00048638132295719845,0.17607003891050585,0.006809338521400778,0.03501945525291829,0.07733463035019456,0.04182879377431906,0.22130350194552528,0.017509727626459144,0.0,0.1609922178988327,0.00048638132295719845,Платонов,Чевенгур
0.06759443339960239,0.08184227965540093,0.0559973492379059,0.006958250497017893,0.052352551358515576,0.02385685884691849,0.0006626905235255136,0.20874751491053678,0.005301524188204109,0.027170311464546057,0.05533465871438038,0.02882703777335984,0.207090788601723,0.016898608349900597,0.0,0.16070245195493704,0.0006626905235255136,Платонов,Чевенгур
0.0466995958688819,0.08172429277054333,0.05343511450381679,0.009429726088908847,0.05208801077682981,0.025145936237090254,0.000449034575662326,0.18859452177817693,0.008531656937584195,0.025594970812752582,0.07453973955994611,0.04714863044454423,0.21239335428828018,0.01661427929950606,0.0,0.1571621014818141,0.000449034575662326,Платонов,Чевенгур
0.05922865013774105,0.0809228650137741,0.06473829201101929,0.009297520661157025,0.05371900826446281,0.02066115702479339,0.0006887052341597796,0.18181818181818182,0.0027548209366391185,0.03684573002754821,0.07024793388429752,0.03409090909090909,0.21866391184573003,0.01652892561983471,0.0,0.1494490358126722,0.0003443526170798898,Платонов,Чевенгур
0.06374119154388212,0.08103779628443306,0.057014734144778985,0.007367072389493914,0.05445227418321589,0.02530429212043562,0.0,0.17136450992953234,0.008648302370275465,0.03683536194746957,0.08744394618834081,0.037475976937860346,0.20435618193465727,0.01825752722613709,0.0,0.1467008327994875,0.0,Платонов,Чевенгур
0.0855568445475638,0.08526682134570766,0.06496519721577726,0.0063805104408352666,0.04814385150812065,0.029002320185614848,0.0002900232018561485,0.20533642691415313,0.005220417633410673,0.033642691415313224,0.05771461716937355,0.03973317865429234,0.18967517401392112,0.015661252900232018,0.0,0.13254060324825986,0.0008700696055684454,Платонов,Чевенгур
0.054706927175843696,0.09129662522202486,0.054706927175843696,0.007104795737122558,0.05257548845470693,0.020603907637655416,0.0014209591474245115,0.19182948490230906,0.007460035523978685,0.02984014209591474,0.07495559502664298,0.05044404973357016,0.1946714031971581,0.017406749555950268,0.0,0.15062166962699822,0.00035523978685612787,Платонов,Чевенгур
0.08313609467455621,0.08579881656804733,0.06449704142011835,0.0073964497041420114,0.049112426035502955,0.027514792899408284,0.0002958579881656805,0.20680473372781066,0.0053254437869822485,0.03431952662721893,0.05621301775147929,0.038461538461538464,0.1881656804733728,0.01686390532544379,0.0,0.13520710059171598,0.0008875739644970414,Платонов,Чевенгур
0.06876663708961846,0.07364685004436557,0.05545696539485359,0.00354924578527063,0.041259982253771074,0.02085181898846495,0.0,0.19165927240461403,0.0048802129547471165,0.030612244897959183,0.06699201419698314,0.05545696539485359,0.23336291038154391,0.01064773735581189,0.0,0.14285714285714285,0.0,Платонов,Чевенгур
0.08008130081300813,0.07479674796747968,0.06260162601626017,0.01016260162601626,0.04227642276422764,0.03373983739837398,0.0004065040650406504,0.21585365853658536,0.00894308943089431,0.03739837398373984,0.06016260162601626,0.030894308943089432,0.1975609756097561,0.01951219512195122,0.0,0.12560975609756098,0.0,Платонов,Размышления читателя
0.06432246998284734,0.07461406518010291,0.05660377358490566,0.00686106346483705,0.04502572898799314,0.02358490566037736,0.0,0.1895368782161235,0.007718696397941681,0.03945111492281304,0.06174957118353345,0.03816466552315609,0.22469982847341338,0.016295025728987993,0.0,0.1513722126929674,0.0,Платонов,Чевенгур
0.07506702412868632,0.07238605898123325,0.06319417847567982,0.011106855610877058,0.05668326311757947,0.024128686327077747,0.00038299502106472615,0.18843355036384526,0.00497893527384144,0.03485254691689008,0.064343163538874,0.019532746074301034,0.21141325162772884,0.01493680582152432,0.0,0.15855993872079663,0.0,Платонов,Чевенгур
0.062350936967632026,0.07597955706984667,0.05485519591141397,0.007155025553662692,0.05281090289608177,0.025894378194207836,0.0,0.16899488926746167,0.008858603066439524,0.04020442930153322,0.09437819420783645,0.03645655877342419,0.21022146507666098,0.018398637137989778,0.0,0.1434412265758092,0.0,Платонов,Чевенгур
0.06731527741256903,0.07757033920589008,0.06153037075992637,0.009992111490928214,0.05495661320010518,0.027346831448856166,0.0,0.1730212989744938,0.0060478569550354985,0.04233499868524849,0.0815145937417828,0.026032079936891928,0.21009729161188537,0.0231396266105706,0.0,0.13857480936103075,0.0005259006047856955,Платонов,Чевенгур
0.12353241449719245,0.08575803981623277,0.05359877488514548,0.009443593670239918,0.04900459418070444,0.033435426237876466,0.0,0.24910668708524758,0.004849412965798877,0.03751914241960184,0.039305768249106685,0.03394589076059214,0.17126084737110772,0.01582440020418581,0.0,0.09341500765696784,0.0,Платонов,Размышления читателя
0.06622271550129485,0.06733259341472438,0.07066222715501295,0.007399186089530152,0.051054384017758046,0.031816500184979654,0.0,0.1805401405845357,0.005179430262671106,0.04476507584165742,0.0732519422863485,0.03107658157602664,0.20569737328893822,0.02145763965963744,0.0,0.14354421013688495,0.0,Платонов,Чевенгур
0.06931089743589744,0.08493589743589744,0.057692307692307696,0.009615384615384616,0.05889423076923077,0.019631410256410256,0.00040064102564102563,0.21233974358974358,0.006009615384615385,0.02283653846153846,0.046474358974358976,0.034054487179487176,0.19671474358974358,0.01201923076923077,0.0,0.16907051282051283,0.0,Платонов,Чевенгур
0.061395348837209304,0.08062015503875969,0.05271317829457364,0.006821705426356589,0.0524031007751938,0.02883720930232558,0.0,0.21488372093023256,0.008682170542635658,0.03968992248062016,0.06170542635658915,0.03131782945736434,0.18728682170542635,0.01953488372093023,0.0,0.15410852713178294,0.0,Платонов,Чевенгур
0.0524948024948025,0.08523908523908524,0.056652806652806656,0.012474012474012475,0.055613305613305616,0.02754677754677755,0.0010395010395010396,0.1735966735966736,0.004158004158004158,0.02754677754677755,0.0997920997920998,0.02754677754677755,0.21153846153846154,0.018191268191268192,0.0,0.14656964656964658,0.0,Платонов,Юшка
0.05227834687389615,0.08300953726598376,0.062168844931119745,0.013422818791946308,0.047686329918756626,0.018368067820558106,0.0007064641469445425,0.1833274461321088,0.0042387848816672555,0.03285058283292123,0.0762981278700106,0.03355704697986577,0.20346167432002826,0.02190038855528082,0.0,0.16531261038502296,0.001412928293889085,Платонов,Чевенгур
0.1016419077404222,0.0693249934844931,0.05707584050039093,0.010685431326557205,0.05108157414646859,0.04248110502997133,0.0,0.20797498045347929,0.005994266353922335,0.047432890278863694,0.05629397967161845,0.0362262183997915,0.19207714360177222,0.019025280166796978,0.0,0.10268438884545218,0.0,Платонов,Размышления читателя
0.09016887816646563,0.08323281061519903,0.05910735826296743,0.010554885404101327,0.051568154402895056,0.029553679131483716,0.00030156815440289503,0.21773220747889022,0.007840772014475271,0.03347406513872135,0.05367913148371532,0.04010856453558504,0.18486127864897467,0.02141133896260555,0.00030156815440289503,0.1161037394451146,0.0,Платонов,Размышления читателя
0.09555488358028424,0.07771394012700332,0.05866344118536438,0.010281221651043242,0.05291805261566374,0.023586332022981556,0.0,0.19050498941638946,0.004838221953432114,0.03779860901118839,0.05745388569700635,0.02509827638342909,0.1995766555790747,0.01874811006954944,0.0,0.14665860296341093,0.0006047777441790142,Платонов,Чевенгур
0.06118421052631579,0.0993421052631579,0.04802631578947368,0.008881578947368421,0.058223684210526316,0.02368421052631579,0.0003289473684210526,0.20394736842105263,0.0059210526315789476,0.030592105263157896,0.0700657894736842,0.04901315789473684,0.1736842105263158,0.022039473684210525,0.0,0.14473684210526316,0.0003289473684210526,Платонов,Чевенгур
0.05564981336952833,0.09670851713607058,0.05293518832711232,0.009501187648456057,0.05632846963013234,0.024092297251442144,0.00033932813030200206,0.18798778418730913,0.004411265693926026,0.033593484899898204,0.08143875127248049,0.049202578893790296,0.17814726840855108,0.02307431286053614,0.0,0.14625042416016287,0.00033932813030200206,Платонов,Чевенгур
0.07198275862068966,0.07931034482758621,0.05129310344827586,0.0034482758620689655,0.04439655172413793,0.02586206896551724,0.0,0.1956896551724138,0.005172413793103448,0.034913793103448276,0.06293103448275862,0.03836206896551724,0.22844827586206898,0.009482758620689655,0.0,0.1478448275862069,0.0008620689655172414,Платонов,Чевенгур
0.07964954201513341,0.07327757865392275,0.04420549581839905,0.008363201911589008,0.04898446833930705,0.025089605734767026,0.00039824771007566706,0.20908004778972522,0.004380724810832338,0.037037037037037035,0.05774591796097173,0.029470330545599364,0.21863799283154123,0.01752289924332935,0.0,0.1449621664675428,0.0011947431302270011,Платонов,Чевенгур
0.06779661016949153,0.0800376647834275,0.0532015065913371,0.009416195856873822,0.0371939736346516,0.027777777777777776,0.0014124293785310734,0.1817325800376648,0.003295668549905838,0.04001883239171375,0.0743879472693032,0.02919020715630885,0.23258003766478344,0.017890772128060263,0.0,0.1440677966101695,0.0,Платонов,Чевенгур
0.09692737430167597,0.08547486033519552,0.04273743016759776,0.008100558659217877,0.045251396648044694,0.04022346368715084,0.0,0.2410614525139665,0.0036312849162011174,0.035754189944134075,0.055865921787709494,0.029329608938547486,0.18603351955307262,0.021229050279329607,0.00027932960893854746,0.10810055865921787,0.0,Платонов,Размышления читателя
0.06333545512412476,0.0789306174411203,0.05728835136855506,0.009548058561425843,0.053787396562698916,0.023870146403564607,0.0,0.1645448758752387,0.0054105665181413114,0.036919159770846595,0.0732017823042648,0.04742202418841502,0.20464672183322724,0.020687460216422662,0.0,0.15977084659452578,0.0006365372374283895,Платонов,Чевенгур
0.07052896725440806,0.06381192275398824,0.05961376994122586,0.008396305625524769,0.04534005037783375,0.02518891687657431,0.00041981528127623844,0.1746431570109152,0.0054575986565911,0.0382031905961377,0.06717044500419815,0.038623005877413935,0.25146935348446686,0.0163727959697733,0.0,0.13476070528967254,0.0,Платонов,Чевенгур
0.08264150943396227,0.07433962264150944,0.05849056603773585,0.006415094339622641,0.047924528301886794,0.02339622641509434,0.0003773584905660377,0.17245283018867924,0.0026415094339622643,0.03547169811320755,0.08113207547169811,0.020754716981132074,0.24830188679245283,0.016981132075471698,0.0,0.12867924528301886,0.0,Платонов,Чевенгур
0.0675143808658795,0.08507417499243113,0.05812897366030881,0.00877989706327581,0.054193157735392065,0.02512867090523766,0.0,0.16893732970027248,0.007266121707538601,0.03996366939146231,0.07356948228882834,0.036633363608840445,0.20375416288222828,0.023312140478353012,0.0,0.14713896457765668,0.0006055101422948834,Платонов,Чевенгур
0.1240021287919106,0.07743480574773816,0.056679084619478445,0.008781266631186802,0.04843001596593933,0.034858967535923366,0.0,0.24081958488557745,0.005854177754124534,0.03751995742416179,0.034858967535923366,0.03725385843533795,0.1729643427354976,0.020223523150612027,0.0,0.1003193187865886,0.0,Платонов,Размышления читателя
0.07638072855464159,0.07011359185272228,0.05992949471210341,0.008225616921269096,0.04935370152761457,0.02428515471993733,0.0003916960438699569,0.17312965139052094,0.007442224833529181,0.04034469251860556,0.06345475910693302,0.043478260869565216,0.2256169212690952,0.01527614571092832,0.0,0.14257735996866433,0.0,Платонов,Чевенгур
0.06606483381206402,0.08453016003282725,0.051702913418137056,0.007796471070988921,0.05211325400082068,0.022979072630283134,0.0,0.19983586376692655,0.006155108740254411,0.029134181370537547,0.062782109150595,0.050061551087402546,0.20106688551497742,0.01272055806319245,0.0,0.15182601559294215,0.0012310217480508822,Платонов,Чевенгур
0.0899790746338061,0.07695884677981865,0.05975354568704953,0.009997674959311788,0.051848407347128575,0.04045570797488956,0.00023250406882120437,0.21088119042083237,0.0053475935828877,0.039525691699604744,0.06231109044408277,0.028365496396186934,0.18042315740525458,0.02441292722622646,0.0,0.11950709137409905,0.0,Платонов,Размышления читателя
0.09372637944066516,0.08490803728898967,0.05215419501133787,0.011841773746535651,0.045351473922902494,0.03527336860670194,0.0,0.2328042328042328,0.011085915847820609,0.025699168556311415,0.04812295288485765,0.054925673973293024,0.1728395061728395,0.017888636936255985,0.0005039052658100278,0.1128747795414462,0.0,Платонов,Размышления читателя
0.0700354609929078,0.10047281323877069,0.05466903073286052,0.0076832151300236405,0.05585106382978723,0.02304964539007092,0.0,0.19562647754137116,0.004728132387706856,0.03102836879432624,0.07210401891252956,0.05260047281323877,0.17405437352245862,0.01743498817966903,0.0,0.1400709219858156,0.000591016548463357,Платонов,Чевенгур
0.08691559460307499,0.08534672105428302,0.06055851898336994,0.010668340131785378,0.05710699717602761,0.023533103231879512,0.0,0.19485409475996235,0.004706620646375902,0.039535613429557574,0.060244744273611546,0.021964229683087543,0.19046124882334484,0.019454032005020397,0.0,0.144336366488861,0.00031377470975839345,Платонов,Чевенгур
0.10463502636691646,0.07271718012767138,0.055231751318345824,0.009714127116291979,0.048015542603386065,0.04329725228975854,0.0,0.21454343602553427,0.0038856508465167916,0.04607271718012767,0.05634193727449348,0.0324729392173189,0.19344990285872884,0.01665278934221482,0.0,0.10296974743269498,0.0,Платонов,Размышления читателя
0.06779661016949153,0.0784313725490196,0.06148222000664673,0.008308408109006314,0.0511797939514789,0.02193419740777667,0.0006646726487205051,0.19674310402126952,0.004320372216683284,0.03323363243602526,0.06015287470920572,0.027583914921900963,0.2123629112662014,0.017613825191093387,0.0,0.15719508142239946,0.0009970089730807576,Платонов,Чевенгур
0.10296225513616818,0.07214524605828954,0.05613951266125179,0.013616817964644052,0.04992833253702819,0.0389393215480172,0.0,0.20903010033444816,0.00716674629718108,0.04992833253702819,0.05231724796942188,0.0389393215480172,0.1853798375537506,0.020305781175346392,0.0,0.10320114667940755,0.0,Платонов,Размышления читателя
0.06787130894667254,0.07668576465403261,0.0625826355222565,0.006610841780520053,0.043190832966064345,0.0251211987659762,0.0008814455707360071,0.18995152049360953,0.005288673424416042,0.03613926840017629,0.060379021595416485,0.03525782282944028,0.2388717496694579,0.009255178492728075,0.0,0.14191273688849715,0.0,Платонов,Чевенгур
0.06091370558375635,0.08085569253081944,0.05184916606236403,0.009789702683103698,0.05692530819434373,0.022117476432197244,0.0007251631617113851,0.1899927483683829,0.006526468455402465,0.027918781725888325,0.06598984771573604,0.03734590282813633,0.2034082668600435,0.019216823785351705,0.0,0.1653372008701958,0.0010877447425670776,Платонов,Чевенгур
0.06169397002439875,0.07703032415475776,0.06936214708957825,0.012547926106657371,0.04844893691181596,0.02614151272220286,0.0003485535029627048,0.14325548971767166,0.004879749041477867,0.0439177413733008,0.08922969675845242,0.028232833739979087,0.22830254444057163,0.018473335657023353,0.0,0.14813523875914952,0.0,Платонов,Чевенгур
0.06994328922495274,0.07939508506616257,0.05141776937618148,0.01058601134215501,0.050283553875236295,0.03251417769376182,0.0003780718336483932,0.20491493383742912,0.010207939508506616,0.03705103969754253,0.06011342155009452,0.03856332703213611,0.2,0.018525519848771266,0.0,0.13534971644612476,0.0007561436672967864,Платонов,Чевенгур
0.059007599463567276,0.07375949932945909,0.05856057219490389,0.006258381761287439,0.04425569959767546,0.019222172552525705,0.001788109074653554,0.20429146177916854,0.008940545373267769,0.033080017881090745,0.053196244970943225,0.03531515422440769,0.22753687974966472,0.015645954403218598,0.0,0.15780062583817614,0.0013410818059901655,Платонов,Чевенгур
0.067420814479638,0.07194570135746606,0.05248868778280543,0.0036199095022624436,0.04253393665158371,0.02398190045248869,0.0,0.18687782805429864,0.0027149321266968325,0.02986425339366516,0.0665158371040724,0.0579185520361991,0.23484162895927602,0.011312217194570135,0.0,0.14796380090497738,0.0,Платонов,Чевенгур
0.08203677510608204,0.07956152758132956,0.06364922206506365,0.007072135785007072,0.04915134370579915,0.02369165487977369,0.0,0.21393210749646394,0.006718528995756719,0.03041018387553041,0.05233380480905234,0.030056577086280057,0.20615275813295617,0.021923620933521924,0.0,0.1333097595473833,0.0,Платонов,Чевенгур
0.0664599025254763,0.07443509082853345,0.05937084625609216,0.0057598582188746125,0.04164820558263181,0.024368630926007974,0.00044306601683650863,0.179441736818786,0.004873726185201595,0.03810367744793974,0.0717766947275144,0.038546743464776254,0.24501550731058927,0.00930438635356668,0.0,0.14045192733717324,0.0,Платонов,Чевенгур
0.1274252753015207,0.07760880964866282,0.056371263765076035,0.010749868904037755,0.048505506030414265,0.03408495018353435,0.0,0.24514944939695857,0.006030414263240692,0.03801782905086523,0.03592029365495543,0.03592029365495543,0.1699003670686943,0.018353434714210803,0.0,0.09596224436287362,0.0,Платонов,Размышления читателя
0.05699177438307873,0.07931844888366628,0.07314923619271445,0.009694477085781434,0.05376028202115159,0.02144535840188014,0.0005875440658049354,0.1698002350176263,0.004700352526439483,0.04054054054054054,0.07197414806110458,0.04318448883666275,0.1918331374853114,0.022032902467685075,0.0,0.1609870740305523,0.0,Платонов,Чевенгур
0.07045088566827697,0.06561996779388084,0.05676328502415459,0.008454106280193236,0.04589371980676329,0.02818035426731079,0.0,0.1751207729468599,0.005636070853462158,0.037037037037037035,0.06843800322061191,0.03864734299516908,0.24436392914653784,0.017310789049919485,0.0,0.13808373590982287,0.0,Платонов,Чевенгур
0.09097127222982217,0.08481532147742818,0.05449156406748746,0.009575923392612859,0.06497948016415869,0.03237574099407205,0.0,0.20383036935704515,0.005927952576379389,0.03556771545827633,0.06338349293205654,0.013907888736890105,0.18604651162790697,0.022571819425444596,0.0,0.13155494756041952,0.0,Платонов,Чевенгур
0.061068702290076333,0.09523809523809523,0.05016357688113413,0.007633587786259542,0.061795710650672485,0.016721192293711377,0.0,0.20029080334423846,0.008360596146855689,0.030897855325336242,0.05997818974918211,0.05125408942202835,0.178117048346056,0.014176663031624863,0.0,0.16430388949472918,0.0,Платонов,Чевенгур
0.0770042194092827,0.07313642756680731,0.05942334739803094,0.011954992967651195,0.04289732770745429,0.03059071729957806,0.0,0.2039381153305204,0.004571026722925457,0.03481012658227848,0.06364275668073137,0.03305203938115331,0.20042194092827004,0.020393811533052038,0.0,0.1441631504922644,0.0,Платонов,Чевенгур
0.06559368357121166,0.08259945338597025,0.05526875189796538,0.00850288490737929,0.05678712420285454,0.023079259034315215,0.0,0.1655025812329183,0.006680838141512299,0.03947767992711813,0.07470391740054662,0.04464014576374127,0.20133616762830245,0.021864561190403888,0.0,0.15335560279380503,0.0006073489219556636,Платонов,Чевенгур
0.06402116402116402,0.08306878306878307,0.06931216931216931,0.009788359788359789,0.05714285714285714,0.025661375661375663,0.0005291005291005291,0.17328042328042328,0.00582010582010582,0.03571428571428571,0.06798941798941799,0.04365079365079365,0.18015873015873016,0.020634920634920634,0.0,0.16322751322751322,0.0,Платонов,Чевенгур
0.08735773608120578,0.08366656413411258,0.061519532451553366,0.0064595509074131035,0.046447247000922794,0.02829898492771455,0.0,0.20362965241464165,0.0064595509074131035,0.033835742848354354,0.05721316517994463,0.04244847739157182,0.1910181482620732,0.016917871424177177,0.0,0.13380498308212857,0.0009227929867733005,Платонов,Чевенгур
0.08716915995397008,0.0857307249712313,0.05322209436133487,0.010069044879171462,0.05408515535097814,0.028481012658227847,0.00028768699654775604,0.18728423475258918,0.004890678941311853,0.03538550057537399,0.07105868814729574,0.032508630609896436,0.17635212888377447,0.018411967779056387,0.0,0.154487917146145,0.0005753739930955121,Платонов,Чевенгур
0.06261425959780621,0.07221206581352833,0.054844606946983544,0.007312614259597806,0.04204753199268738,0.026051188299817184,0.0,0.1910420475319927,0.007769652650822669,0.03610603290676417,0.06170018281535649,0.03884826325411334,0.2317184643510055,0.015539305301645339,0.0,0.15219378427787933,0.0,Платонов,Чевенгур
0.09822119102861562,0.07605052848672338,0.05594225315803042,0.01108533127094612,0.05207527713328177,0.03377159061613818,0.0,0.21010569734467646,0.005155968032998196,0.048981696313482856,0.055426656354730604,0.04537251869038412,0.18613044599123485,0.019077081722093322,0.0,0.10260376385666409,0.0,Платонов,Размышления читателя
0.061200237670825906,0.07991681521093286,0.06209150326797386,0.012477718360071301,0.054367201426024955,0.025846702317290554,0.0,0.15210932857991682,0.004753416518122401,0.03594771241830065,0.0796197266785502,0.047534165181224004,0.2103386809269162,0.0213903743315508,0.0,0.15240641711229946,0.0,Платонов,Чевенгур
0.054841149773071106,0.07715582450832073,0.05937972768532526,0.00529500756429652,0.05030257186081694,0.023827534039334342,0.0015128593040847202,0.17360060514372164,0.00869894099848714,0.04046898638426626,0.09152798789712557,0.0416036308623298,0.20915279878971255,0.014372163388804841,0.0,0.14826021180030258,0.0,Платонов,Чевенгур
0.10414333706606943,0.07446808510638298,0.0509518477043673,0.010078387458006719,0.048712206047032476,0.03919372900335946,0.0,0.23712206047032475,0.005039193729003359,0.0377939529675252,0.05795072788353863,0.017637178051511757,0.1822508398656215,0.02715565509518477,0.0,0.10750279955207166,0.0,Платонов,Размышления читателя
0.06671664167916042,0.06934032983508245,0.05697151424287856,0.011619190404797601,0.04460269865067466,0.02923538230884558,0.0003748125937031484,0.2080209895052474,0.005997001499250375,0.0356071964017991,0.06259370314842579,0.02886056971514243,0.20727136431784107,0.019865067466266866,0.0,0.15292353823088456,0.0,Платонов,Чевенгур
0.07977991746905089,0.08528198074277854,0.061898211829436035,0.008253094910591471,0.04986244841815681,0.029573590096286108,0.000343878954607978,0.20495185694635487,0.003782668500687758,0.03576341127922971,0.053988995873452544,0.033012379642365884,0.19807427785419532,0.012379642365887207,0.0,0.1420220082530949,0.0010316368638239339,Платонов,Чевенгур
0.0906886517943744,0.07929194956353056,0.05286129970902037,0.006304558680892337,0.047284190106692534,0.040252182347235696,0.0,0.2090203685741998,0.005577109602327837,0.03976721629485936,0.06789524733268672,0.030552861299709022,0.18743937924345297,0.024733268671193017,0.0,0.11808923375363725,0.00024248302618816683,Платонов,Размышления читателя
0.0666049953746531,0.07169287696577244,0.05180388529139685,0.0064754856614246065,0.045328399629972246,0.022201665124884366,0.0,0.17853839037927843,0.0018501387604070306,0.02960222016651249,0.07354301572617947,0.04949121184088807,0.2303422756706753,0.01341350601295097,0.0,0.15911193339500462,0.0,Платонов,Чевенгур
0.05547445255474453,0.06861313868613139,0.05742092457420925,0.01167883211678832,0.040389294403892946,0.020437956204379562,0.0,0.1562043795620438,0.006326034063260341,0.0364963503649635,0.11143552311435523,0.02579075425790754,0.23552311435523116,0.022871046228710463,0.0,0.15133819951338198,0.0,Платонов,В прекрасном и яростном мире
0.07370517928286853,0.07689243027888447,0.06135458167330677,0.0035856573705179283,0.044223107569721115,0.023107569721115537,0.0,0.1956175298804781,0.007171314741035857,0.03904382470119522,0.0653386454183267,0.05139442231075697,0.21195219123505976,0.012749003984063745,0.0,0.13386454183266933,0.0,Платонов,Чевенгур
0.10242130750605327,0.06876513317191284,0.056416464891041164,0.013075060532687652,0.049394673123486686,0.03946731234866828,0.0,0.20484261501210654,0.006295399515738499,0.051331719128329296,0.05423728813559322,0.038498789346246974,0.1891041162227603,0.020338983050847456,0.0,0.10581113801452785,0.0,Платонов,Размышления читателя
0.08754012255617158,0.08199591479428071,0.05602567843594981,0.011672016340822877,0.05339947475926466,0.030639042894660053,0.0002918004085205719,0.18937846512985118,0.0046688065363291505,0.035307849430989205,0.07178290049606069,0.03034724248613948,0.17391304347826086,0.018967026553837175,0.0,0.15348701488182084,0.0005836008170411438,Платонов,Чевенгур
0.08812899638587712,0.0764525993883792,0.060884070058381985,0.011398387545176535,0.05059772032249096,0.03947734222963581,0.0008340283569641367,0.21434528773978315,0.0030581039755351682,0.043369474562135114,0.05865999443981095,0.026966916875173757,0.18042813455657492,0.02418682235195997,0.0,0.12121212121212122,0.0,Платонов,Размышления читателя
0.07154405820533549,0.07599029911075182,0.06143896523848019,0.003637833468067906,0.0444624090541633,0.023848019401778497,0.0,0.19401778496362165,0.007275666936135812,0.04001616814874697,0.06790622473726758,0.05173807599029911,0.21139854486661278,0.01333872271624899,0.0,0.1333872271624899,0.0,Платонов,Чевенгур
0.10069444444444445,0.07539682539682539,0.057539682539682536,0.013640873015873016,0.051835317460317464,0.03373015873015873,0.0,0.2048611111111111,0.006696428571428571,0.051835317460317464,0.053323412698412696,0.04563492063492063,0.1827876984126984,0.020833333333333332,0.0,0.10119047619047619,0.0,Платонов,Размышления читателя
0.0656385923289838,0.09094503756425465,0.06405693950177936,0.009489916963226572,0.060102807433768286,0.019770660340055358,0.00039541320680110717,0.2155001977066034,0.00830367734282325,0.02332937920126532,0.042309213127718466,0.03637801502570186,0.18900751285092923,0.009885330170027679,0.0,0.16488730723606168,0.0,Платонов,Чевенгур
0.0575801749271137,0.07653061224489796,0.06231778425655977,0.01239067055393586,0.052478134110787174,0.021137026239067054,0.00036443148688046647,0.17565597667638483,0.008017492711370262,0.04190962099125364,0.06887755102040816,0.05174927113702624,0.2066326530612245,0.01749271137026239,0.0,0.14686588921282798,0.0,Платонов,Чевенгур
0.06824264049955397,0.07270294380017842,0.05129348795718109,0.0044603033006244425,0.04415700267618198,0.02230151650312221,0.0,0.18911685994647637,0.0031222123104371097,0.029438001784121322,0.06690454950936664,0.056645851917930416,0.23015165031222123,0.01159678858162355,0.0,0.14986619090098127,0.0,Платонов,Чевенгур
0.09386363636363636,0.08568181818181818,0.05545454545454546,0.00909090909090909,0.06386363636363636,0.032045454545454544,0.0,0.20477272727272727,0.006136363636363636,0.034772727272727275,0.06454545454545454,0.012954545454545455,0.18386363636363637,0.02181818181818182,0.0,0.13113636363636363,0.0,Платонов,Чевенгур
0.06150341685649203,0.07107061503416856,0.05740318906605923,0.006378132118451025,0.04373576309794989,0.023234624145785875,0.002277904328018223,0.2009111617312073,0.007744874715261959,0.03189066059225513,0.05968109339407745,0.03644646924829157,0.22687927107061504,0.014123006833712985,0.0,0.15535307517084282,0.001366742596810934,Платонов,Чевенгур
0.08223350253807106,0.08223350253807106,0.052115059221658204,0.007106598984771574,0.046023688663282575,0.03959390862944162,0.0010152284263959391,0.2155668358714044,0.007445008460236886,0.03587140439932318,0.05549915397631134,0.038917089678511,0.2050761421319797,0.023688663282571912,0.0,0.10761421319796954,0.0,Платонов,Размышления читателя
0.08138597904915391,0.07453666398066076,0.04472199838839645,0.008460918614020952,0.048348106365834004,0.0249798549556809,0.00040290088638195,0.20709105560032232,0.0040290088638195,0.0378726833199033,0.05842062852538275,0.029411764705882353,0.2191780821917808,0.016116035455278,0.0,0.14383561643835616,0.0012087026591458502,Платонов,Чевенгур
0.06878850102669405,0.07734428473648186,0.06433949349760439,0.008213552361396304,0.049281314168377825,0.0242984257357974,0.00034223134839151266,0.17111567419575632,0.0034223134839151265,0.038329911019849415,0.08213552361396304,0.019849418206707735,0.24435318275154005,0.01676933607118412,0.0,0.13073237508555785,0.0006844626967830253,Платонов,Чевенгур
0.09870317002881844,0.08741594620557157,0.05187319884726225,0.010086455331412104,0.05355427473583093,0.03818443804034582,0.0,0.23607108549471661,0.011767531219980788,0.030499519692603266,0.048751200768491834,0.04010566762728146,0.1659462055715658,0.01825168107588857,0.00024015369836695484,0.10758885686839577,0.0009606147934678194,Платонов,Размышления читателя
0.07309817254568636,0.0718232044198895,0.06119847003824904,0.007224819379515512,0.04334891627709307,0.021674458138546536,0.0,0.17169570760730982,0.008499787505312367,0.044623884402889925,0.0671483212919677,0.03994900127496812,0.23884402889927753,0.014024649383765405,0.0,0.1364215894602635,0.00042498937526561835,Платонов,Чевенгур
0.08677982309347358,0.08773607458761655,0.05737508964857758,0.009323452067893857,0.06335166148697108,0.031078173559646188,0.0,0.20894095147023667,0.005737508964857758,0.032990676547932106,0.06000478125747071,0.015060961032751613,0.18646904135787712,0.02127659574468085,0.0,0.13387520918001433,0.0,Платонов,Чевенгур
0.12062256809338522,0.08657587548638132,0.045963035019455256,0.009970817120622567,0.051313229571984434,0.033073929961089495,0.0,0.2521887159533074,0.007782101167315175,0.03453307392996109,0.04839494163424125,0.027237354085603113,0.16950389105058367,0.01629377431906615,0.00024319066147859923,0.0963035019455253,0.0,Платонов,Размышления читателя
0.08254716981132075,0.07822327044025157,0.046383647798742135,0.008647798742138365,0.05070754716981132,0.02397798742138365,0.0,0.18946540880503146,0.003537735849056604,0.04009433962264151,0.0625,0.036949685534591194,0.21422955974842767,0.018081761006289308,0.0,0.1434748427672956,0.0011792452830188679,Платонов,Чевенгур
0.07845804988662132,0.08163265306122448,0.05215419501133787,0.006349206349206349,0.03854875283446712,0.027210884353741496,0.0013605442176870747,0.19138321995464852,0.0036281179138321997,0.034013605442176874,0.07029478458049887,0.024943310657596373,0.2272108843537415,0.017687074829931974,0.0,0.14512471655328799,0.0,Платонов,Чевенгур
0.05647840531561462,0.07862679955703211,0.059800664451827246,0.005537098560354375,0.051310446659283866,0.02399409376153562,0.0014765596160944998,0.17681801402731634,0.008859357696566999,0.039128829826504244,0.08859357696567,0.042820228866740494,0.20376522702104097,0.014396456256921373,0.0,0.14839424141749724,0.0,Платонов,Чевенгур
0.09346816069964471,0.08171631593331512,0.05138015851325499,0.006012571740912818,0.04728067778081443,0.03634872916097295,0.0,0.2104400109319486,0.00573927302541678,0.0404482098934135,0.0639518994260727,0.03744192402295709,0.18393003552883302,0.022410494670675046,0.0,0.1191582399562722,0.00027329871549603714,Платонов,Размышления читателя
0.059682539682539684,0.08253968253968254,0.05587301587301587,0.006349206349206349,0.04888888888888889,0.026349206349206348,0.00031746031746031746,0.22666666666666666,0.006666666666666667,0.02761904761904762,0.05904761904761905,0.03333333333333333,0.19873015873015873,0.01873015873015873,0.0,0.1492063492063492,0.0,Платонов,Чевенгур
0.08652961030991102,0.08867750843817122,0.0592206198220313,0.00736422215403498,0.05001534212948757,0.028843203436637006,0.0003068425897514575,0.21141454433875423,0.00368211107701749,0.03283215710340595,0.05154955507824486,0.04111690702669531,0.18287818349186868,0.015342129487572876,0.0,0.1393065357471617,0.0009205277692543725,Платонов,Чевенгур
0.09071877180739707,0.07699464991858572,0.059781344498720634,0.009769713886950453,0.05210514073040242,0.04024191672481973,0.00023261223540358222,0.21097929751104907,0.005350081414282391,0.0393114677832054,0.062107466852756456,0.027913468248429867,0.1805070946731798,0.024424284717376135,0.0,0.11956268899744127,0.0,Платонов,Размышления читателя
0.08294797687861272,0.08930635838150289,0.0630057803468208,0.0072254335260115606,0.05057803468208093,0.03005780346820809,0.00028901734104046245,0.21184971098265895,0.004913294797687861,0.03468208092485549,0.05086705202312139,0.04017341040462428,0.17832369942196533,0.01705202312138728,0.0,0.13786127167630058,0.0008670520231213873,Платонов,Чевенгур
0.07995735607675906,0.08813077469793888,0.050106609808102345,0.007107320540156361,0.04193319118692253,0.03233830845771144,0.00035536602700781805,0.21428571428571427,0.007818052594171997,0.03909026297085998,0.06361051883439943,0.035181236673773986,0.20042643923240938,0.022388059701492536,0.0,0.11727078891257996,0.0,Платонов,Размышления читателя
0.0783744557329463,0.07764876632801161,0.06422351233671988,0.006894049346879536,0.04716981132075472,0.025036284470246733,0.0,0.18396226415094338,0.00544267053701016,0.04027576197387518,0.05914368650217707,0.03701015965166909,0.2202467343976778,0.017053701015965168,0.0,0.13606676342525398,0.001451378809869376,Платонов,Чевенгур
0.09402390438247012,0.08764940239043825,0.06560424966799469,0.009030544488711819,0.060292164674634795,0.019654714475431607,0.0002656042496679947,0.2058432934926959,0.006108897742363878,0.03904382470119522,0.049933598937583,0.02390438247011952,0.17768924302788844,0.019389110225763614,0.0,0.14156706507304118,0.0,Платонов,Чевенгур
0.0812603648424544,0.06882255389718077,0.06550580431177445,0.009950248756218905,0.0406301824212272,0.029850746268656716,0.0,0.20356550580431176,0.006218905472636816,0.0406301824212272,0.07379767827529021,0.02902155887230514,0.20356550580431176,0.021144278606965175,0.00041459369817578774,0.1256218905472637,0.0,Платонов,Размышления читателя
0.10458526532715096,0.07187017001545595,0.058475012879958786,0.014940752189592994,0.05023183925811438,0.03606388459556929,0.0,0.20041215868109222,0.0061823802163833074,0.05409582689335394,0.05383822771767131,0.04482225656877898,0.18341061308603812,0.02009273570324575,0.0,0.10097887686759402,0.0,Платонов,Размышления читателя
0.08961444946161862,0.08718304967002431,0.056964223688780825,0.009725599166377214,0.04480722473080931,0.029176797499131643,0.0003473428273706148,0.22820423758249392,0.008336227856894755,0.03265022577283779,0.05418548106981591,0.03299756860020841,0.18721778395276137,0.020145883987495658,0.0003473428273706148,0.11809656130600903,0.0,Платонов,Размышления читателя
0.0625,0.07931034482758621,0.0625,0.008189655172413794,0.052586206896551725,0.022844827586206897,0.0,0.19956896551724138,0.007758620689655172,0.028879310344827585,0.06465517241379311,0.041379310344827586,0.2025862068965517,0.014655172413793103,0.0,0.15258620689655172,0.0,Платонов,Чевенгур
0.06247042120208235,0.07051585423568386,0.048272598201609083,0.007572172266919072,0.04921911973497397,0.02082347373402745,0.001419782300047326,0.19640321817321343,0.005205868433506862,0.03170847136772362,0.065309985802177,0.043066729768102226,0.22195929957406532,0.015617605300520587,0.0,0.15996213913866542,0.000473260766682442,Платонов,Чевенгур
0.07020186803253992,0.08165109972883398,0.05845134076529075,0.007532389273877674,0.05453449834287436,0.0216932811087677,0.00030129557095510696,0.18921361855980717,0.004218137993371497,0.03826453751129858,0.06568243446821331,0.04097619764989455,0.19162398312744802,0.019282916541126845,0.0,0.1557698101837903,0.0006025911419102139,Платонов,Чевенгур
0.07395020438498699,0.07172054998141955,0.06428836863619472,0.010776662950575994,0.057971014492753624,0.021181716833890748,0.0,0.1731698253437384,0.006688963210702341,0.033444816053511704,0.06763285024154589,0.022296544035674472,0.21664808621330361,0.017837235228539576,0.0,0.1623931623931624,0.0,Платонов,Чевенгур
0.08458057779324747,0.08423250957187609,0.04942568743473721,0.007309432648799165,0.04316045945005221,0.03202227636616777,0.0003480682213713888,0.2171945701357466,0.007657500870170553,0.035851026801253044,0.06160807518273582,0.034110685694396105,0.198746954403063,0.024016707274625827,0.0,0.11973546815175774,0.0,Платонов,Размышления читателя
0.055286129970902036,0.06741028128031037,0.05771096023278371,0.011639185257032008,0.040252182347235696,0.020368574199806012,0.0,0.15664403491755577,0.006304558680892337,0.036372453928225024,0.11105722599418041,0.025703200775945685,0.23666343355965083,0.023278370514064017,0.0,0.1513094083414161,0.0,Платонов,В прекрасном и яростном мире
0.055305755395683456,0.07508992805755396,0.05620503597122302,0.006294964028776978,0.044064748201438846,0.018884892086330936,0.0017985611510791368,0.20278776978417265,0.0085431654676259,0.03327338129496403,0.05260791366906475,0.03597122302158273,0.23201438848920863,0.01753597122302158,0.0,0.15827338129496402,0.0013489208633093526,Платонов,Чевенгур
0.09175662414131501,0.08218842001962709,0.05323846908734053,0.010794896957801767,0.04416094210009813,0.03483807654563297,0.0,0.228900883218842,0.014720314033366046,0.02649656526005888,0.04685966633954858,0.057654563297350345,0.17713444553483806,0.018645731108930325,0.0014720314033366045,0.11113837095191365,0.0,Платонов,Размышления читателя
0.0937794533459001,0.09307257304429783,0.04759660697455231,0.008718190386427899,0.0527803958529689,0.039114043355325166,0.000235626767200754,0.2320923656927427,0.009660697455230915,0.02945334590009425,0.05065975494816211,0.047832233741753064,0.16423185673892554,0.017907634307257305,0.0,0.11192271442035816,0.000942507068803016,Платонов,Размышления читателя
0.059868087265347536,0.0669710806697108,0.0502283105022831,0.0136986301369863,0.0426179604261796,0.025367833587011668,0.0,0.1689497716894977,0.0045662100456621,0.04515474378488077,0.08625063419583967,0.0441400304414003,0.24251648909183154,0.015220700152207,0.0,0.13444951801116184,0.0,Платонов,Чевенгур
0.07010374096196165,0.08393586922351462,0.0635020433825841,0.008487896887771141,0.05375668028921723,0.020119459289531592,0.0006287331027978623,0.19522162841873625,0.004086765168186105,0.033951587551084565,0.060987110971392644,0.02955045583149953,0.20213769254951272,0.017918893429739076,0.0,0.15466834328827414,0.0009430996541967935,Платонов,Чевенгур
0.049891540130151846,0.08026030368763558,0.05813449023861171,0.012147505422993492,0.05726681127982646,0.02472885032537961,0.0008676789587852494,0.16008676789587853,0.0034707158351409977,0.03427331887201735,0.11149674620390455,0.026898047722342732,0.206941431670282,0.020390455531453362,0.0,0.15314533622559653,0.0,Платонов,Юшка
0.08531898539584935,0.08608762490392007,0.05572636433512682,0.006149116064565719,0.045349730976172176,0.02382782475019216,0.0,0.2121445042275173,0.003843197540353574,0.02997694081475788,0.0568793235972329,0.023059185242121444,0.20676402767102228,0.014604150653343582,0.0,0.15026902382782475,0.0,Платонов,Чевенгур
0.06774040738986263,0.07958313595452392,0.05352913311226907,0.00994789199431549,0.03694931312174325,0.02794883941260066,0.0014211274277593558,0.18190431075319755,0.0028422548555187117,0.04073898626243486,0.07437233538607295,0.028896257697773566,0.23259118900994788,0.01752723827569872,0.0,0.1440075793462814,0.0,Платонов,Чевенгур
0.12039019747799191,0.08303592671901024,0.048060908874613374,0.011182488698548656,0.05044016178919819,0.03235783963835356,0.0,0.24958363073994766,0.007137758743754461,0.037116345467523196,0.04782298358315489,0.027123483226266953,0.17225791101594098,0.017844396859386154,0.0,0.09564596716630978,0.0,Платонов,Размышления читателя
0.07816091954022988,0.06934865900383141,0.05632183908045977,0.007662835249042145,0.04291187739463601,0.026053639846743294,0.0,0.17547892720306513,0.005747126436781609,0.03601532567049808,0.06704980842911877,0.037547892720306515,0.24521072796934865,0.01954022988505747,0.0,0.1318007662835249,0.0011494252873563218,Платонов,Чевенгур
0.08042789223454834,0.07805071315372425,0.04754358161648178,0.00792393026941363,0.04952456418383518,0.02377179080824089,0.0,0.1842313787638669,0.004358161648177496,0.042789223454833596,0.06339144215530904,0.036846275752773376,0.2159270998415214,0.018225039619651346,0.0,0.14698890649762283,0.0,Платонов,Чевенгур
0.07972403219624377,0.07895745496358758,0.046377922575699504,0.007282483710233806,0.052893829053277115,0.02414718282866999,0.0,0.18742813338443848,0.005366040628593331,0.04216174779609046,0.0620927558451514,0.037562284400153315,0.21080873898045227,0.01763127635109237,0.0,0.1475661172863166,0.0,Платонов,Чевенгур
0.0695577501073422,0.0845856590811507,0.05710605410047231,0.006869901245169601,0.05495920996135681,0.027050236152855303,0.00042936882782310007,0.20824388149420353,0.006440532417346501,0.027479604980678404,0.05195362816659511,0.03349076857020181,0.1996565049377415,0.013739802490339202,0.0,0.1567196221554315,0.0017174753112924003,Платонов,Чевенгур
0.08533145275035262,0.07428302773859896,0.049600376116596144,0.012929007992477669,0.05077574047954866,0.038551951104842504,0.00023507287259050304,0.21979313587212035,0.004936530324400564,0.03902209685002351,0.0613540197461213,0.03549600376116596,0.2005171603196991,0.02609308885754584,0.0,0.10108133521391631,0.0,Платонов,Размышления читателя
0.05201342281879195,0.08640939597315436,0.05620805369127517,0.00964765100671141,0.05327181208053691,0.025587248322147652,0.00041946308724832214,0.19379194630872484,0.007130872483221477,0.024328859060402684,0.07508389261744966,0.0436241610738255,0.2026006711409396,0.016778523489932886,0.0,0.15268456375838926,0.00041946308724832214,Платонов,Чевенгур
0.06237188872620791,0.08521229868228404,0.04948755490483162,0.008199121522693998,0.05124450951683748,0.029282576866764276,0.00029282576866764275,0.22371888726207906,0.00849194729136164,0.03279648609077599,0.060322108345534406,0.032503660322108344,0.18418740849194729,0.018448023426061493,0.0,0.1534407027818448,0.0,Платонов,Чевенгур
0.061820441130785955,0.08045977011494253,0.049704877291084186,0.008698353525939733,0.051568810189499846,0.02826964895930413,0.0,0.2177694936315626,0.008698353525939733,0.036346691519105315,0.06244175209692451,0.034793414103758934,0.18701460080770427,0.01863932898415657,0.0,0.15377446411929171,0.0,Платонов,Чевенгур
0.07313432835820896,0.08258706467661692,0.07611940298507462,0.00845771144278607,0.04875621890547264,0.03333333333333333,0.0,0.16666666666666666,0.005970149253731343,0.05124378109452736,0.06865671641791045,0.017412935323383085,0.21194029850746268,0.025373134328358207,0.0,0.13034825870646766,0.0,Васильев,Глухомань
0.06659729448491156,0.08428720083246619,0.06763787721123829,0.008844953173777315,0.043704474505723206,0.029656607700312174,0.0,0.16181061394380852,0.006243496357960458,0.051508844953173774,0.08480749219562955,0.02809573361082206,0.21019771071800208,0.026014568158168574,0.0,0.13059313215400625,0.0,Васильев,Глухомань
0.035759096612296114,0.055834378920953574,0.08155583437892096,0.006273525721455458,0.03513174404015056,0.027603513174404015,0.0006273525721455458,0.14303638644918445,0.00439146800501882,0.038268506900878296,0.08469259723964868,0.021957340025094103,0.26411543287327477,0.01756587202007528,0.0,0.18318695106649938,0.0,Васильев,В списках не значился
0.05061927840603123,0.05923532579429187,0.08185245018847603,0.011847065158858373,0.053850296176628974,0.01830910070005385,0.0,0.11362412493268713,0.0032310177705977385,0.04738826063543349,0.09585352719439957,0.026925148088314487,0.24824986537425955,0.01938610662358643,0.0,0.16962843295638125,0.0,Васильев,В списках не значился
0.04,0.08482758620689655,0.05379310344827586,0.005517241379310344,0.04896551724137931,0.030344827586206897,0.001379310344827586,0.13517241379310344,0.004827586206896552,0.05379310344827586,0.08482758620689655,0.03310344827586207,0.25655172413793104,0.018620689655172412,0.0,0.1482758620689655,0.0,Васильев,Глухомань
0.05780051150895141,0.070076726342711,0.05728900255754476,0.005626598465473146,0.049104859335038366,0.015856777493606138,0.0005115089514066496,0.19232736572890025,0.0035805626598465474,0.031713554987212275,0.055754475703324806,0.017391304347826087,0.25831202046035806,0.019437340153452685,0.0,0.16521739130434782,0.0,Васильев,В списках не значился
0.06537396121883657,0.07091412742382272,0.06038781163434903,0.009972299168975069,0.04875346260387812,0.010526315789473684,0.0,0.16121883656509695,0.006094182825484765,0.028254847645429362,0.054293628808864264,0.04542936288088643,0.26371191135734073,0.018282548476454295,0.0,0.15678670360110802,0.0,Васильев,В списках не значился
0.04875148632580262,0.07431629013079667,0.05648038049940547,0.010107015457788348,0.0469678953626635,0.02140309155766944,0.0,0.13436385255648037,0.00535077288941736,0.04934601664684899,0.089179548156956,0.03626634958382877,0.24673008323424495,0.02794292508917955,0.0,0.15219976218787157,0.0005945303210463733,Васильев,Глухомань
0.051714119697850086,0.07437536316095293,0.06565950029052876,0.01220220801859384,0.051714119697850086,0.034863451481696686,0.0,0.16443927948866938,0.011621150493898896,0.04357931435212086,0.08018593840790238,0.02440441603718768,0.22893666472980825,0.024985473561882625,0.0,0.13073794305636258,0.0005810575246949448,Васильев,Глухомань
0.05879208979155532,0.07001603420630678,0.07375734901122394,0.012292891501870658,0.042223409941207914,0.021913415285943347,0.0,0.13254943880277925,0.003206841261357563,0.04436130411544629,0.07910208444681988,0.03367183324425441,0.2613575628006414,0.016568679850347406,0.0,0.15018706574024585,0.0,Васильев,В списках не значился
0.06276150627615062,0.07112970711297072,0.04951185495118549,0.007670850767085077,0.04741980474198047,0.03207810320781032,0.0,0.17852161785216178,0.0020920502092050207,0.04184100418410042,0.07810320781032078,0.02510460251046025,0.25174337517433754,0.021617852161785217,0.0,0.1304044630404463,0.0,Васильев,Глухомань
0.05161290322580645,0.08337468982630274,0.07692307692307693,0.004962779156327543,0.040694789081885854,0.04168734491315137,0.0,0.14838709677419354,0.008436724565756825,0.060049627791563275,0.08635235732009926,0.020843672456575684,0.2153846153846154,0.03325062034739454,0.0,0.12754342431761787,0.0004962779156327543,Васильев,Глухомань
0.0548868560423688,0.09292248435243139,0.0548868560423688,0.0077034183919114105,0.04285026480500722,0.025517573423206548,0.0,0.14829080404429465,0.005777563793933558,0.051035146846413096,0.09966297544535388,0.036109773712084736,0.2065479056331247,0.03225806451612903,0.0,0.14155031295137216,0.0,Васильев,Глухомань
0.06652474720596062,0.08781266631186802,0.07025013304949441,0.007450771687067589,0.043640234167110166,0.028738690792974985,0.0010643959552953698,0.1873336881319851,0.011176157530601383,0.04683342203299627,0.05960617349654071,0.011176157530601383,0.2261841405002661,0.019159127195316657,0.0,0.13304949441192124,0.0,Васильев,Глухомань
0.06746411483253588,0.08755980861244018,0.06937799043062201,0.00909090909090909,0.04401913875598086,0.03110047846889952,0.0,0.16794258373205742,0.003827751196172249,0.04832535885167464,0.0861244019138756,0.02583732057416268,0.20047846889952153,0.02727272727272727,0.0,0.13157894736842105,0.0,Васильев,Глухомань
0.05794392523364486,0.07757009345794393,0.0691588785046729,0.008878504672897197,0.052336448598130844,0.027570093457943926,0.0,0.1766355140186916,0.005607476635514018,0.043457943925233646,0.06074766355140187,0.02850467289719626,0.2163551401869159,0.02336448598130841,0.0,0.15186915887850466,0.0,Васильев,Глухомань
0.06390210740992522,0.07002039428959891,0.045547246770904146,0.008837525492861998,0.04894629503738953,0.028552005438477225,0.0,0.17675050985723997,0.004758667573079538,0.03399048266485384,0.07545887151597552,0.03263086335825969,0.2590074779061863,0.01971447994561523,0.0,0.1318830727396329,0.0,Васильев,Глухомань
0.04711751662971175,0.06485587583148558,0.082039911308204,0.007206208425720621,0.04711751662971175,0.014966740576496674,0.0011086474501108647,0.15299334811529933,0.005543237250554324,0.03713968957871397,0.06430155210643015,0.017184035476718405,0.26496674057649666,0.015521064301552107,0.0,0.1779379157427938,0.0,Васильев,В списках не значился
0.058550724637681156,0.07246376811594203,0.06376811594202898,0.01217391304347826,0.051014492753623186,0.03246376811594203,0.0,0.17507246376811594,0.011014492753623189,0.04057971014492753,0.07652173913043478,0.022028985507246378,0.22666666666666666,0.02434782608695652,0.0,0.1327536231884058,0.0005797101449275362,Васильев,Глухомань
0.05391884380211229,0.0717065036131184,0.0744858254585881,0.010561423012784881,0.03835464146748194,0.023346303501945526,0.0022234574763757642,0.14285714285714285,0.006670372429127293,0.03835464146748194,0.07392996108949416,0.03446359088382435,0.2723735408560311,0.018343524180100056,0.0,0.13841022790439134,0.0,Васильев,В списках не значился
0.058004640371229696,0.07192575406032482,0.06902552204176333,0.008700696055684454,0.04698375870069606,0.022041763341067284,0.0,0.16821345707656613,0.0063805104408352666,0.04060324825986079,0.06902552204176333,0.024361948955916472,0.24361948955916474,0.021461716937354988,0.0,0.14965197215777262,0.0,Васильев,Глухомань
0.06208425720620843,0.08592017738359202,0.06263858093126386,0.006097560975609756,0.03991130820399113,0.03436807095343681,0.0011086474501108647,0.1779379157427938,0.011086474501108648,0.04767184035476718,0.06541019955654102,0.013303769401330377,0.22727272727272727,0.017738359201773836,0.0,0.14745011086474502,0.0,Васильев,Глухомань
0.05417463352453792,0.05608667941363926,0.07775653282345443,0.011472275334608031,0.0331421287444232,0.019120458891013385,0.0,0.18738049713193117,0.007010834926704908,0.03186743148502231,0.041427660930529,0.020395156150414276,0.26704907584448695,0.012746972594008922,0.0,0.17973231357552583,0.0006373486297004461,Васильев,В списках не значился
0.059734513274336286,0.08141592920353982,0.06814159292035399,0.008407079646017699,0.05176991150442478,0.024778761061946902,0.0,0.15752212389380532,0.00663716814159292,0.05088495575221239,0.084070796460177,0.029646017699115044,0.215929203539823,0.023008849557522124,0.0,0.13805309734513274,0.0,Васильев,Глухомань
0.04690721649484536,0.07474226804123711,0.0654639175257732,0.006701030927835051,0.04639175257731959,0.016494845360824743,0.0,0.19690721649484536,0.010824742268041237,0.032989690721649485,0.052061855670103095,0.01752577319587629,0.24278350515463917,0.01288659793814433,0.0,0.177319587628866,0.0,Васильев,В списках не значился
0.05635987590486039,0.07290589451913133,0.06463288521199587,0.0077559462254395035,0.04395036194415719,0.01964839710444674,0.0,0.1970010341261634,0.008273009307135471,0.02998965873836608,0.05377456049638056,0.016028955532574975,0.24250258531540847,0.011375387797311272,0.0,0.17580144777662876,0.0,Васильев,В списках не значился
0.056626506024096385,0.07409638554216867,0.07228915662650602,0.007228915662650603,0.0427710843373494,0.028313253012048192,0.0,0.15240963855421688,0.007228915662650603,0.051807228915662654,0.07771084337349397,0.016867469879518072,0.25421686746987954,0.018674698795180723,0.0,0.1391566265060241,0.0006024096385542169,Васильев,Глухомань
0.05798575788402848,0.07833163784333673,0.07171922685656154,0.0076297049847405905,0.039165818921668365,0.029501525940996948,0.000508646998982706,0.12817904374364192,0.004069175991861648,0.04730417090539166,0.0930824008138352,0.03967446592065107,0.23296032553407936,0.028484231943031537,0.0,0.14089521871820956,0.000508646998982706,Васильев,Глухомань
0.062471500227998175,0.06794345645234838,0.07478340173278614,0.01094391244870041,0.04742362061103511,0.027359781121751026,0.00045599635202918376,0.1349749202006384,0.005927952576379389,0.04103967168262654,0.09940720474236206,0.012767897856817145,0.22617419060647515,0.029639762881896944,0.0,0.15868673050615595,0.0,Васильев,В списках не значился
0.03527106466361855,0.07250163291966036,0.06466361854996734,0.006531678641410843,0.040496407576747225,0.020901371652514697,0.0013063357282821686,0.11430437622468975,0.005878510777269758,0.047028086218158065,0.10058785107772697,0.05682560418027433,0.2573481384715872,0.019595035924232528,0.0,0.15676028739386022,0.0,Васильев,Глухомань
0.05385060799073538,0.0903300521134916,0.06195715112912565,0.008685581933989578,0.042848870874348584,0.025477707006369428,0.0005790387955993051,0.15402431962941518,0.008685581933989578,0.04921829762594094,0.08338158656629995,0.033005211349160395,0.22929936305732485,0.0225825130283729,0.0,0.1354950781702374,0.0005790387955993051,Васильев,Глухомань
0.043865225683407505,0.07628734901462174,0.06547997457088366,0.006993006993006993,0.04259376986649714,0.023521932612841703,0.0006357279084551812,0.11951684678957407,0.004450095359186269,0.04767959313413859,0.1048951048951049,0.027972027972027972,0.25047679593134137,0.02225047679593134,0.0,0.16338207247298156,0.0,Васильев,Глухомань
0.039380245319561004,0.07811491284699806,0.0645577792123951,0.0032278889606197547,0.046481601032924466,0.0316333118140736,0.0012911555842479018,0.1407359586830213,0.003873466752743706,0.05874757908327954,0.08327953518398967,0.029051000645577793,0.25048418334409295,0.019367333763718526,0.0,0.14977404777275663,0.0,Васильев,Глухомань
0.06175663311985361,0.06221408966148216,0.08737419945105215,0.009149130832570906,0.05718206770356816,0.024702653247941447,0.0,0.13860933211344922,0.005946935041171089,0.04757548032936871,0.06495882891125343,0.030649588289112534,0.21637694419030193,0.02058554437328454,0.0,0.17246111619396157,0.0004574565416285453,Васильев,В списках не значился
0.04534005037783375,0.06801007556675064,0.07493702770780857,0.005037783375314861,0.0371536523929471,0.027707808564231738,0.0,0.1397984886649874,0.0006297229219143577,0.057304785894206546,0.06926952141057935,0.025818639798488665,0.28463476070528965,0.025818639798488665,0.0,0.1385390428211587,0.0,Васильев,Глухомань
0.060838747784997045,0.09332545776727702,0.057885410513880686,0.0070880094506792675,0.04311872415829888,0.02362669816893089,0.0005906674542232723,0.16656822209096278,0.006497341996455995,0.04843473124630833,0.08033077377436504,0.024808033077377438,0.23331364441819255,0.02362669816893089,0.0,0.1299468399291199,0.0,Васильев,Глухомань
0.05719139297848245,0.07361268403171008,0.06285390713476784,0.009060022650056626,0.04360135900339751,0.03737259343148358,0.0,0.15402038505096263,0.0056625141562853904,0.04303510758776897,0.10588901472253681,0.021517553793884484,0.22140430351075877,0.0232163080407701,0.0,0.14156285390713477,0.0,Васильев,Глухомань
0.07964601769911504,0.06588003933136677,0.08947885939036382,0.004916420845624385,0.05703048180924287,0.03146509341199607,0.0004916420845624386,0.1543756145526057,0.004424778761061947,0.04965585054080629,0.07423795476892822,0.011307767944936086,0.21878072763028517,0.021140609636184856,0.0,0.13716814159292035,0.0,Васильев,Глухомань
0.05388917132689375,0.08998474834773768,0.05592272496187087,0.00813421453990849,0.044738179969496694,0.02541942043721403,0.0,0.14641586171835283,0.005083884087442806,0.0472801220132181,0.09913573970513473,0.03711235383833249,0.2150482968988307,0.030503304524656837,0.0,0.14133197763091002,0.0,Васильев,Глухомань
0.04424157303370786,0.0723314606741573,0.060393258426966294,0.002106741573033708,0.02247191011235955,0.0175561797752809,0.0,0.16573033707865167,0.007022471910112359,0.02598314606741573,0.059691011235955056,0.028792134831460675,0.2928370786516854,0.011235955056179775,0.0,0.18890449438202248,0.0007022471910112359,Васильев,В списках не значился
0.06793743890518084,0.07820136852394917,0.06647116324535679,0.007331378299120235,0.045454545454545456,0.02785923753665689,0.0,0.16177908113391984,0.00635386119257087,0.04643206256109482,0.07038123167155426,0.03128054740957967,0.23607038123167157,0.021016617790811338,0.0,0.13343108504398826,0.0,Васильев,Глухомань
0.058997050147492625,0.07669616519174041,0.06293018682399214,0.008357915437561455,0.04129793510324484,0.028515240904621434,0.0,0.16371681415929204,0.00688298918387414,0.048180924287118974,0.0855457227138643,0.02704031465093412,0.23156342182890854,0.02654867256637168,0.0,0.13372664700098327,0.0,Васильев,Глухомань
0.06891348088531186,0.09104627766599598,0.05985915492957746,0.013078470824949699,0.04527162977867203,0.03370221327967807,0.0005030181086519115,0.1805835010060362,0.014084507042253521,0.04275653923541248,0.060362173038229376,0.023641851106639838,0.20724346076458752,0.022635814889336015,0.0,0.136317907444668,0.0,Васильев,Глухомань
0.062321326472269865,0.0880503144654088,0.06289308176100629,0.007432818753573471,0.04288164665523156,0.029731275014293884,0.0005717552887364208,0.18982275586049172,0.009719839908519153,0.04288164665523156,0.061177815894797025,0.017152658662092625,0.23213264722698684,0.019439679817038306,0.0,0.13379073756432247,0.0,Васильев,Глухомань
0.0504950495049505,0.07277227722772277,0.07920792079207921,0.010396039603960397,0.05297029702970297,0.024752475247524754,0.0,0.13762376237623763,0.005445544554455445,0.055445544554455446,0.08168316831683169,0.033663366336633666,0.21633663366336633,0.027722772277227723,0.0,0.15148514851485148,0.0,Васильев,Глухомань
0.06279342723004695,0.07981220657276995,0.0733568075117371,0.01232394366197183,0.04225352112676056,0.024061032863849766,0.0005868544600938967,0.17488262910798122,0.009976525821596244,0.03345070422535211,0.06455399061032864,0.028169014084507043,0.2312206572769953,0.01995305164319249,0.0,0.142018779342723,0.0005868544600938967,Васильев,Глухомань
0.04245524296675192,0.0710997442455243,0.07570332480818415,0.01278772378516624,0.04194373401534527,0.02557544757033248,0.0,0.1514066496163683,0.004603580562659846,0.05166240409207161,0.08951406649616368,0.04092071611253197,0.2163682864450128,0.02557544757033248,0.0,0.15038363171355498,0.0,Васильев,Глухомань
0.048150322959483266,0.06811509101585438,0.0739870816206694,0.005871990604815032,0.03816793893129771,0.030534351145038167,0.0011743981209630064,0.11685261303581915,0.0035231943628890195,0.04286553141514973,0.0892542571931885,0.041103934233705224,0.26423957721667646,0.026423957721667644,0.0,0.14973576042278333,0.0,Васильев,Глухомань
0.059447983014861996,0.09394904458598727,0.056794055201698515,0.012738853503184714,0.044585987261146494,0.02653927813163482,0.0,0.17197452229299362,0.01592356687898089,0.034501061571125265,0.06687898089171974,0.0435244161358811,0.21815286624203822,0.01910828025477707,0.0,0.13588110403397027,0.0,Васильев,Глухомань
0.05136986301369863,0.06095890410958904,0.06301369863013699,0.00410958904109589,0.0410958904109589,0.010958904109589041,0.0,0.1910958904109589,0.0027397260273972603,0.028082191780821917,0.052054794520547946,0.019178082191780823,0.28356164383561644,0.009589041095890411,0.0,0.1821917808219178,0.0,Васильев,В списках не значился
0.05521091811414392,0.06575682382133995,0.06451612903225806,0.008684863523573201,0.03598014888337469,0.026674937965260544,0.0006203473945409429,0.13957816377171217,0.004962779156327543,0.05583126550868486,0.07630272952853598,0.018610421836228287,0.2642679900744417,0.02481389578163772,0.0,0.15818858560794044,0.0,Васильев,Глухомань
0.07472035794183446,0.09261744966442953,0.0738255033557047,0.011185682326621925,0.043400447427293064,0.03847874720357942,0.0008948545861297539,0.17941834451901567,0.005369127516778523,0.04697986577181208,0.07293064876957495,0.019686800894854587,0.20313199105145413,0.02192393736017897,0.0,0.11543624161073826,0.0,Васильев,Глухомань
0.05742049469964664,0.08613074204946997,0.06978798586572438,0.007950530035335688,0.04770318021201413,0.022968197879858657,0.0,0.18286219081272084,0.0066254416961130744,0.02782685512367491,0.054328621908127206,0.018992932862190812,0.2318904593639576,0.011042402826855124,0.0,0.17446996466431094,0.0,Васильев,В списках не значился
0.04061212477928193,0.07004120070629782,0.075927015891701,0.00824014125956445,0.04178928781636257,0.025897586815773983,0.0011771630370806356,0.13419658622719247,0.00529723366686286,0.04885226603884638,0.09358446144791054,0.025309005297233667,0.2477928193054738,0.028251912889935255,0.0,0.15303119482048264,0.0,Васильев,Глухомань
0.056344928956393925,0.06908378245957864,0.08084272415482606,0.01224889759921607,0.049485546300832926,0.020578147966683,0.0,0.12150906418422341,0.002939735423811857,0.04703576678098971,0.09358157765801078,0.028907398334149927,0.2390984811366977,0.021068103870651642,0.0,0.15727584517393434,0.0,Васильев,В списках не значился
0.05352266521026761,0.0726379027853632,0.07591480065537957,0.009284543965046422,0.05079191698525396,0.019115237575095576,0.0,0.1370835608956854,0.0070999453850355,0.05898416166029492,0.08847624249044238,0.023484434735117424,0.22610595303113054,0.025669033315128344,0.0,0.15182960131075915,0.0,Васильев,Глухомань
0.04123199205166418,0.06458022851465474,0.08196721311475409,0.006458022851465474,0.04918032786885246,0.027819175360158967,0.0,0.16294088425235967,0.004470938897168405,0.039244908097367116,0.07898658718330849,0.029309488325881768,0.22652757078986588,0.01987083954297069,0.0,0.16741182314952807,0.0,Васильев,В списках не значился
0.04533678756476684,0.056347150259067356,0.08095854922279792,0.006476683937823834,0.05505181347150259,0.02655440414507772,0.0,0.1055699481865285,0.0045336787564766836,0.052461139896373056,0.11593264248704663,0.015544041450777202,0.24805699481865284,0.025259067357512953,0.0,0.16191709844559585,0.0,Васильев,В списках не значился
0.04774193548387097,0.07612903225806451,0.06064516129032258,0.0070967741935483875,0.04774193548387097,0.02838709677419355,0.0,0.14967741935483872,0.0032258064516129032,0.04774193548387097,0.08903225806451613,0.02967741935483871,0.24258064516129033,0.027096774193548386,0.0,0.1432258064516129,0.0,Васильев,Глухомань
0.051332288401253916,0.06583072100313479,0.07641065830721003,0.014106583072100314,0.06269592476489028,0.029780564263322883,0.0,0.164576802507837,0.005094043887147335,0.048589341692789965,0.08032915360501568,0.00274294670846395,0.2018025078369906,0.025470219435736678,0.0,0.17123824451410657,0.0,Васильев,В списках не значился
0.03885480572597137,0.0681663258350375,0.065439672801636,0.006134969325153374,0.04430811179277437,0.033401499659168374,0.0,0.1574642126789366,0.006816632583503749,0.051806407634628494,0.08111792774369461,0.03067484662576687,0.25903203817314246,0.02044989775051125,0.0,0.1356509884117246,0.0006816632583503749,Васильев,Глухомань
0.0370888733379986,0.07697690692792163,0.06927921623512946,0.007697690692792162,0.04058782365290413,0.028691392582225334,0.002099370188943317,0.14275717284814557,0.0034989503149055285,0.05108467459762071,0.07837648705388384,0.013995801259622114,0.28551434569629114,0.02099370188943317,0.0,0.14135759272218335,0.0,Васильев,Глухомань
0.0446821900566394,0.07740717432347388,0.06607929515418502,0.0062932662051604785,0.0434235368156073,0.030207677784770296,0.0006293266205160479,0.14285714285714285,0.003775959723096287,0.05286343612334802,0.0868470736312146,0.021397105097545627,0.24921334172435494,0.018879798615481436,0.0,0.1554436752674638,0.0,Васильев,Глухомань
0.06602162777461583,0.06488332384746727,0.06374501992031872,0.009675583380762664,0.0466704610130905,0.014797951052931132,0.0005691519635742744,0.16960728514513376,0.003414911781445646,0.03016505406943654,0.053500284575981785,0.04610130904951622,0.26237905520774046,0.0199203187250996,0.0,0.1485486624928856,0.0,Васильев,В списках не значился
0.04968553459119497,0.08113207547169811,0.057232704402515724,0.009433962264150943,0.04213836477987421,0.02389937106918239,0.0006289308176100629,0.1559748427672956,0.009433962264150943,0.04968553459119497,0.08553459119496855,0.027672955974842768,0.23962264150943396,0.025157232704402517,0.0,0.1421383647798742,0.0006289308176100629,Васильев,Глухомань
0.06067623899953682,0.0810560444650301,0.06762389995368226,0.008337193144974525,0.05048633626679018,0.025011579434923575,0.0,0.15748031496062992,0.006947660954145438,0.05094951366373321,0.08244557665585919,0.030569708198239925,0.2204724409448819,0.021306160259379342,0.0,0.13663733209819362,0.0,Васильев,Глухомань
0.07805724197745013,0.09236773633998266,0.07285342584562012,0.011274934952298352,0.04336513443191674,0.03946227233304423,0.0008673026886383347,0.1808326105810928,0.005203816131830009,0.04856895056374675,0.07155247181266262,0.019514310494362534,0.19904596704249783,0.02298352124891587,0.0,0.11405030355594102,0.0,Васильев,Глухомань
0.04614577871001573,0.07603565810173046,0.062401678028316726,0.007341373885684321,0.04562139486103828,0.01415836392239119,0.0,0.1966439433665443,0.01101206082852648,0.033560566334556896,0.053487152595700055,0.0173046670162559,0.24278972207656005,0.012060828526481384,0.0,0.18143681174619822,0.0,Васильев,В списках не значился
0.039492242595204514,0.08039492242595205,0.06205923836389281,0.009167842031029619,0.04160789844851904,0.02538787023977433,0.0021156558533145277,0.1311706629055007,0.0028208744710860366,0.05077574047954866,0.09520451339915374,0.014104372355430184,0.2842031029619182,0.021156558533145273,0.0,0.14033850493653033,0.0,Васильев,Глухомань
0.07744282744282745,0.07276507276507277,0.07640332640332641,0.006237006237006237,0.05405405405405406,0.02338877338877339,0.0015592515592515593,0.1600831600831601,0.009355509355509356,0.04885654885654886,0.06444906444906445,0.02338877338877339,0.2286902286902287,0.02702702702702703,0.0,0.1262993762993763,0.0,Васильев,Глухомань
0.040244523688232295,0.065206316861946,0.0815078960774325,0.007641365257259297,0.05094243504839532,0.028018339276617423,0.0,0.15078960774325012,0.006622516556291391,0.043301069791136015,0.08558329088130413,0.029037187977585328,0.2272032603158431,0.018848700967906265,0.0,0.16505348955680083,0.0,Васильев,В списках не значился
0.05926294820717132,0.07669322709163347,0.08665338645418327,0.0069721115537848604,0.045816733067729085,0.015438247011952191,0.0,0.1643426294820717,0.006474103585657371,0.045816733067729085,0.05976095617529881,0.02141434262948207,0.23207171314741035,0.01643426294820717,0.0,0.16235059760956175,0.00049800796812749,Васильев,В списках не значился
0.044654939106901215,0.07713125845737483,0.06224627875507442,0.008119079837618403,0.03924221921515562,0.02368064952638701,0.0006765899864682003,0.12313937753721245,0.006089309878213802,0.04059539918809202,0.10148849797023005,0.030446549391069014,0.2598105548037889,0.02029769959404601,0.0,0.16238159675236807,0.0,Васильев,Глухомань
0.05701357466063348,0.07375565610859729,0.0660633484162896,0.007239819004524887,0.04253393665158371,0.039819004524886875,0.00045248868778280545,0.13665158371040723,0.004524886877828055,0.0416289592760181,0.10090497737556561,0.024886877828054297,0.21900452488687783,0.033936651583710405,0.0,0.151131221719457,0.00045248868778280545,Васильев,Глухомань
0.07747747747747748,0.09009009009009009,0.07567567567567568,0.00990990990990991,0.041891891891891894,0.03423423423423423,0.0009009009009009009,0.18243243243243243,0.006306306306306306,0.052702702702702706,0.06846846846846846,0.018468468468468467,0.2,0.025675675675675677,0.0,0.11576576576576576,0.0,Васильев,Глухомань
0.04828747894441325,0.060640089837170126,0.06850084222346996,0.008983717012914094,0.04042672655811342,0.025266704098820886,0.0005614823133071309,0.13700168444693991,0.0039303761931499155,0.056709713644020214,0.09096013475575519,0.032004491858506456,0.2442448062886019,0.025266704098820886,0.0,0.15609208309938236,0.0011229646266142617,Васильев,Глухомань
0.05583126550868486,0.07133995037220843,0.06761786600496278,0.009305210918114143,0.04404466501240695,0.03225806451612903,0.0,0.1600496277915633,0.006823821339950372,0.05086848635235732,0.08126550868486353,0.03163771712158809,0.23387096774193547,0.02543424317617866,0.0,0.12965260545905707,0.0,Васильев,Глухомань
0.046242774566473986,0.057803468208092484,0.08285163776493257,0.006422607578676943,0.055876685934489405,0.026332691072575465,0.0,0.10854206807964033,0.00449582530507386,0.05138086062941554,0.11303789338471419,0.015414258188824663,0.2459858702633269,0.025048169556840076,0.0,0.16056518946692358,0.0,Васильев,В списках не значился
0.056162246489859596,0.07072282891315652,0.06500260010400416,0.0078003120124804995,0.03380135205408216,0.0187207488299532,0.0015600624024961,0.1814872594903796,0.0078003120124804995,0.03016120644825793,0.06188247529901196,0.03016120644825793,0.2792511700468019,0.0171606864274571,0.0,0.13832553302132086,0.0,Васильев,В списках не значился
0.04905660377358491,0.06415094339622641,0.06666666666666667,0.011320754716981131,0.04465408805031446,0.020754716981132074,0.0,0.1471698113207547,0.005031446540880503,0.04465408805031446,0.0830188679245283,0.0220125786163522,0.2559748427672956,0.013836477987421384,0.0,0.17169811320754716,0.0,Васильев,В списках не значился
0.03834066624764299,0.06851037083595223,0.07479572595851666,0.0056568196103079825,0.039597737272155875,0.018856065367693273,0.0,0.16593337523570081,0.0069138906348208675,0.034569453174104335,0.05531112507856694,0.02011313639220616,0.278441231929604,0.01508485229415462,0.0,0.17724701445631677,0.0006285355122564425,Васильев,В списках не значился
0.05658381808566896,0.0671602326811211,0.074034902168165,0.01110523532522475,0.0449497620306716,0.02538339502908514,0.0005288207297726071,0.1285034373347435,0.006345848757271285,0.04283447911158118,0.10629296668429403,0.01110523532522475,0.2459016393442623,0.026969857218402962,0.0,0.15230037017451084,0.0,Васильев,В списках не значился
0.044931506849315066,0.08438356164383562,0.0536986301369863,0.006575342465753425,0.038356164383561646,0.023561643835616437,0.0,0.14849315068493152,0.005479452054794521,0.06027397260273973,0.10191780821917808,0.03123287671232877,0.2273972602739726,0.03232876712328767,0.0,0.14136986301369864,0.0,Васильев,Глухомань
0.06476997578692494,0.06537530266343826,0.07263922518159806,0.004842615012106538,0.046610169491525424,0.02784503631961259,0.0,0.18099273607748184,0.006053268765133172,0.025423728813559324,0.07082324455205811,0.01513317191283293,0.23365617433414043,0.01694915254237288,0.0,0.16888619854721548,0.0,Васильев,В списках не значился
0.051834862385321104,0.07568807339449542,0.07293577981651377,0.005963302752293578,0.05045871559633028,0.023853211009174313,0.0,0.1559633027522936,0.006422018348623854,0.05229357798165138,0.08211009174311927,0.028440366972477066,0.21972477064220183,0.02798165137614679,0.0,0.1463302752293578,0.0,Васильев,Глухомань
0.06341463414634146,0.07386759581881533,0.05156794425087108,0.006968641114982578,0.04808362369337979,0.0313588850174216,0.0,0.17770034843205576,0.003484320557491289,0.03832752613240418,0.07804878048780488,0.02578397212543554,0.2480836236933798,0.021602787456445994,0.0,0.13170731707317074,0.0,Васильев,Глухомань
0.07226738934056007,0.09168925022583559,0.07723577235772358,0.009485094850948509,0.04245709123757904,0.03568202348690153,0.0009033423667570009,0.17976513098464317,0.0040650406504065045,0.043812104787714544,0.07723577235772358,0.018518518518518517,0.2046070460704607,0.022131887985546522,0.0,0.12014453477868112,0.0,Васильев,Глухомань
0.06357214934409687,0.08072653884964683,0.07063572149344097,0.005045408678102927,0.04137235116044399,0.036831483350151364,0.0005045408678102926,0.15489404641775983,0.0075681130171543895,0.06407669021190716,0.08022199798183653,0.016649848637739658,0.21392532795156408,0.025731584258324926,0.0,0.13773965691220988,0.0005045408678102926,Васильев,Глухомань
0.060158910329171394,0.06753688989784336,0.06640181611804767,0.007945516458569807,0.04540295119182747,0.01532349602724177,0.0011350737797956867,0.1753688989784336,0.0028376844494892167,0.03178206583427923,0.06072644721906924,0.03745743473325766,0.26390465380249717,0.019296254256526674,0.0,0.14472190692395007,0.0,Васильев,В списках не значился
0.05144694533762058,0.07717041800643087,0.07395498392282958,0.0077170418006430866,0.041157556270096464,0.017363344051446947,0.0006430868167202572,0.13247588424437298,0.0045016077170418,0.037942122186495175,0.0752411575562701,0.049517684887459806,0.25209003215434084,0.024437299035369776,0.0,0.1536977491961415,0.0006430868167202572,Васильев,Глухомань
0.055103018687110684,0.07283181600383325,0.08960229995208434,0.006708193579300431,0.0584571154767609,0.018687110685194058,0.0,0.16291327264015332,0.005749880210828941,0.04216578821274557,0.0689985625299473,0.015333013895543843,0.22137038811691423,0.01820795400095831,0.0,0.1638715860086248,0.0,Васильев,В списках не значился
0.05146198830409357,0.06783625730994151,0.08128654970760234,0.011695906432748537,0.03859649122807018,0.017543859649122806,0.0011695906432748538,0.14385964912280702,0.0029239766081871343,0.04327485380116959,0.06900584795321638,0.04093567251461988,0.2742690058479532,0.014619883040935672,0.0,0.1415204678362573,0.0,Васильев,В списках не значился
0.05752753977968176,0.06670746634026928,0.06425948592411261,0.01040391676866585,0.03671970624235006,0.03182374541003672,0.0,0.1438188494492044,0.004283965728274173,0.05507955936352509,0.0740514075887393,0.021419828641370868,0.2552019583843329,0.02692778457772338,0.0,0.15177478580171358,0.0,Васильев,Глухомань
0.04878048780487805,0.06290115532734275,0.07252888318356868,0.0038510911424903724,0.04236200256739409,0.017329910141206675,0.0012836970474967907,0.17650834403080873,0.0025673940949935813,0.03594351732991014,0.06867779204107831,0.03080872913992298,0.2753530166880616,0.01797175866495507,0.0,0.14313222079589216,0.0,Васильев,В списках не значился
0.03488372093023256,0.05813953488372093,0.07308970099667775,0.007751937984496124,0.03765227021040975,0.023809523809523808,0.0005537098560354374,0.13732004429678848,0.004429678848283499,0.047619047619047616,0.09579180509413067,0.023809523809523808,0.2502768549280177,0.02159468438538206,0.0,0.18327796234772978,0.0,Васильев,В списках не значился
0.08821917808219178,0.07287671232876712,0.07726027397260274,0.006027397260273973,0.0526027397260274,0.025205479452054796,0.0016438356164383563,0.1589041095890411,0.007671232876712329,0.046027397260273974,0.05808219178082192,0.025205479452054796,0.22904109589041097,0.02684931506849315,0.0,0.12438356164383561,0.0,Васильев,Глухомань
0.056824838898652606,0.07498535442296426,0.06971294669009959,0.007615700058582308,0.0421792618629174,0.02753368482718219,0.0,0.15231400117164617,0.007029876977152899,0.05038078500292911,0.08025776215582894,0.016403046280023433,0.252489748096075,0.021675454012888107,0.0,0.14001171646162858,0.0005858230814294083,Васильев,Глухомань
0.05396825396825397,0.07682539682539682,0.07492063492063492,0.005079365079365079,0.045714285714285714,0.024761904761904763,0.0,0.12761904761904763,0.008253968253968255,0.04634920634920635,0.08317460317460318,0.0380952380952381,0.2438095238095238,0.027936507936507936,0.0,0.1434920634920635,0.0,Васильев,Глухомань
0.06015037593984962,0.07923655292076345,0.05668016194331984,0.010410641989589358,0.04395604395604396,0.02197802197802198,0.0,0.16136495083863506,0.013302486986697512,0.04337767495662233,0.07056101792943899,0.04569115095430885,0.24060150375939848,0.01735106998264893,0.0,0.13533834586466165,0.0,Васильев,Глухомань
0.04224464060529634,0.07692307692307693,0.06620428751576292,0.0025220680958385876,0.04539722572509458,0.029634300126103404,0.0012610340479192938,0.13997477931904162,0.005044136191677175,0.06116015132408575,0.08196721311475409,0.03026481715006305,0.24968474148802017,0.02080706179066835,0.0,0.14691046658259774,0.0,Васильев,Глухомань
0.04714784633294528,0.06984866123399301,0.07159487776484284,0.008149010477299184,0.043655413271245634,0.027939464493597205,0.0,0.13387660069848661,0.006984866123399301,0.048894062863795114,0.09022118742724097,0.04423748544819558,0.2240977881257276,0.025029103608847497,0.0,0.15832363213038417,0.0,Васильев,Глухомань
0.051992225461613216,0.0728862973760933,0.06608357628765792,0.00923226433430515,0.052478134110787174,0.028182701652089408,0.00048590864917395527,0.17201166180758018,0.005344995140913508,0.04518950437317784,0.06365403304178814,0.028668610301263362,0.22206025267249757,0.025267249757045675,0.0,0.1564625850340136,0.0,Васильев,Глухомань
0.07303370786516854,0.08754681647940075,0.075374531835206,0.008426966292134831,0.047752808988764044,0.032303370786516857,0.0,0.17181647940074907,0.006086142322097378,0.05196629213483146,0.0650749063670412,0.019194756554307114,0.20739700374531836,0.025749063670411985,0.0,0.12827715355805244,0.0,Васильев,Глухомань
0.04323499491353001,0.07070193285859613,0.07884028484231943,0.006103763987792472,0.054933875890132246,0.017293997965412006,0.000508646998982706,0.1683621566632757,0.008138351983723296,0.0335707019328586,0.059003051881993895,0.014750762970498474,0.24872838250254323,0.015259409969481181,0.0,0.18056968463886064,0.0,Васильев,В списках не значился
0.04809200209095661,0.061683220073183484,0.08207004704652378,0.00836382645060115,0.060637741766858336,0.020909566126502875,0.0,0.1207527443805541,0.00575013068478829,0.0501829587036069,0.09722948248823837,0.020386826973340304,0.22948248823836906,0.01934134866701516,0.0,0.17511761630946157,0.0,Васильев,В списках не значился
0.05909666525960321,0.07555930772477838,0.0675390460109751,0.007176023638666104,0.051920641620937104,0.02532714225411566,0.0,0.18277754326720136,0.008020261713803293,0.028704094554664415,0.06331785563528915,0.018573237653018153,0.23934149430139298,0.012241452089489235,0.0,0.16040523427606584,0.0,Васильев,В списках не значился
0.043478260869565216,0.0762211486849168,0.06280193236714976,0.006977992485238862,0.045625335480407946,0.012345679012345678,0.0,0.20021470746108427,0.010198604401502952,0.03327965646806227,0.05152979066022544,0.01610305958132045,0.24798711755233493,0.011808910359634998,0.0,0.18142780461621041,0.0,Васильев,В списках не значился
0.05014925373134328,0.07164179104477612,0.06985074626865671,0.007164179104477612,0.04059701492537313,0.01373134328358209,0.0,0.17791044776119402,0.007761194029850746,0.029850746268656716,0.05313432835820896,0.017313432835820895,0.27223880597014927,0.0191044776119403,0.0,0.16955223880597015,0.0,Васильев,В списках не значился
0.049838486386709735,0.06322104291647439,0.084910013844024,0.010613751730503,0.04891555145362252,0.025842178126442086,0.0,0.13751730502999537,0.003230272265805261,0.05537609598523304,0.07568066451315182,0.026303645592985696,0.2348869404706968,0.022611905860636824,0.0,0.16105214582371943,0.0,Васильев,В списках не значился
0.060142711518858305,0.08154943934760449,0.06574923547400612,0.006625891946992864,0.0417940876656473,0.03109072375127421,0.0010193679918450561,0.15545361875637104,0.0025484199796126403,0.05963302752293578,0.08256880733944955,0.022935779816513763,0.2237512742099898,0.022426095820591234,0.0,0.14271151885830785,0.0,Васильев,Глухомань
0.06338028169014084,0.07981220657276995,0.07042253521126761,0.007433489827856025,0.0528169014084507,0.030125195618153366,0.0,0.19679186228482004,0.005477308294209703,0.037949921752738654,0.060641627543035995,0.02464788732394366,0.20187793427230047,0.024256651017214397,0.0,0.1443661971830986,0.0,Васильев,Глухомань
0.07108380868802106,0.0868802106186924,0.06932865291794647,0.00614304519526108,0.04782799473453269,0.03203159280386134,0.0,0.1899956121105748,0.004826678367705134,0.04168494953927161,0.0776656428258008,0.025010969723562967,0.19394471259324264,0.025888547608600262,0.0,0.12768758227292673,0.0,Васильев,Глухомань
0.06860158311345646,0.07299912049252419,0.07651715039577836,0.008795074758135445,0.05716798592788039,0.031222515391380826,0.0,0.14643799472295516,0.005716798592788039,0.047493403693931395,0.06508355321020229,0.0316622691292876,0.21108179419525067,0.021108179419525065,0.0,0.15611257695690414,0.0,Васильев,В списках не значился
0.045165394402035625,0.06361323155216285,0.07569974554707379,0.004452926208651399,0.04071246819338423,0.01717557251908397,0.001272264631043257,0.178117048346056,0.0019083969465648854,0.035623409669211195,0.0693384223918575,0.027989821882951654,0.27608142493638677,0.017811704834605598,0.0,0.1450381679389313,0.0,Васильев,В списках не значился
0.07401735579377233,0.07350689127105667,0.06278713629402756,0.007656967840735069,0.0444104134762634,0.03522205206738132,0.0,0.16539050535987748,0.005104645227156712,0.05461970393057682,0.07708014293006636,0.027054619703930576,0.21541602858601328,0.026544155181214904,0.0,0.1311893823379275,0.0,Васильев,Глухомань
0.051940298507462686,0.0608955223880597,0.08059701492537313,0.013134328358208954,0.037014925373134326,0.019701492537313434,0.0,0.19522388059701493,0.005373134328358209,0.03283582089552239,0.041791044776119404,0.019701492537313434,0.2507462686567164,0.014328358208955224,0.0,0.1761194029850746,0.0005970149253731343,Васильев,В списках не значился
0.04361370716510903,0.07538940809968847,0.06355140186915888,0.009968847352024923,0.041744548286604365,0.022429906542056073,0.0012461059190031153,0.14454828660436136,0.009345794392523364,0.051713395638629284,0.08722741433021806,0.02866043613707165,0.24735202492211839,0.027414330218068536,0.0,0.14517133956386294,0.0006230529595015577,Васильев,Глухомань
0.05815602836879433,0.07092198581560284,0.05531914893617021,0.00851063829787234,0.04680851063829787,0.024113475177304965,0.0,0.17446808510638298,0.002127659574468085,0.03971631205673759,0.08014184397163121,0.02198581560283688,0.25673758865248225,0.023404255319148935,0.0,0.1375886524822695,0.0,Васильев,Глухомань
0.06610576923076923,0.0703125,0.06850961538461539,0.006610576923076923,0.052884615384615384,0.02403846153846154,0.0,0.1935096153846154,0.007211538461538462,0.028245192307692308,0.07391826923076923,0.01141826923076923,0.22175480769230768,0.013822115384615384,0.0,0.16165865384615385,0.0,Васильев,В списках не значился
0.053154205607476634,0.0741822429906542,0.0741822429906542,0.005841121495327103,0.039135514018691586,0.011098130841121495,0.0,0.19217289719626168,0.005257009345794392,0.030957943925233645,0.04322429906542056,0.016939252336448597,0.2616822429906542,0.02044392523364486,0.0,0.17172897196261683,0.0,Васильев,В списках не значился
0.07079252003561888,0.08058771148708815,0.08147818343722173,0.004007123775601068,0.04853072128227961,0.036064113980409616,0.0013357079252003562,0.17542297417631345,0.005342831700801425,0.040516473731077474,0.0730186999109528,0.025378450578806767,0.195013357079252,0.02804986642920748,0.0,0.13446126447016918,0.0,Васильев,Глухомань
0.05928853754940711,0.07855731225296443,0.06274703557312253,0.008893280632411068,0.04100790513833992,0.02865612648221344,0.0,0.16353754940711462,0.00691699604743083,0.04891304347826087,0.08745059288537549,0.026185770750988144,0.22776679841897232,0.025197628458498024,0.0,0.13488142292490118,0.0,Васильев,Глухомань
0.036671368124118475,0.05500705218617771,0.0930888575458392,0.005641748942172073,0.04160789844851904,0.01904090267983075,0.0,0.1530324400564175,0.005641748942172073,0.04160789844851904,0.07968970380818054,0.01692524682651622,0.29055007052186177,0.015514809590973202,0.0,0.1459802538787024,0.0,Васильев,В списках не значился
0.05784650630011455,0.07961053837342497,0.06529209621993128,0.008018327605956471,0.042382588774341354,0.02577319587628866,0.000572737686139748,0.14833906071019473,0.0074455899198167235,0.052691867124856816,0.07846506300114547,0.010882016036655211,0.25945017182130586,0.023482245131729668,0.0,0.13917525773195877,0.000572737686139748,Васильев,Глухомань
0.05891315388522093,0.07618080243778567,0.08735398679532758,0.007110208227526663,0.0446927374301676,0.01574403250380904,0.0,0.16353478923311326,0.006602336211274758,0.047739969527679026,0.056881665820213305,0.021838496698831894,0.2346368715083799,0.01574403250380904,0.0,0.16251904520060945,0.0005078720162519045,Васильев,В списках не значился
0.05658263305322129,0.07899159663865546,0.06050420168067227,0.008403361344537815,0.04481792717086835,0.031932773109243695,0.0,0.1434173669467787,0.007282913165266107,0.03753501400560224,0.10476190476190476,0.023529411764705882,0.22408963585434175,0.020168067226890758,0.0,0.15798319327731092,0.0,Васильев,Глухомань
0.04782342121397915,0.08645003065603923,0.07725321888412018,0.005518087063151441,0.056407112201103615,0.020846106683016553,0.0,0.13182096873083998,0.0030656039239730227,0.05885959534028203,0.0809319435928878,0.035561005518087066,0.24647455548743102,0.019619865113427344,0.0,0.12936848559166156,0.0,Васильев,Глухомань
0.05862068965517241,0.07629310344827586,0.07025862068965517,0.00646551724137931,0.05172413793103448,0.02327586206896552,0.0,0.17974137931034484,0.008620689655172414,0.028448275862068967,0.059051724137931035,0.01853448275862069,0.2439655172413793,0.01206896551724138,0.0,0.1629310344827586,0.0,Васильев,В списках не значился
0.04469606674612634,0.06734207389749702,0.07032181168057211,0.007151370679380214,0.03933253873659118,0.027413587604290822,0.0011918951132300357,0.11203814064362336,0.0029797377830750892,0.04410011918951132,0.09237187127532777,0.04529201430274136,0.2699642431466031,0.02443384982121573,0.0,0.15137067938021453,0.0,Васильев,Глухомань
0.047619047619047616,0.08196721311475409,0.04371584699453552,0.00936768149882904,0.02810304449648712,0.0273224043715847,0.0,0.15456674473067916,0.00624512099921936,0.04371584699453552,0.078064012490242,0.04059328649492584,0.273224043715847,0.01483216237314598,0.0,0.15066354410616706,0.0,Васильев,Глухомань
0.045318725099601595,0.054282868525896415,0.0846613545816733,0.0099601593625498,0.046812749003984064,0.025398406374501994,0.00049800796812749,0.13147410358565736,0.00149402390438247,0.05826693227091633,0.08416334661354581,0.027888446215139442,0.24800796812749004,0.02091633466135458,0.0,0.16085657370517928,0.0,Васильев,В списках не значился
0.06394316163410302,0.07223208999407933,0.05979869745411486,0.011249259917110717,0.04440497335701599,0.02605091770278271,0.0,0.17169923031379514,0.0076968620485494375,0.05032563647128478,0.0793368857312019,0.022498519834221433,0.23919478981645945,0.020722320899940794,0.0,0.13084665482534044,0.0,Васильев,Глухомань
0.042966042966042964,0.08038808038808039,0.060984060984060985,0.009702009702009701,0.04227304227304227,0.02494802494802495,0.002079002079002079,0.1295911295911296,0.003465003465003465,0.0498960498960499,0.09216909216909216,0.012474012474012475,0.27927927927927926,0.022176022176022176,0.0,0.14760914760914762,0.0,Васильев,Глухомань
0.04904761904761905,0.06952380952380953,0.06857142857142857,0.005238095238095238,0.04666666666666667,0.014761904761904763,0.0004761904761904762,0.18,0.007619047619047619,0.0380952380952381,0.056666666666666664,0.03142857142857143,0.2604761904761905,0.018095238095238095,0.0,0.15333333333333332,0.0,Васильев,В списках не значился
0.04658018867924528,0.061910377358490566,0.07075471698113207,0.00884433962264151,0.03773584905660377,0.030660377358490566,0.001768867924528302,0.17629716981132076,0.005306603773584905,0.03891509433962264,0.06485849056603774,0.03125,0.2529481132075472,0.012382075471698114,0.0,0.15978773584905662,0.0,Васильев,В списках не значился
0.06692913385826772,0.08661417322834646,0.051181102362204724,0.010123734533183352,0.04443194600674916,0.025871766029246346,0.0,0.1732283464566929,0.006749156355455568,0.05399325084364454,0.078177727784027,0.019122609673790775,0.23397075365579303,0.01968503937007874,0.0,0.12992125984251968,0.0,Васильев,Глухомань
0.044807590933052185,0.0764364786505008,0.06220347917764892,0.007380073800738007,0.044807590933052185,0.014232999472851872,0.0,0.19715340010542962,0.01107011070110701,0.03373748023194518,0.05376910911966262,0.01686874011597259,0.2440695835529784,0.012124406958355299,0.0,0.18133895624670532,0.0,Васильев,В списках не значился
0.051821446895844024,0.0836326321190354,0.07388404309902515,0.006670087224217547,0.04515135967162647,0.03694202154951257,0.0,0.14982042072857876,0.007696254489481785,0.055926115956900974,0.08825038481272447,0.014366341713699333,0.2237044638276039,0.03129810159055926,0.0,0.13032324268855824,0.000513083632632119,Васильев,Глухомань
0.05008839127872716,0.06776664702416028,0.07955215085444903,0.011785503830288745,0.037124337065409546,0.018267530936947555,0.0011785503830288745,0.1408367707719505,0.0029463759575721863,0.04478491455509723,0.07012374779021803,0.04124926340601061,0.27637006482027104,0.015321154979375369,0.0,0.1426045963464938,0.0,Васильев,В списках не значился
0.0576271186440678,0.06779661016949153,0.05649717514124294,0.005649717514124294,0.04915254237288136,0.01694915254237288,0.0,0.188135593220339,0.001694915254237288,0.029943502824858758,0.059322033898305086,0.015819209039548022,0.26101694915254237,0.015254237288135594,0.0,0.1751412429378531,0.0,Васильев,В списках не значился
0.05657773689052438,0.07773689052437903,0.08647654093836246,0.007359705611775529,0.04553817847286108,0.028518859245630176,0.00045998160073597056,0.14765409383624656,0.007359705611775529,0.043698252069917204,0.08095676172953081,0.03863845446182153,0.23275068997240111,0.020239190432382703,0.0,0.12603495860165592,0.0,Васильев,Глухомань
0.03249540159411404,0.0809319435928878,0.061312078479460456,0.0061312078479460455,0.04291845493562232,0.023911710606989576,0.0,0.14347026364193746,0.002452483139178418,0.04414469650521153,0.09809932556713673,0.03310852237890864,0.25812385039852853,0.023298589822194973,0.0,0.1496014714898835,0.0,Васильев,Глухомань
0.049170954831332186,0.06746712407089765,0.06518010291595197,0.009719839908519153,0.05088622069754145,0.02801600914808462,0.0,0.16009148084619781,0.00686106346483705,0.04230989136649514,0.07661520869068039,0.011435105774728416,0.24128073184676957,0.014865637507146942,0.0,0.1761006289308176,0.0,Васильев,В списках не значился
0.045018007202881155,0.07322929171668667,0.06962785114045618,0.00900360144057623,0.03601440576230492,0.0234093637454982,0.0006002400960384153,0.13205282112845138,0.006602641056422569,0.05402160864345738,0.08523409363745499,0.040216086434573826,0.24669867947178872,0.0234093637454982,0.0,0.15486194477791115,0.0,Васильев,Глухомань
0.0587557603686636,0.0846774193548387,0.06912442396313365,0.010368663594470046,0.04089861751152074,0.0293778801843318,0.0,0.173963133640553,0.004608294930875576,0.04089861751152074,0.07085253456221198,0.021889400921658985,0.23847926267281105,0.022465437788018433,0.0,0.1336405529953917,0.0,Васильев,Глухомань
0.060536044362292055,0.07763401109057301,0.07393715341959335,0.007855822550831794,0.03974121996303143,0.036044362292051754,0.0004621072088724584,0.133086876155268,0.0036968576709796672,0.045748613678373386,0.09658040665434381,0.031423290203327174,0.22042513863216265,0.029574861367837338,0.0,0.14279112754158965,0.0004621072088724584,Васильев,Глухомань
0.07159904534606205,0.05548926014319809,0.05489260143198091,0.008353221957040573,0.06026252983293556,0.028042959427207637,0.0,0.17422434367541767,0.003579952267303103,0.03937947494033413,0.06682577565632458,0.017899761336515514,0.24105011933174225,0.016109785202863963,0.0,0.162291169451074,0.0,Васильев,В списках не значился
0.06485587583148558,0.08536585365853659,0.07039911308203992,0.007206208425720621,0.037694013303769404,0.03436807095343681,0.0011086474501108647,0.1674057649667406,0.005543237250554324,0.05155210643015521,0.06818181818181818,0.03270509977827051,0.2178492239467849,0.02328159645232816,0.0,0.13248337028824833,0.0,Васильев,Глухомань
0.04065040650406504,0.06208425720620843,0.06577974870657798,0.008869179600886918,0.030303030303030304,0.021433850702143386,0.0014781966001478197,0.16260162601626016,0.005912786400591279,0.03547671840354767,0.06208425720620843,0.030303030303030304,0.30007390983000737,0.013303769401330377,0.0,0.15964523281596452,0.0,Васильев,В списках не значился
0.07365591397849462,0.08440860215053764,0.054838709677419356,0.008602150537634409,0.05161290322580645,0.02795698924731183,0.001075268817204301,0.17096774193548386,0.005376344086021506,0.056451612903225805,0.07473118279569893,0.013978494623655914,0.22849462365591397,0.01989247311827957,0.0,0.12795698924731183,0.0,Васильев,Глухомань
0.07395195478097033,0.06688648139425342,0.0861987753179463,0.005652378709373528,0.05840791333019312,0.03626943005181347,0.0009420631182289214,0.15826660386245878,0.0051813471502590676,0.04992934526613283,0.07536504945831371,0.008949599623174752,0.2110221384832784,0.023080546396608573,0.0,0.13989637305699482,0.0,Васильев,Глухомань
0.06666666666666667,0.08235294117647059,0.06764705882352941,0.004411764705882353,0.051470588235294115,0.03284313725490196,0.0024509803921568627,0.16372549019607843,0.007352941176470588,0.05392156862745098,0.08186274509803922,0.011764705882352941,0.21764705882352942,0.02696078431372549,0.0,0.128921568627451,0.0,Васильев,Глухомань
0.07726161369193155,0.06601466992665037,0.08850855745721271,0.004889975550122249,0.05476772616136919,0.03129584352078239,0.0004889975550122249,0.14816625916870416,0.004889975550122249,0.05378973105134474,0.07432762836185819,0.011246943765281174,0.2200488997555012,0.022493887530562348,0.0,0.14180929095354522,0.0,Васильев,Глухомань
0.040125065138092754,0.06982803543512246,0.08337675872850443,0.009379885356956748,0.05002605523710266,0.02918186555497655,0.0010422094841063053,0.1422615945805107,0.005732152162584679,0.047941636268890045,0.09223553934340803,0.031266284523189164,0.22407503908285564,0.018759770713913496,0.0,0.15476810838978636,0.0,Васильев,В списках не значился
0.05105296745373325,0.07530312699425654,0.06955966815571155,0.006381620931716656,0.03318442884492661,0.01723037651563497,0.0006381620931716656,0.1723037651563497,0.0025526483726866626,0.04020421186981493,0.059349074664964904,0.023611997447351627,0.2673899170389279,0.01021059349074665,0.0,0.17102744097000638,0.0,Васильев,В списках не значился
0.036105738233397806,0.06963249516441006,0.06511927788523533,0.008381689232753063,0.041908446163765316,0.032237266279819474,0.0006447453255963894,0.11411992263056092,0.010315925209542231,0.04964539007092199,0.11863313990973566,0.029658284977433915,0.23920051579626048,0.026434558349451968,0.0,0.1579626047711154,0.0,Васильев,Глухомань
0.04923362749651649,0.06363214119832791,0.08499767765908035,0.010682768230376219,0.048304691128657685,0.025545750116117046,0.0,0.13794705062703205,0.003251277287505806,0.055271713887598696,0.07570831398049234,0.026474686483975846,0.23594983743613562,0.02275894101254064,0.0,0.1602415234556433,0.0,Васильев,В списках не значился
0.0651762031072376,0.07502841985600606,0.08222811671087533,0.014020462296324365,0.05191360363774157,0.023872679045092837,0.0007578628268283441,0.17127699886320577,0.00909435392194013,0.03751420992800303,0.07805987116331944,0.01098901098901099,0.19287608942781356,0.02008336491095112,0.0,0.16710875331564987,0.0,Васильев,В списках не значился
0.06516162134427912,0.08158029758850692,0.06772703950743972,0.0107747562852745,0.044638276038994354,0.040533606977937404,0.0,0.1729091841970241,0.009748589020010261,0.05489994869163674,0.0620831195484864,0.02616726526423807,0.21652129297075423,0.021549512570549,0.0,0.12570548999486916,0.0,Васильев,Глухомань
0.041666666666666664,0.07510964912280702,0.06414473684210527,0.004934210526315789,0.047149122807017545,0.03125,0.0,0.15076754385964913,0.006030701754385965,0.051535087719298246,0.10087719298245613,0.0268640350877193,0.23574561403508773,0.021929824561403508,0.0,0.14199561403508773,0.0,Васильев,Глухомань
0.057087566521528785,0.08369617803580068,0.05466860183841316,0.008708272859216255,0.04837929366231253,0.030478955007256895,0.0004837929366231253,0.1683599419448476,0.0077406869859700045,0.04112239961296565,0.08756652152878568,0.026608611514271893,0.21915820029027577,0.027576197387518143,0.0,0.13836477987421383,0.0,Васильев,Глухомань
0.043915343915343914,0.06666666666666667,0.091005291005291,0.013227513227513227,0.05238095238095238,0.01904761904761905,0.0010582010582010583,0.1312169312169312,0.0031746031746031746,0.046031746031746035,0.07354497354497354,0.043915343915343914,0.24656084656084656,0.020105820105820106,0.0,0.14814814814814814,0.0,Васильев,В списках не значился
0.0750968992248062,0.07606589147286821,0.08624031007751938,0.005329457364341085,0.0562015503875969,0.03391472868217054,0.00048449612403100775,0.16812015503875968,0.005813953488372093,0.046027131782945735,0.07025193798449612,0.011627906976744186,0.20155038759689922,0.02422480620155039,0.0,0.13905038759689922,0.0,Васильев,Глухомань
0.04050073637702504,0.05670103092783505,0.07142857142857142,0.011782032400589101,0.03166421207658321,0.022091310751104567,0.0014727540500736377,0.1642120765832106,0.007363770250368188,0.035346097201767304,0.05891016200294551,0.027245949926362298,0.3004418262150221,0.014727540500736377,0.0,0.1561119293078056,0.0,Васильев,В списках не значился
0.0577319587628866,0.07938144329896907,0.07216494845360824,0.005154639175257732,0.041752577319587626,0.04381443298969072,0.0,0.15,0.006701030927835051,0.06237113402061856,0.08350515463917525,0.021649484536082474,0.21494845360824744,0.029896907216494847,0.0,0.13041237113402063,0.0005154639175257732,Васильев,Глухомань
0.06227483273288729,0.09161091096242924,0.07411219763252702,0.004117344312918168,0.0478641276376737,0.03808543489449305,0.001029336078229542,0.16572310859495626,0.003088008234688626,0.050952135872362324,0.06330416881111683,0.0195573854863613,0.2197632527020072,0.025218733916623777,0.0,0.13329902213072567,0.0,Васильев,Глухомань
0.0605913717886573,0.08482792050412022,0.05865244789142026,0.008240426563257392,0.0465341735336888,0.03247697527872031,0.0009694619486185168,0.16577799321376635,0.004362578768783325,0.05186621425109064,0.07125545322346098,0.02714493456131847,0.22152205525933108,0.022782355792535142,0.0,0.14299563742123123,0.0,Васильев,Глухомань
0.04780876494023904,0.06089926010244735,0.07683551508252703,0.00910643141718839,0.03642572566875356,0.03187250996015936,0.0011383039271485487,0.16903813318155947,0.00398406374501992,0.037564029595902104,0.07228229937393284,0.025611838360842343,0.24758110415480933,0.01309049516220831,0.0,0.16676152532726238,0.0,Васильев,В списках не значился
0.06526104417670683,0.0818273092369478,0.06927710843373494,0.010542168674698794,0.04467871485943775,0.040160642570281124,0.0,0.17419678714859438,0.009538152610441768,0.05471887550200803,0.060240963855421686,0.025602409638554216,0.21686746987951808,0.02208835341365462,0.0,0.125,0.0,Васильев,Глухомань
0.04441541476159373,0.06727629000653168,0.06531678641410843,0.001959503592423253,0.030045721750489876,0.016329196603527107,0.0,0.15218811234487264,0.010450685826257348,0.037230568256041804,0.05943827563683867,0.028086218158066622,0.2913128674069236,0.013716525146962769,0.0,0.1822338340953625,0.0,Васильев,В списках не значился
0.05099502487562189,0.060945273631840796,0.07213930348258707,0.004353233830845771,0.04477611940298507,0.017412935323383085,0.0012437810945273632,0.17412935323383086,0.0018656716417910447,0.036069651741293535,0.06467661691542288,0.03296019900497513,0.26990049751243783,0.01990049751243781,0.0,0.1486318407960199,0.0,Васильев,В списках не значился
0.046122655854029394,0.06386213887480993,0.07298530157121136,0.010643689812468323,0.03801317790167258,0.030917384693360365,0.0,0.13786112519006588,0.006588950836289914,0.05778003041054232,0.08312214901165738,0.036999493157627975,0.2382159148504815,0.02382159148504815,0.0,0.15306639635073493,0.0,Васильев,Глухомань
0.04729309271935283,0.06907280647168637,0.06533914125700062,0.005600497822028625,0.049159925326695705,0.0224019912881145,0.0,0.12072184194150591,0.0043559427504667085,0.049782202862476664,0.10952084629744867,0.019290603609209707,0.2464219041692595,0.021779713752333542,0.0,0.16925948973242066,0.0,Васильев,Глухомань
0.05847076461769116,0.0769615192403798,0.063968015992004,0.0069965017491254375,0.041979010494752625,0.02848575712143928,0.0,0.1634182908545727,0.006496751624187906,0.047476261869065464,0.08395802098950525,0.02798600699650175,0.2353823088455772,0.0239880059970015,0.0,0.1344327836081959,0.0,Васильев,Глухомань
0.04592186429061001,0.06579849211788896,0.06854009595613433,0.008910212474297465,0.04455106237148732,0.019876627827278958,0.0,0.12405757368060315,0.00411240575736806,0.061686086360520906,0.08567511994516792,0.023989033584647018,0.27690198766278273,0.023989033584647018,0.0,0.1453050034270048,0.0006854009595613434,Васильев,Глухомань
0.041988950276243095,0.06629834254143646,0.06629834254143646,0.011049723756906077,0.039226519337016576,0.026519337016574586,0.0005524861878453039,0.13922651933701657,0.0066298342541436465,0.05580110497237569,0.08342541436464089,0.04033149171270718,0.24806629834254143,0.024861878453038673,0.0,0.14972375690607734,0.0,Васильев,Глухомань
0.04289544235924933,0.054691689008042894,0.06916890080428954,0.005361930294906166,0.045576407506702415,0.02091152815013405,0.0,0.16675603217158178,0.005898123324396783,0.04289544235924933,0.07292225201072386,0.02359249329758713,0.2552278820375335,0.021447721179624665,0.0,0.17265415549597854,0.0,Васильев,В списках не значился
0.06930693069306931,0.08168316831683169,0.06633663366336634,0.004455445544554455,0.048514851485148516,0.030693069306930693,0.0014851485148514852,0.16287128712871288,0.008415841584158416,0.053465346534653464,0.08168316831683169,0.017326732673267328,0.2188118811881188,0.027722772277227723,0.0,0.12722772277227723,0.0,Васильев,Глухомань
0.06935388263189093,0.05216360403082395,0.06579727326615294,0.007113218731475993,0.056312981624184945,0.027267338470657973,0.0,0.1813870776526378,0.004149377593360996,0.032009484291641965,0.05749851807943094,0.014819205690574985,0.24303497332542975,0.018375815056312982,0.0,0.17071724955542383,0.0,Васильев,В списках не значился
0.052063789868667915,0.06566604127579738,0.08020637898686679,0.009849906191369606,0.04878048780487805,0.023921200750469045,0.0,0.14868667917448405,0.0028142589118198874,0.04596622889305816,0.07551594746716699,0.025797373358348967,0.2406191369606004,0.020168855534709193,0.0,0.1599437148217636,0.0,Васильев,В списках не значился
0.05272108843537415,0.08219954648526077,0.05895691609977324,0.006802721088435374,0.05045351473922902,0.034013605442176874,0.0,0.1473922902494331,0.009070294784580499,0.049886621315192746,0.09750566893424037,0.032879818594104306,0.2199546485260771,0.01984126984126984,0.0,0.1383219954648526,0.0,Васильев,Глухомань
0.0421216848673947,0.07072282891315652,0.07592303692147685,0.0124804992199688,0.0405616224648986,0.02392095683827353,0.0,0.15496619864794592,0.005200208008320333,0.0499219968798752,0.08580343213728549,0.04004160166406656,0.21736869474778991,0.026001040041601663,0.0,0.15496619864794592,0.0,Васильев,Глухомань
0.05953757225433526,0.07341040462427746,0.06416184971098265,0.012138728323699421,0.048554913294797684,0.03468208092485549,0.0,0.17572254335260115,0.010982658959537572,0.039884393063583816,0.07630057803468208,0.020809248554913295,0.22601156069364162,0.02485549132947977,0.0,0.1329479768786127,0.0,Васильев,Глухомань
0.061387354205033766,0.07857581338244321,0.0620012277470841,0.008594229588704727,0.0423572744014733,0.024554941682013505,0.0006138735420503376,0.1614487415592388,0.006752608962553714,0.04358502148557397,0.07918968692449356,0.026396562308164517,0.24739103744628607,0.019643953345610803,0.0,0.13750767341927564,0.0,Васильев,Глухомань
0.056467498358502954,0.07419566644780039,0.0479317137229153,0.006565988181221274,0.048588312541037425,0.02757715036112935,0.0013131976362442547,0.14182534471437952,0.006565988181221274,0.054497701904136574,0.08273145108338804,0.024294156270518712,0.24885095206828628,0.02298095863427446,0.0,0.1556139198949442,0.0,Васильев,Глухомань
0.03890784982935153,0.0757679180887372,0.07030716723549488,0.007508532423208191,0.041638225255972695,0.027303754266211604,0.0013651877133105802,0.14061433447098975,0.0034129692832764505,0.049146757679180884,0.07986348122866894,0.015017064846416382,0.27918088737201363,0.023890784982935155,0.0,0.14607508532423208,0.0,Васильев,Глухомань
0.05698860227954409,0.07858428314337132,0.07678464307138572,0.004199160167966407,0.04259148170365927,0.03419316136772645,0.0,0.16976604679064186,0.007798440311937612,0.04799040191961608,0.07138572285542892,0.01739652069586083,0.24055188962207558,0.016196760647870425,0.0,0.1349730053989202,0.0005998800239952009,Васильев,Глухомань
0.05448504983388704,0.08039867109634552,0.06710963455149502,0.0053156146179402,0.030564784053156147,0.013953488372093023,0.0,0.17674418604651163,0.003986710963455149,0.03189368770764119,0.051827242524916946,0.026578073089700997,0.2770764119601329,0.009302325581395349,0.0,0.1707641196013289,0.0,Васильев,В списках не значился
0.03997243280496209,0.06753962784286699,0.05995864920744314,0.00895933838731909,0.04203997243280496,0.026878015161957272,0.0006891798759476223,0.11784975878704342,0.009648518263266712,0.04548587181254307,0.12129565816678153,0.027567195037904894,0.24948311509303928,0.024121295658166782,0.0,0.15851137146795313,0.0,Васильев,Глухомань
0.04261206419479801,0.054233536247924735,0.06751521859435529,0.006640841173215274,0.04316546762589928,0.01992252351964582,0.0,0.1649142224681793,0.006640841173215274,0.043718871057000556,0.07581627006087438,0.02213613724405091,0.25788599889319314,0.01992252351964582,0.0,0.17487548422800223,0.0,Васильев,В списках не значился
0.06172270842929525,0.07692307692307693,0.07461999078765545,0.008291110087517274,0.039613081529249194,0.03638876093965914,0.00046061722708429296,0.13265776140027638,0.0036849378166743437,0.04514048825426071,0.09534776600644865,0.03132197144173192,0.2215568862275449,0.02947950253339475,0.0,0.14233072316904652,0.00046061722708429296,Васильев,Глухомань
0.04597701149425287,0.0750151240169389,0.06654567453115548,0.009679370840895343,0.036297640653357534,0.024198427102238355,0.0006049606775559589,0.1294615849969752,0.006654567453115548,0.0544464609800363,0.08771929824561403,0.04053236539624924,0.24621899576527526,0.023593466424682397,0.0,0.1530550514216576,0.0,Васильев,Глухомань
0.04423812124522119,0.06663025669033315,0.05843801201529219,0.002730748225013654,0.04369197160021846,0.010922992900054615,0.0,0.18405243036592026,0.009284543965046422,0.0409612233752048,0.05570726379027854,0.02184598580010923,0.2605133806663026,0.016930638995084655,0.0,0.18405243036592026,0.0,Васильев,В списках не значился
0.05385996409335727,0.06642728904847396,0.06941950927588271,0.010173548773189706,0.043686415320167565,0.025134649910233394,0.0005984440454817474,0.14602034709754638,0.005984440454817474,0.050867743865948535,0.07480550568521843,0.02333931777378815,0.25912627169359664,0.024536205864751647,0.0,0.14602034709754638,0.0,Васильев,Глухомань
0.04997060552616108,0.07054673721340388,0.05702527924750147,0.0023515579071134627,0.03821281599059377,0.010582010582010581,0.0,0.1728395061728395,0.008818342151675485,0.042328042328042326,0.05291005291005291,0.02292768959435626,0.26866549088771313,0.01763668430335097,0.0,0.18518518518518517,0.0,Васильев,В списках не значился
0.07752315943442223,0.08532423208191127,0.05899561189663579,0.008288639687957094,0.046318868844466114,0.025353486104339348,0.0,0.17113603120429058,0.006825938566552901,0.05704534373476353,0.07849829351535836,0.013164310092637738,0.21452949780594832,0.021940516821062895,0.0,0.13505607020965382,0.0,Васильев,Глухомань
0.05126694166175604,0.07955215085444903,0.05598114319387154,0.007071302298173247,0.050677666470241606,0.02769593400117855,0.0,0.145550972304066,0.0041249263406010605,0.047731290512669416,0.09133765468473777,0.02946375957572186,0.2327637006482027,0.028874484384207425,0.0,0.14790807307012374,0.0,Васильев,Глухомань
0.04426787741203178,0.06640181611804767,0.05732122587968218,0.0028376844494892167,0.041430192962542564,0.010783200908059024,0.0,0.18161180476730987,0.009080590238365494,0.041430192962542564,0.055051078320090804,0.020998864926220204,0.26390465380249717,0.015891032917139614,0.0,0.18898978433598185,0.0,Васильев,В списках не значился
0.04247910863509749,0.08008356545961003,0.06197771587743733,0.009749303621169917,0.04178272980501393,0.025069637883008356,0.0020891364902506965,0.1309192200557103,0.003481894150417827,0.05083565459610028,0.09192200557103064,0.012534818941504178,0.2785515320334262,0.02158774373259053,0.0,0.1469359331476323,0.0,Васильев,Глухомань
0.04734848484848485,0.06723484848484848,0.0790719696969697,0.008996212121212122,0.050189393939393936,0.025094696969696968,0.0004734848484848485,0.1571969696969697,0.008049242424242424,0.04924242424242424,0.08333333333333333,0.023200757575757576,0.22395833333333334,0.027462121212121212,0.0,0.14914772727272727,0.0,Васильев,Глухомань
0.03761061946902655,0.05825958702064897,0.05825958702064897,0.0058997050147492625,0.028023598820058997,0.024336283185840708,0.0014749262536873156,0.15781710914454278,0.0029498525073746312,0.03466076696165192,0.07227138643067847,0.03171091445427729,0.308259587020649,0.011799410029498525,0.0,0.16592920353982302,0.0007374631268436578,Васильев,В списках не значился
0.04581072935503315,0.08438818565400844,0.08016877637130802,0.006630500301386378,0.054249547920433995,0.019288728149487643,0.0,0.1289933694996986,0.0030138637733574444,0.059674502712477394,0.08559373116335142,0.03375527426160337,0.2435201928872815,0.019288728149487643,0.0,0.13562386980108498,0.0,Васильев,Глухомань
0.03261802575107296,0.08798283261802575,0.06609442060085836,0.0068669527896995704,0.03476394849785408,0.02575107296137339,0.0008583690987124463,0.16180257510729615,0.0068669527896995704,0.03862660944206009,0.09184549356223176,0.030042918454935622,0.21931330472103006,0.027467811158798282,0.0,0.16909871244635194,0.0,Носов,Приключения Незнайки на Луне
0.03035230352303523,0.08943089430894309,0.07696476964769648,0.0032520325203252032,0.03360433604336043,0.015718157181571817,0.0016260162601626016,0.16856368563685636,0.0027100271002710027,0.03685636856368564,0.06883468834688347,0.03577235772357724,0.24444444444444444,0.02168021680216802,0.0,0.17018970189701896,0.0,Носов,Приключения Незнайки на Луне
0.058355437665782495,0.08222811671087533,0.06896551724137931,0.009018567639257295,0.03607427055702918,0.02546419098143236,0.0,0.15862068965517243,0.005305039787798408,0.050397877984084884,0.07320954907161804,0.03713527851458886,0.21220159151193635,0.02546419098143236,0.0,0.15755968169761272,0.0,Носов,Приключения Незнайки на Луне
0.03312392918332382,0.07652769845802398,0.06510565391205025,0.012564249000571102,0.04054825813820674,0.018846373500856654,0.0,0.09765848086807538,0.0017133066818960593,0.06624785836664764,0.11878926327812679,0.024557395773843516,0.24386065105653912,0.034837235865219876,0.0,0.16561964591661907,0.0,Носов,Витя Малеев в школе и дома
0.047496128033040784,0.08776458440887971,0.05627258647392876,0.004130098089829634,0.0371708828084667,0.019101703665462055,0.0036138358286009293,0.1621063500258131,0.005678884873515746,0.041300980898296334,0.08518327310273618,0.03768714506969541,0.23128549303045948,0.012906556530717605,0.0,0.16830149716055756,0.0,Носов,Приключения Незнайки на Луне
0.06373117033603708,0.08922363847045191,0.05909617612977984,0.009269988412514484,0.03707995365005794,0.02974121282348397,0.0,0.2081884897643878,0.00656624179219776,0.03514870606411742,0.06450366937041328,0.03592120509849363,0.18810351487060642,0.02433371958285052,0.0,0.14909231363460795,0.0,Носов,Приключения Незнайки на Луне
0.036721660457690264,0.06865353911655135,0.06386375731772219,0.012772751463544438,0.04257583821181479,0.028206492815327302,0.0010643959552953698,0.12825971261309208,0.0037253858435337944,0.05588078765300692,0.10697179350718468,0.03352847259180415,0.2368281000532198,0.026077700904736562,0.0,0.15486961149547632,0.0,Носов,Витя Малеев в школе и дома
0.0328125,0.06875,0.065625,0.010416666666666666,0.04635416666666667,0.021875,0.0010416666666666667,0.13854166666666667,0.004166666666666667,0.057291666666666664,0.1046875,0.034895833333333334,0.22604166666666667,0.028125,0.0,0.159375,0.0,Носов,Витя Малеев в школе и дома
0.044168734491315136,0.09330024813895782,0.06997518610421836,0.005955334987593052,0.04317617866004963,0.02183622828784119,0.0004962779156327543,0.18362282878411912,0.0064516129032258064,0.024317617866004962,0.07196029776674938,0.031265508684863524,0.20992555831265508,0.020347394540942927,0.0,0.17320099255583127,0.0,Носов,Приключения Незнайки на Луне
0.03899308983218164,0.07107601184600197,0.07255676209279369,0.014807502467917079,0.05725567620927937,0.01579466929911155,0.0014807502467917078,0.16633761105626851,0.021224086870681145,0.04639684106614018,0.09427443237907206,0.005923000987166831,0.19447186574531095,0.022211253701875617,0.0,0.1771964461994077,0.0,Носов,Витя Малеев в школе и дома
0.04412388629613916,0.08697496817988969,0.05557912600763683,0.008061094611794654,0.0415782774713619,0.025031820110309716,0.0,0.1900721255833687,0.004666949512091642,0.03903266864658464,0.07806533729316928,0.03182011030971574,0.20364870598218074,0.028425965210012727,0.0,0.16291896478574458,0.0,Носов,Приключения Незнайки на Луне
0.05138148327678139,0.08579738245273873,0.047988366456616575,0.00872515753756665,0.04168686379059622,0.024721279689772176,0.0004847309743092584,0.1735336888027145,0.010664081434803683,0.04217159476490548,0.07464857004362578,0.030538051381483276,0.2166747455162385,0.02035870092098885,0.0,0.17062530295685893,0.0,Носов,Приключения Незнайки на Луне
0.059175766114829165,0.09475167312433956,0.06798168369144064,0.010567101091933779,0.042972877773864035,0.03170130327580134,0.0,0.18915110954561465,0.008805917576611482,0.043677351179992954,0.0700951039098274,0.019725255371609723,0.15921098978513562,0.03311025008805918,0.0,0.16907361747094046,0.0,Носов,Приключения Незнайки на Луне
0.04291417165668663,0.07435129740518961,0.07934131736526946,0.007984031936127744,0.041916167664670656,0.021956087824351298,0.000998003992015968,0.1497005988023952,0.001996007984031936,0.0374251497005988,0.07035928143712575,0.04740518962075848,0.23802395209580837,0.027445109780439122,0.0,0.15818363273453093,0.0,Носов,Приключения Незнайки на Луне
0.0425531914893617,0.05927051671732523,0.08308004052684904,0.011144883485309016,0.04508611955420466,0.018743667679837893,0.00303951367781155,0.10486322188449848,0.0060790273556231,0.07446808510638298,0.11398176291793313,0.006585612968591692,0.22289766970618036,0.034447821681864235,0.0,0.17375886524822695,0.0,Носов,Витя Малеев в школе и дома
0.04176904176904177,0.07125307125307126,0.05958230958230958,0.003071253071253071,0.03746928746928747,0.030098280098280097,0.0,0.14312039312039312,0.010442260442260442,0.048525798525798525,0.07862407862407862,0.026412776412776413,0.2831695331695332,0.019041769041769043,0.0,0.14742014742014742,0.0,Носов,Приключения Незнайки на Луне
0.047709022201228156,0.09400094473311289,0.06046291922531885,0.008502598016060462,0.043930089749645726,0.025035427491733587,0.0,0.16296646197449222,0.006613131790269249,0.0406235238545111,0.07652338214454417,0.03401039206424185,0.21256495040151158,0.01983939537080775,0.0,0.16721776098252245,0.0,Носов,Приключения Незнайки на Луне
0.05432511491851233,0.08441287087338069,0.06769745089845382,0.012954450480568324,0.040952778938570834,0.028416213957375678,0.0,0.18303384872544923,0.0037609694943585457,0.05139991642290013,0.06936899289594652,0.02381947346427079,0.19557041370664438,0.025908900961136648,0.0,0.15837860426243208,0.0,Носов,Приключения Незнайки на Луне
0.0496031746031746,0.08015873015873017,0.055952380952380955,0.009523809523809525,0.03650793650793651,0.03492063492063492,0.0,0.16666666666666666,0.013095238095238096,0.047619047619047616,0.06785714285714285,0.046031746031746035,0.20634920634920634,0.029365079365079365,0.0,0.15634920634920635,0.0,Носов,Приключения Незнайки на Луне
0.04723282442748092,0.09255725190839695,0.06059160305343511,0.006679389312977099,0.04723282442748092,0.026717557251908396,0.0,0.1784351145038168,0.009064885496183206,0.04007633587786259,0.07395038167938932,0.030057251908396948,0.1984732824427481,0.020038167938931296,0.0,0.16889312977099236,0.0,Носов,Приключения Незнайки на Луне
0.06395539521154477,0.0787143325680551,0.06690718268284683,0.01541489012791079,0.041653000983929156,0.029189898327320433,0.0,0.1708756969498196,0.00787143325680551,0.05346015086913742,0.06461134798294522,0.0321416857986225,0.19481797310593638,0.03935716628402755,0.0,0.14102984585109873,0.0,Носов,Приключения Незнайки на Луне
0.015625,0.03786057692307692,0.06911057692307693,0.006610576923076923,0.03545673076923077,0.01201923076923077,0.001201923076923077,0.10216346153846154,0.022235576923076924,0.049879807692307696,0.10216346153846154,0.043870192307692304,0.296875,0.028846153846153848,0.0,0.17608173076923078,0.0,Носов,Витя Малеев в школе и дома
0.06301824212271974,0.08084577114427861,0.0505804311774461,0.012437810945273632,0.03316749585406302,0.0406301824212272,0.00041459369817578774,0.16459369817578773,0.011194029850746268,0.04477611940298507,0.08499170812603649,0.041044776119402986,0.20107794361525705,0.03067993366500829,0.0,0.14054726368159204,0.0,Носов,Приключения Незнайки на Луне
0.03428839830906529,0.08125880695162048,0.07703147017379051,0.006575857209957727,0.042273367778299674,0.01925786754344763,0.0,0.16580554250821983,0.005166744950681071,0.04321277595115078,0.06528886801315172,0.050258337247534056,0.22217003287928605,0.020197275716298733,0.0,0.16721465476749647,0.0,Носов,Приключения Незнайки на Луне
0.056888544891640865,0.10410216718266253,0.06037151702786378,0.00890092879256966,0.0468266253869969,0.027089783281733747,0.0,0.2020123839009288,0.009287925696594427,0.041408668730650154,0.05959752321981424,0.016640866873065017,0.1923374613003096,0.022058823529411766,0.0,0.15247678018575853,0.0,Носов,Приключения Незнайки на Луне
0.056156620298815046,0.0716125708397733,0.05409582689335394,0.00824317362184441,0.03760947964966512,0.026790314270994334,0.0005151983513652757,0.17001545595054096,0.015455950540958269,0.06027820710973725,0.07676455435342606,0.02009273570324575,0.2158681092220505,0.027820710973724884,0.0,0.1586810922205049,0.0,Носов,Приключения Незнайки на Луне
0.03535353535353535,0.07964257964257965,0.08236208236208237,0.012432012432012432,0.050505050505050504,0.026029526029526028,0.0,0.15268065268065267,0.006216006216006216,0.05128205128205128,0.09013209013209013,0.028749028749028748,0.18337218337218336,0.042735042735042736,0.0,0.1585081585081585,0.0,Носов,Витя Малеев в школе и дома
0.04730417090539166,0.0676500508646999,0.0686673448626653,0.014750762970498474,0.03662258392675483,0.027466937945066123,0.001017293997965412,0.14954221770091555,0.0076297049847405905,0.048830111902339775,0.08850457782299084,0.009664292980671414,0.24160732451678535,0.029501525940996948,0.0,0.1612410986775178,0.0,Носов,Витя Малеев в школе и дома
0.06887146266621207,0.10296624616433686,0.04159563586771224,0.021820661438799863,0.036481418342993524,0.029321513808387316,0.0,0.21888851005796114,0.013296965564268667,0.03954994885782475,0.056256392771905896,0.029662461643368564,0.16570064780088647,0.03136720081827481,0.0010228435049437436,0.1431980906921241,0.0,Носов,Приключения Незнайки на Луне
0.05831037649219467,0.09090909090909091,0.05693296602387511,0.011019283746556474,0.03535353535353535,0.022497704315886134,0.0018365472910927456,0.174931129476584,0.009641873278236915,0.029843893480257115,0.07300275482093664,0.03902662993572085,0.22910927456382002,0.01652892561983471,0.0004591368227731864,0.15059687786960516,0.0,Носов,Приключения Незнайки на Луне
0.03960857409133271,0.07688723205964586,0.06896551724137931,0.013979496738117428,0.045666356011183594,0.0260950605778192,0.0013979496738117428,0.13886300093196646,0.005591798695246971,0.05312208760484623,0.1043802423112768,0.02050326188257223,0.19757688723205966,0.03681267474370923,0.0,0.17054986020503263,0.0,Носов,Витя Малеев в школе и дома
0.03693495038588754,0.06504961411245866,0.06560088202866593,0.014884233737596472,0.044652701212789414,0.027563395810363836,0.0011025358324145535,0.12238147739801543,0.003858875413450937,0.047960308710033074,0.11245865490628446,0.037486218302094816,0.24696802646085997,0.022601984564498346,0.0,0.15049614112458654,0.0,Носов,Витя Малеев в школе и дома
0.048678720445062586,0.09040333796940195,0.05146036161335188,0.013444598980064905,0.03847936949466852,0.03013444598980065,0.0009272137227630969,0.1692165044042652,0.007417709782104775,0.034306907742234584,0.08205841446453407,0.039870190078813164,0.21464997681965692,0.020398701900788133,0.0009272137227630969,0.15762633286972647,0.0,Носов,Приключения Незнайки на Луне
0.04297820823244552,0.06295399515738499,0.05508474576271186,0.010895883777239709,0.03450363196125908,0.020581113801452784,0.0012106537530266344,0.1337772397094431,0.009079903147699757,0.05750605326876514,0.10108958837772397,0.016343825665859565,0.26937046004842613,0.019975786924939468,0.0,0.16464891041162227,0.0,Носов,Витя Малеев в школе и дома
0.04295098534613441,0.060131379484588174,0.07731177362304194,0.01212733703890854,0.04143506821627085,0.023749368367862556,0.0005053057099545225,0.13239009600808488,0.00808489135927236,0.05861546235472461,0.09499747347145023,0.03233956543708944,0.23092470944921678,0.02829711975745326,0.0,0.15613946437594745,0.0,Носов,Витя Малеев в школе и дома
0.04491725768321513,0.09078014184397164,0.06335697399527186,0.014184397163120567,0.046335697399527184,0.020803782505910164,0.0,0.19290780141843972,0.005200945626477541,0.032624113475177303,0.0591016548463357,0.05106382978723404,0.18912529550827423,0.01938534278959811,0.0,0.1702127659574468,0.0,Носов,Приключения Незнайки на Луне
0.03868756121449559,0.07345739471106758,0.07394711067580803,0.013222331047992164,0.05680705190989226,0.016160626836434867,0.0014691478942213516,0.16356513222331048,0.015181194906953967,0.04701273261508325,0.09745347698334966,0.0068560235063663075,0.197845249755142,0.023016650342801176,0.0,0.17531831537708129,0.0,Носов,Витя Малеев в школе и дома
0.0463768115942029,0.06328502415458938,0.07632850241545894,0.011111111111111112,0.04057971014492753,0.020289855072463767,0.000966183574879227,0.1178743961352657,0.007246376811594203,0.05893719806763285,0.1067632850241546,0.030917874396135265,0.22608695652173913,0.03768115942028986,0.0,0.15507246376811595,0.0004830917874396135,Носов,Витя Малеев в школе и дома
0.033382425135002454,0.044182621502209134,0.07069219440353461,0.010800196367206676,0.053019145802650956,0.013254786450662739,0.0009818360333824251,0.12960235640648013,0.07560137457044673,0.048109965635738834,0.08247422680412371,0.014236622484045164,0.23122238586156113,0.027000490918016692,0.0,0.16543937162493863,0.0,Носов,Витя Малеев в школе и дома
0.07219251336898395,0.10351413292589763,0.04430863254392666,0.01145912910618793,0.03284950343773873,0.034759358288770054,0.0,0.2261268143621085,0.011077158135981665,0.027883880825057297,0.06608097784568373,0.030175706646294882,0.17379679144385027,0.02100840336134454,0.0,0.14476699770817417,0.0,Носов,Приключения Незнайки на Луне
0.04572965702757229,0.06926698049764626,0.05850706119704102,0.004034969737726967,0.04976462676529926,0.01546738399462004,0.0006724949562878278,0.17821116341627438,0.0026899798251513113,0.02824478816408877,0.05985205110961668,0.05581708137188971,0.23133826496301277,0.02219233355749832,0.0,0.17821116341627438,0.0,Носов,Приключения Незнайки на Луне
0.04517950786607503,0.07664380798709157,0.07059298104074223,0.01008471157724889,0.035498184751916094,0.03630496167809601,0.003630496167809601,0.15046389673255345,0.020572811617587738,0.0463896732553449,0.08632513110125051,0.03630496167809601,0.19604679306171843,0.03953206938281565,0.0,0.1464300121016539,0.0,Носов,Приключения Незнайки на Луне
0.050091911764705885,0.0896139705882353,0.050551470588235295,0.013786764705882353,0.03860294117647059,0.03125,0.0009191176470588235,0.16911764705882354,0.007352941176470588,0.034466911764705885,0.08272058823529412,0.03860294117647059,0.21369485294117646,0.02068014705882353,0.0009191176470588235,0.15762867647058823,0.0,Носов,Приключения Незнайки на Луне
0.05660377358490566,0.09220363118547525,0.07369170523317907,0.009967960128159488,0.04521181915272339,0.02847988608045568,0.0,0.1783552865788537,0.007831968672125312,0.042007831968672124,0.07297970808116767,0.022783908864364544,0.16447134211463155,0.03346386614453542,0.0,0.17194731221075116,0.0,Носов,Приключения Незнайки на Луне
0.031323414252153486,0.04620203602192639,0.0548159749412686,0.003915426781519186,0.030540328895849646,0.015661707126076743,0.0007830853563038371,0.09397024275646046,0.0015661707126076742,0.07361002349256068,0.1096319498825372,0.030540328895849646,0.32576350822239625,0.022709475332811275,0.0,0.15896632732967894,0.0,Носов,Витя Малеев в школе и дома
0.04150110375275938,0.09094922737306843,0.07593818984547461,0.010596026490066225,0.04370860927152318,0.02384105960264901,0.0,0.152317880794702,0.005739514348785872,0.039735099337748346,0.09183222958057395,0.04282560706401766,0.2044150110375276,0.022516556291390728,0.0,0.15408388520971303,0.0,Носов,Приключения Незнайки на Луне
0.04809843400447427,0.06991051454138703,0.07718120805369127,0.013422818791946308,0.036353467561521254,0.02237136465324385,0.0011185682326621924,0.12304250559284116,0.007829977628635347,0.04753914988814318,0.09116331096196868,0.05425055928411633,0.23881431767337807,0.03691275167785235,0.0,0.13143176733780762,0.0005592841163310962,Носов,Витя Малеев в школе и дома
0.036061026352288486,0.10124826629680998,0.0638002773925104,0.008321775312066574,0.038372630605640314,0.0212667591308368,0.006010171058714748,0.18400369856680537,0.003236245954692557,0.03744798890429958,0.06842348589921406,0.026814609338881183,0.21914008321775313,0.0212667591308368,0.0,0.16458622283865001,0.0,Носов,Приключения Незнайки на Луне
0.0331002331002331,0.05128205128205128,0.068997668997669,0.011188811188811189,0.05174825174825175,0.017715617715617717,0.0004662004662004662,0.12307692307692308,0.05780885780885781,0.05174825174825175,0.08764568764568764,0.02097902097902098,0.2219114219114219,0.03636363636363636,0.0,0.16596736596736597,0.0,Носов,Витя Малеев в школе и дома
0.04393505253104107,0.06017191977077364,0.07640878701050621,0.01623686723973257,0.04297994269340974,0.022922636103151862,0.0009551098376313276,0.1227316141356256,0.0062082139446036294,0.05921680993314231,0.09742120343839542,0.027698185291308502,0.22636103151862463,0.033428844317096466,0.0,0.16332378223495703,0.0,Носов,Витя Малеев в школе и дома
0.05002000800320128,0.08083233293317327,0.06762705082032813,0.009603841536614645,0.035214085634253704,0.03201280512204882,0.0,0.18207282913165265,0.0024009603841536613,0.04321728691476591,0.07482993197278912,0.026010404161664665,0.19847939175670268,0.03321328531412565,0.0,0.1644657863145258,0.0,Носов,Приключения Незнайки на Луне
0.0469558296856347,0.08754476721050537,0.05650616792678074,0.006764822920811779,0.040986868284918425,0.02586549940310386,0.0,0.1969757262236371,0.004377238360525269,0.03820135296458416,0.07242339832869081,0.02865101472343812,0.19578193394349383,0.029048945483485872,0.0,0.16991643454038996,0.0,Носов,Приключения Незнайки на Луне
0.058330295297119944,0.09697411593146191,0.04046664236237696,0.017134524243528983,0.03135253372220197,0.03353991979584397,0.0003645643456069996,0.2103536274152388,0.014218009478672985,0.045570543200874954,0.06343419613561793,0.02005103900838498,0.17644914327378783,0.03645643456069996,0.0014582573824279985,0.15384615384615385,0.0,Носов,Приключения Незнайки на Луне
0.059429477020602216,0.10776545166402536,0.05071315372424723,0.009112519809825673,0.03645007923930269,0.030507131537242473,0.000792393026941363,0.2056259904912837,0.0071315372424722665,0.034469096671949286,0.07606973058637084,0.01664025356576862,0.17155309033280508,0.028922345483359747,0.0,0.1648177496038035,0.0,Носов,Приключения Незнайки на Луне
0.046937151949085126,0.08750994431185362,0.05608591885441527,0.006364359586316627,0.03898170246618934,0.026252983293556086,0.0003977724741447892,0.2064439140811456,0.006364359586316627,0.0330151153540175,0.06722354813046937,0.034606205250596656,0.20445505171042164,0.023468575974542563,0.0,0.1618933969769292,0.0,Носов,Приключения Незнайки на Луне
0.05361534677816036,0.08903098868666995,0.05656665027053615,0.0054107230693556324,0.04131824889326119,0.019675356615838663,0.002951303492375799,0.17117560255779635,0.004918839153959666,0.03590752582390556,0.07968519429414658,0.03148057058534186,0.22774225282833252,0.013772749631087064,0.0,0.16674864731923267,0.0,Носов,Приключения Незнайки на Луне
0.061802232854864435,0.08532695374800638,0.06060606060606061,0.008771929824561403,0.03628389154704944,0.028309409888357256,0.0,0.20614035087719298,0.006379585326953748,0.03628389154704944,0.06618819776714513,0.0342902711323764,0.19218500797448165,0.024322169059011165,0.0,0.15311004784688995,0.0,Носов,Приключения Незнайки на Луне
0.05933890880127439,0.08801274392672243,0.06093189964157706,0.010354440461967344,0.037435284747112704,0.021505376344086023,0.0007964954201513341,0.19036240541616886,0.010354440461967344,0.02986857825567503,0.054559936280366386,0.05137395459976105,0.19553962564715252,0.029470330545599364,0.0,0.16009557945041816,0.0,Носов,Приключения Незнайки на Луне
0.08073115003808073,0.08758568164508758,0.0715917745620716,0.015232292460015232,0.044173648134044174,0.027798933739527798,0.0,0.19383092155369383,0.005331302361005331,0.033891850723533894,0.062452399086062454,0.030083777608530083,0.16336633663366337,0.031226199543031227,0.0,0.1527037319116527,0.0,Носов,Приключения Незнайки на Луне
0.026969857218402962,0.06557377049180328,0.07562136435748282,0.01269169751454257,0.04706504494976203,0.015335801163405606,0.0010576414595452142,0.13114754098360656,0.05764145954521417,0.04970914859862507,0.09413008989952407,0.012162876784769964,0.2321523003701745,0.021152829190904283,0.0,0.15758857747223692,0.0,Носов,Витя Малеев в школе и дома
0.06813020439061317,0.08516275548826646,0.080999242997729,0.014004542013626041,0.045041635124905374,0.027630582891748676,0.0003785011355034065,0.1691900075700227,0.005677517032551098,0.03860711582134747,0.07721423164269493,0.03141559424678274,0.17221801665404995,0.031037093111279335,0.0,0.15329295987887964,0.0,Носов,Приключения Незнайки на Луне
0.03393797542422469,0.0590988882387361,0.07080163838502047,0.013458162668227034,0.03627852545348157,0.02047981275599766,0.0005851375073142189,0.14452896430661205,0.02516091281451141,0.05500292568753657,0.08601521357519017,0.021650087770626096,0.2521942656524283,0.027501462843768285,0.0,0.15330602691632533,0.0,Носов,Витя Малеев в школе и дома
0.07809449433814916,0.08317063647012886,0.06755173760249902,0.013666536509176102,0.042951971885982036,0.02889496290511519,0.0,0.18703631393986725,0.004685669660288949,0.03201874267864115,0.0640374853572823,0.033971105037094884,0.17961733697774307,0.02889496290511519,0.0,0.15540804373291683,0.0,Носов,Приключения Незнайки на Луне
0.035897435897435895,0.06951566951566951,0.06495726495726496,0.012535612535612535,0.040455840455840456,0.013105413105413105,0.0,0.13675213675213677,0.02564102564102564,0.041025641025641026,0.0962962962962963,0.036467236467236465,0.23646723646723647,0.022792022792022793,0.0,0.16809116809116809,0.0,Носов,Витя Малеев в школе и дома
0.04975922953451043,0.08707865168539326,0.07584269662921349,0.011637239165329053,0.03290529695024077,0.03130016051364366,0.0,0.1926163723916533,0.0032102728731942215,0.044542536115569825,0.07102728731942215,0.022070626003210272,0.19502407704654895,0.030497592295345103,0.0,0.15248796147672553,0.0,Носов,Приключения Незнайки на Луне
0.040707016604177824,0.08462774504552759,0.06106052490626674,0.0032137118371719335,0.037493304767005894,0.023031601499732192,0.0016068559185859668,0.1649705409748259,0.0096411355115158,0.029994643813604713,0.07820032137118371,0.039100160685591856,0.22710230316014998,0.025709694697375468,0.0,0.1735404392072844,0.0,Носов,Приключения Незнайки на Луне
0.03033220991815118,0.06596051998074146,0.0784785748675975,0.017332691381800675,0.041405873856523834,0.01974000962927299,0.0009629272989889263,0.11988444872412132,0.015888300433317286,0.05777563793933558,0.10688493018777083,0.023591718825228696,0.21328839672604719,0.043813192103996146,0.0,0.16466056812710642,0.0,Носов,Витя Малеев в школе и дома
0.0659536541889483,0.08645276292335116,0.05169340463458111,0.013368983957219251,0.0338680926916221,0.0213903743315508,0.001336898395721925,0.2000891265597148,0.008912655971479501,0.03342245989304813,0.06862745098039216,0.024955436720142603,0.21345811051693406,0.019162210338680926,0.000445632798573975,0.1568627450980392,0.0,Носов,Приключения Незнайки на Луне
0.04983388704318937,0.07032115171650055,0.07419712070874862,0.013289036544850499,0.035437430786267994,0.022702104097452935,0.0011074197120708748,0.12513842746400886,0.008305647840531562,0.05094130675526024,0.09246954595791805,0.05094130675526024,0.23754152823920266,0.036544850498338874,0.0,0.13067552602436322,0.0005537098560354374,Носов,Витя Малеев в школе и дома
0.050190943807965085,0.07146753955264594,0.07528641571194762,0.013638843426077468,0.03600654664484452,0.022913256955810146,0.0010911074740861974,0.12384069830878341,0.008183306055646482,0.05128205128205128,0.09219858156028368,0.05128205128205128,0.23513366066557556,0.03600654664484452,0.0,0.1309328968903437,0.0005455537370430987,Носов,Витя Малеев в школе и дома
0.07095980311730928,0.0840853158326497,0.06357670221493027,0.018867924528301886,0.03814602132895816,0.03240360951599672,0.002050861361771944,0.1722723543888433,0.002461033634126333,0.04265791632485644,0.07547169811320754,0.033223954060705496,0.18539786710418377,0.033223954060705496,0.0,0.14520098441345364,0.0,Носов,Приключения Незнайки на Луне
0.04034729315628192,0.06128702757916241,0.0745658835546476,0.010214504596527068,0.042390194075587334,0.024514811031664963,0.0010214504596527069,0.13278855975485188,0.008682328907048007,0.05873340143003064,0.09908069458631256,0.03115423901940756,0.2293156281920327,0.0296220633299285,0.0,0.15628192032686414,0.0,Носов,Витя Малеев в школе и дома
0.047709022201228156,0.09400094473311289,0.06046291922531885,0.008502598016060462,0.043930089749645726,0.025035427491733587,0.0,0.16296646197449222,0.006613131790269249,0.0406235238545111,0.07652338214454417,0.03401039206424185,0.21256495040151158,0.01983939537080775,0.0,0.16721776098252245,0.0,Носов,Приключения Незнайки на Луне
0.05551086082059534,0.08004827031375704,0.06234915526950925,0.008447304907481898,0.03821399839098954,0.02815768302493966,0.00040225261464199515,0.17980691874497184,0.010458567980691875,0.04022526146419952,0.06637168141592921,0.03901850362027353,0.20514883346741755,0.02654867256637168,0.0,0.1592920353982301,0.0,Носов,Приключения Незнайки на Луне
0.041046459179070814,0.08073973838520523,0.07487595850248083,0.006314839873703203,0.03608479927830401,0.028416779431664412,0.0,0.17004961659900766,0.0045105999097880016,0.03563373928732522,0.08299503834009923,0.02571041948579161,0.21921515561569688,0.02886783942264321,0.0,0.16553901668921966,0.0,Носов,Приключения Незнайки на Луне
0.0407158836689038,0.08187919463087248,0.08053691275167785,0.0071588366890380315,0.04161073825503356,0.024608501118568233,0.0008948545861297539,0.1476510067114094,0.005369127516778523,0.04563758389261745,0.0697986577181208,0.04876957494407159,0.22281879194630871,0.028187919463087248,0.0,0.15436241610738255,0.0,Носов,Приключения Незнайки на Луне
0.03684550743374273,0.07175177763413057,0.06464124111182935,0.009696186166774402,0.03425985778926956,0.02262443438914027,0.0006464124111182935,0.11247575953458307,0.007110536522301228,0.04783451842275371,0.09760827407886231,0.06851971557853911,0.2553329023917259,0.025856496444731737,0.0,0.14479638009049775,0.0,Носов,Витя Малеев в школе и дома
0.02768166089965398,0.06747404844290658,0.07035755478662054,0.00922722029988466,0.040369088811995385,0.012687427912341407,0.0005767012687427913,0.15051903114186851,0.0328719723183391,0.039792387543252594,0.08189158016147635,0.03575547866205306,0.2433679354094579,0.02191464821222607,0.0,0.16551326412918108,0.0,Носов,Витя Малеев в школе и дома
0.04025044722719141,0.08273703041144902,0.07289803220035779,0.00849731663685152,0.03577817531305903,0.02728085867620751,0.0,0.17262969588550983,0.004472271914132379,0.029069767441860465,0.07871198568872988,0.026386404293381037,0.22584973166368516,0.029516994633273702,0.0,0.16592128801431127,0.0,Носов,Приключения Незнайки на Луне
0.052854122621564484,0.07610993657505286,0.05391120507399577,0.005813953488372093,0.034355179704016914,0.030126849894291756,0.0,0.15380549682875264,0.011099365750528542,0.04386892177589852,0.08615221987315011,0.023255813953488372,0.2558139534883721,0.02061310782241015,0.0,0.1522198731501057,0.0,Носов,Приключения Незнайки на Луне
0.048407643312101914,0.07558386411889596,0.07048832271762208,0.010615711252653927,0.036093418259023353,0.035668789808917196,0.003821656050955414,0.14140127388535031,0.01910828025477707,0.04628450106157112,0.0980891719745223,0.03227176220806794,0.20424628450106158,0.03906581740976645,0.0,0.13885350318471337,0.0,Носов,Приключения Незнайки на Луне
0.05114029025570145,0.09053213545266067,0.06772633033863165,0.013130615065653075,0.04457498272287491,0.026952315134761574,0.0003455425017277125,0.1769177608845888,0.0055286800276434,0.041810642709053214,0.08223911541119558,0.030753282653766412,0.19419488597097442,0.0248790601243953,0.0,0.1492743607463718,0.0,Носов,Приключения Незнайки на Луне
0.06617326948193296,0.10491946016543317,0.04832390074009578,0.00827165868524162,0.04092294296909012,0.03134523291249456,0.0008707009142359599,0.20809751850239444,0.00957771005659556,0.027427078798432737,0.07270352633870265,0.03221593382673052,0.17936438833260776,0.02046147148454506,0.0,0.14932520679146713,0.0,Носов,Приключения Незнайки на Луне
0.059198865650478556,0.09641970932293513,0.06309819213045019,0.009925558312655087,0.04466501240694789,0.030840127614321162,0.0003544842254519674,0.18787663948954272,0.007444168734491315,0.041474654377880185,0.07727756114852889,0.015597305919886565,0.16908897554058844,0.030840127614321162,0.0,0.16589861751152074,0.0,Носов,Приключения Незнайки на Луне
0.046762589928057555,0.06680369989722508,0.06937307297019528,0.013874614594039054,0.03751284686536485,0.025693730729701953,0.0010277492291880781,0.14953751284686537,0.007708119218910586,0.050873586844809866,0.09198355601233299,0.009249743062692703,0.24100719424460432,0.029290853031860225,0.0,0.1593011305241521,0.0,Носов,Витя Малеев в школе и дома
0.0432183908045977,0.07862068965517241,0.05931034482758621,0.008735632183908045,0.04091954022988506,0.017011494252873564,0.001379310344827586,0.15954022988505748,0.009195402298850575,0.05471264367816092,0.08275862068965517,0.03816091954022988,0.22252873563218392,0.021149425287356322,0.0,0.16275862068965516,0.0,Носов,Приключения Незнайки на Луне
0.037786774628879895,0.0724246513720198,0.07872244714349977,0.016194331983805668,0.049032838506522715,0.020242914979757085,0.000449842555105713,0.12910481331533963,0.005398110661268556,0.05083220872694557,0.10751237067026541,0.019343229869545658,0.2114260008996851,0.044534412955465584,0.0,0.15699505173189385,0.0,Носов,Витя Малеев в школе и дома
0.04764173415912339,0.08956646021915197,0.05907575035731301,0.010004764173415913,0.03239637922820391,0.026202953787517864,0.0019056693663649356,0.1500714626012387,0.00857551214864221,0.045736064792758456,0.08480228680323963,0.040495474035254886,0.22820390662220105,0.016674606955693186,0.0,0.1586469747498809,0.0,Носов,Приключения Незнайки на Луне
0.05143591941705958,0.08315473639091299,0.06858122588941278,0.015859408486926702,0.048435490784397774,0.02828975567938277,0.0,0.18045435062151735,0.006858122588941277,0.04072010287183883,0.06086583797685383,0.04972138876982426,0.18174024860694385,0.02828975567938277,0.0,0.15559365623660523,0.0,Носов,Приключения Незнайки на Луне
0.07451403887688984,0.10259179265658748,0.04859611231101512,0.012239020878329733,0.038876889848812095,0.03131749460043196,0.0,0.19978401727861772,0.008999280057595392,0.038876889848812095,0.06767458603311735,0.024478041756659467,0.1767458603311735,0.027357811375089993,0.0,0.14794816414686826,0.0,Носов,Приключения Незнайки на Луне
0.06285253827558421,0.0926672038678485,0.07131345688960515,0.015713134568896052,0.0410958904109589,0.022562449637389202,0.0012087026591458502,0.17284448025785656,0.009266720386784852,0.03908138597904915,0.07292506043513296,0.030620467365028204,0.19379532634971797,0.02054794520547945,0.0,0.15350523771152297,0.0,Носов,Приключения Незнайки на Луне
0.0751907010533963,0.09262622593534327,0.04576825281511079,0.012713403559752997,0.03559752996730839,0.03450780966218671,0.0,0.21794406102433708,0.006901561932437341,0.0370504903741373,0.06284053759535052,0.039593171086087904,0.17580820922629858,0.02361060661096985,0.0,0.13984743915728295,0.0,Носов,Приключения Незнайки на Луне
0.03853211009174312,0.07155963302752294,0.06697247706422019,0.014220183486238533,0.0444954128440367,0.03761467889908257,0.00045871559633027525,0.1555045871559633,0.012385321100917432,0.04862385321100918,0.08944954128440367,0.014678899082568808,0.20963302752293578,0.031192660550458717,0.0,0.1646788990825688,0.0,Носов,Витя Малеев в школе и дома
0.027747551686615888,0.06256800870511425,0.07399347116430903,0.011425462459194777,0.04298150163220892,0.013601741022850925,0.001632208922742111,0.12622415669205658,0.06855277475516866,0.05059847660500544,0.08922742110990206,0.011969532100108813,0.24591947769314473,0.01958650707290533,0.0,0.15397170837867247,0.0,Носов,Витя Малеев в школе и дома
0.05010330578512397,0.0759297520661157,0.05165289256198347,0.007747933884297521,0.03409090909090909,0.03305785123966942,0.0,0.15444214876033058,0.020144628099173553,0.05320247933884298,0.09349173553719008,0.02324380165289256,0.24483471074380164,0.021177685950413222,0.0,0.1368801652892562,0.0,Носов,Приключения Незнайки на Луне
0.07061197041022192,0.10020174848688634,0.06119704102219233,0.009751176866173503,0.03127101546738399,0.03799596503026227,0.0003362474781439139,0.19401479488903833,0.015131136516476126,0.03900470746469401,0.0605245460659045,0.02589105581708137,0.17014122394082046,0.03328850033624748,0.0006724949562878278,0.14996637525218562,0.0,Носов,Приключения Незнайки на Луне
0.06549001393404552,0.08732001857872736,0.04784022294472828,0.006967022758941012,0.029261495587552252,0.03204830469112866,0.0009289363678588017,0.17649790989317232,0.019043195541105434,0.04784022294472828,0.08128193218764515,0.02833255921969345,0.23316302833255922,0.019507663725034836,0.0,0.12447747329307943,0.0,Носов,Приключения Незнайки на Луне
0.056103575832305796,0.09001233045622688,0.06381011097410604,0.014796547472256474,0.05024660912453761,0.02681874229346486,0.00030826140567200987,0.17879161528976573,0.005856966707768188,0.04284833538840937,0.08877928483353884,0.02311960542540074,0.1846485819975339,0.02620221948212084,0.0,0.14765721331689272,0.0,Носов,Приключения Незнайки на Луне
0.03361344537815126,0.06985294117647059,0.06460084033613446,0.014705882352941176,0.038340336134453784,0.023109243697478993,0.0,0.0976890756302521,0.009453781512605041,0.05409663865546219,0.12447478991596639,0.03466386554621849,0.23319327731092437,0.037815126050420166,0.0,0.164390756302521,0.0,Носов,Витя Малеев в школе и дома
0.039153439153439155,0.0746031746031746,0.05502645502645503,0.00582010582010582,0.03968253968253968,0.02857142857142857,0.0010582010582010583,0.14814814814814814,0.007407407407407408,0.043915343915343914,0.07566137566137567,0.044444444444444446,0.2417989417989418,0.01904761904761905,0.0,0.17566137566137566,0.0,Носов,Приключения Незнайки на Луне
0.04589495155532891,0.06527281998980113,0.06833248342682305,0.013258541560428353,0.0382457929627741,0.025497195308516064,0.0010198878123406426,0.1483936766955635,0.007649158592554819,0.049974502804691484,0.09280979092299847,0.010198878123406425,0.24375318714941357,0.02906680265170831,0.0,0.1606323304436512,0.0,Носов,Витя Малеев в школе и дома
0.045871559633027525,0.0885520542481053,0.059433585959313924,0.005983246908655764,0.03988831272437176,0.025528520143597924,0.0,0.1950538492221779,0.005983246908655764,0.03669724770642202,0.06980454726765058,0.029916234543278818,0.1974471479856402,0.029517351416035103,0.0,0.17032309533306741,0.0,Носов,Приключения Незнайки на Луне
0.03282374100719424,0.08992805755395683,0.07553956834532374,0.007194244604316547,0.03776978417266187,0.01933453237410072,0.0013489208633093526,0.18075539568345322,0.003147482014388489,0.045413669064748204,0.07733812949640288,0.03102517985611511,0.20908273381294964,0.025629496402877698,0.0,0.16366906474820145,0.0,Носов,Приключения Незнайки на Луне
0.034917000572409845,0.0658271322266743,0.0658271322266743,0.015455065827132226,0.03777904979965655,0.021751574127074985,0.0011448196908986834,0.1305094447624499,0.013737836290784202,0.057240984544934176,0.09559244419004007,0.021179164281625643,0.2524327418431597,0.028048082427017746,0.0,0.15855752718946767,0.0,Носов,Витя Малеев в школе и дома
0.04365781710914454,0.06135693215339233,0.06312684365781711,0.013569321533923304,0.032448377581120944,0.01592920353982301,0.0,0.09321533923303835,0.008259587020648967,0.05958702064896755,0.12684365781710916,0.035398230088495575,0.2471976401179941,0.030678466076696165,0.0,0.1687315634218289,0.0,Носов,Витя Малеев в школе и дома
0.06088794926004228,0.09936575052854123,0.050317124735729385,0.01014799154334038,0.0346723044397463,0.030866807610993658,0.00042283298097251583,0.20591966173361523,0.006765327695560253,0.03678646934460888,0.05835095137420719,0.030021141649048625,0.20972515856236787,0.02029598308668076,0.0,0.14545454545454545,0.0,Носов,Приключения Незнайки на Луне
0.054457619675010976,0.08256477821695213,0.06982872200263504,0.015371102327624066,0.04787000439174352,0.02854633289415898,0.0,0.17962231005709267,0.006148440931049627,0.039525691699604744,0.061923583662714096,0.04962670180061485,0.18050065876152832,0.028985507246376812,0.0,0.15502854633289415,0.0,Носов,Приключения Незнайки на Луне
0.04432383536861149,0.08909995477159656,0.06829488919041157,0.011307100859339666,0.034373586612392586,0.025780189959294438,0.0004522840343735866,0.16960651289009498,0.0027137042062415195,0.0438715513342379,0.06829488919041157,0.033016734509271825,0.20352781546811397,0.028946178199909543,0.0,0.17639077340569878,0.0,Носов,Приключения Незнайки на Луне
0.05167173252279635,0.0851063829787234,0.07121146330872774,0.010421189752496743,0.04385584020842379,0.02214502822405558,0.0004342162396873643,0.15675206252713852,0.004342162396873643,0.04689535388623534,0.08163265306122448,0.03213200173686496,0.20147633521493705,0.030829353017802867,0.0,0.16109422492401215,0.0,Носов,Приключения Незнайки на Луне
0.04933920704845815,0.09162995594713656,0.06563876651982378,0.01145374449339207,0.03436123348017621,0.025991189427312777,0.0004405286343612335,0.1762114537444934,0.0026431718061674008,0.04140969162995595,0.06740088105726873,0.03303964757709251,0.19515418502202644,0.02907488986784141,0.0,0.1762114537444934,0.0,Носов,Приключения Незнайки на Луне
0.07441471571906355,0.08904682274247491,0.048494983277591976,0.014214046822742474,0.036371237458193977,0.025919732441471572,0.0008361204013377926,0.205685618729097,0.010033444816053512,0.034280936454849496,0.06270903010033445,0.028428093645484948,0.20150501672240803,0.01588628762541806,0.0004180602006688963,0.15175585284280937,0.0,Носов,Приключения Незнайки на Луне
0.03952941176470588,0.07623529411764705,0.07152941176470588,0.013647058823529411,0.04470588235294118,0.024941176470588234,0.001411764705882353,0.13552941176470587,0.00611764705882353,0.055058823529411764,0.1063529411764706,0.018823529411764704,0.1976470588235294,0.03764705882352941,0.0,0.1708235294117647,0.0,Носов,Витя Малеев в школе и дома
0.055613850996852045,0.07939839104582022,0.07030430220356768,0.01818817768450507,0.03777544596012592,0.027981811822315496,0.0,0.16229450856942987,0.005596362364463099,0.05141657922350472,0.07030430220356768,0.03427771948233648,0.19832109129066108,0.03812521860790486,0.0,0.15040223854494578,0.0,Носов,Приключения Незнайки на Луне
0.06477732793522267,0.08866396761133603,0.07004048582995952,0.015789473684210527,0.0437246963562753,0.024696356275303644,0.0008097165991902834,0.17165991902834007,0.006882591093117409,0.041700404858299595,0.0728744939271255,0.030364372469635626,0.18582995951417003,0.024696356275303644,0.0,0.15748987854251012,0.0,Носов,Приключения Незнайки на Луне
0.06887467068121943,0.08468197214904027,0.08091832894241625,0.013925479864508844,0.04516371847948814,0.027474595408355288,0.0003763643206624012,0.16974030861874295,0.005645464809936018,0.03914188934888972,0.07677832141512984,0.0312382386149793,0.17162213022205494,0.0312382386149793,0.0,0.15318027850959728,0.0,Носов,Приключения Незнайки на Луне
0.04079650315687227,0.09179213210296261,0.06070908207867897,0.008742107819329771,0.03788246721709568,0.022340942204953862,0.001942690626517727,0.15541525012141816,0.007285089849441476,0.036425449247207385,0.07722195240407966,0.0412821758135017,0.2311801845556095,0.021369596891694997,0.0,0.16561437591063624,0.0,Носов,Приключения Незнайки на Луне
0.03360488798370672,0.07586558044806517,0.06568228105906314,0.01374745417515275,0.04124236252545825,0.01985743380855397,0.0,0.08197556008146639,0.0015274949083503055,0.07739307535641547,0.13034623217922606,0.018329938900203666,0.23217922606924643,0.04429735234215886,0.0,0.16395112016293278,0.0,Носов,Витя Малеев в школе и дома
0.042778057372924005,0.07247106190236538,0.07045797684952189,0.013085052843482638,0.04428787116255662,0.02415702063412179,0.0020130850528434826,0.11625566180171112,0.0025163563160543532,0.0669350780070458,0.10971313537996981,0.01660795168595873,0.2093608454957222,0.03975842979365878,0.0,0.1696024157020634,0.0,Носов,Витя Малеев в школе и дома
0.024071526822558458,0.041953232462173314,0.061898211829436035,0.006189821182943604,0.02888583218707015,0.009628610729023384,0.000687757909215956,0.08184319119669876,0.000687757909215956,0.0811554332874828,0.11829436038514443,0.04676753782668501,0.30261348005502064,0.02063273727647868,0.0,0.1746905089408528,0.0,Носов,Витя Малеев в школе и дома
0.027657266811279828,0.06073752711496746,0.06887201735357917,0.009761388286334056,0.04392624728850325,0.013557483731019523,0.0016268980477223427,0.12581344902386118,0.07158351409978309,0.05260303687635575,0.08459869848156182,0.010845986984815618,0.2527114967462039,0.020065075921908895,0.0,0.15563991323210413,0.0,Носов,Витя Малеев в школе и дома
0.05689900426742532,0.09139402560455193,0.0732574679943101,0.00995732574679943,0.04480796586059744,0.02844950213371266,0.0,0.17852062588904694,0.007823613086770981,0.042318634423897585,0.07361308677098151,0.023115220483641535,0.16465149359886203,0.033428165007112376,0.0,0.1717638691322902,0.0,Носов,Приключения Незнайки на Луне
0.03683168316831683,0.07683168316831683,0.07722772277227723,0.011089108910891089,0.05504950495049505,0.02574257425742574,0.0,0.16594059405940595,0.013465346534653465,0.048712871287128715,0.08514851485148515,0.018613861386138613,0.17702970297029702,0.03089108910891089,0.0,0.17742574257425742,0.0,Носов,Витя Малеев в школе и дома
0.07430469074304691,0.08343711083437111,0.0647571606475716,0.010792860107928601,0.0402656704026567,0.030303030303030304,0.0,0.18306351183063513,0.0045662100456621,0.0327936903279369,0.06434205064342051,0.0410958904109589,0.19095060190950602,0.028642590286425903,0.0,0.1506849315068493,0.0,Носов,Приключения Незнайки на Луне
0.06470838654746701,0.08301404853128991,0.04469987228607918,0.01277139208173691,0.02937420178799489,0.034482758620689655,0.0008514261387824606,0.19284802043422733,0.01277139208173691,0.05065985525755641,0.06939123031077055,0.025117071094082587,0.1911451681566624,0.033631332481907195,0.001277139208173691,0.1532567049808429,0.0,Носов,Приключения Незнайки на Луне
0.057904085257548844,0.09520426287744227,0.057904085257548844,0.011012433392539964,0.03836589698046181,0.035879218472468916,0.0,0.21172291296625223,0.010657193605683837,0.035523978685612786,0.0650088809946714,0.01705150976909414,0.17619893428063943,0.03197158081705151,0.0,0.15559502664298402,0.0,Носов,Приключения Незнайки на Луне
0.038747346072186835,0.06900212314225053,0.06687898089171974,0.016454352441613588,0.04511677282377919,0.02813163481953291,0.0010615711252653928,0.12420382165605096,0.004246284501061571,0.04670912951167728,0.10828025477707007,0.03662420382165605,0.23938428874734607,0.025477707006369428,0.0,0.14968152866242038,0.0,Носов,Витя Малеев в школе и дома
0.025938566552901023,0.05187713310580205,0.0689419795221843,0.010238907849829351,0.03549488054607509,0.012969283276450512,0.0034129692832764505,0.09692832764505119,0.0006825938566552901,0.07781569965870307,0.10784982935153584,0.027303754266211604,0.2901023890784983,0.018430034129692834,0.0,0.1720136518771331,0.0,Носов,Витя Малеев в школе и дома
0.03222398309561542,0.07290015847860538,0.07554146856840993,0.00792393026941363,0.03433703116745906,0.020602218700475437,0.001584786053882726,0.1648177496038035,0.010565240359218173,0.04648705758055996,0.07078711040676175,0.039619651347068144,0.23718964606444798,0.02324352879027998,0.0,0.16217643951399893,0.0,Носов,Приключения Незнайки на Луне
0.03077930582842174,0.06221349050425671,0.06155861165684348,0.0137524557956778,0.0366732154551408,0.01768172888015717,0.0006548788474132286,0.09102815979043877,0.0019646365422396855,0.06548788474132286,0.1191879502292076,0.025540275049115914,0.2704649639816634,0.03732809430255403,0.0,0.16568434839554683,0.0,Носов,Витя Малеев в школе и дома
0.04579439252336449,0.08364485981308412,0.06775700934579439,0.007476635514018692,0.04158878504672897,0.020560747663551402,0.00046728971962616824,0.15093457943925234,0.004205607476635514,0.04813084112149533,0.08925233644859813,0.035981308411214954,0.21495327102803738,0.029439252336448597,0.0,0.15981308411214953,0.0,Носов,Приключения Незнайки на Луне
0.05797587131367292,0.09651474530831099,0.06266756032171582,0.00871313672922252,0.03116621983914209,0.0435656836461126,0.0003351206434316354,0.1876675603217158,0.013739946380697051,0.041890080428954424,0.060656836461126004,0.03150134048257373,0.17359249329758714,0.037868632707774796,0.0006702412868632708,0.15147453083109919,0.0,Носов,Приключения Незнайки на Луне
0.024151436031331592,0.05156657963446475,0.0639686684073107,0.011096605744125326,0.0391644908616188,0.01370757180156658,0.0,0.08028720626631854,0.0026109660574412533,0.06788511749347259,0.12597911227154046,0.037859007832898174,0.2669712793733681,0.030026109660574413,0.0,0.18472584856396868,0.0,Носов,Витя Малеев в школе и дома
0.05486968449931413,0.09373571101966163,0.05258344764517604,0.010973936899862825,0.04069501600365798,0.03337905807041609,0.0013717421124828531,0.18564243255601282,0.007315957933241884,0.0438957475994513,0.07544581618655692,0.017375400091449476,0.211705532693187,0.019204389574759947,0.0,0.1518061271147691,0.0,Носов,Приключения Незнайки на Луне
0.04416666666666667,0.08458333333333333,0.07875,0.009583333333333333,0.045,0.02666666666666667,0.0,0.18125,0.004166666666666667,0.032916666666666664,0.06625,0.0225,0.20833333333333334,0.029583333333333333,0.0,0.16625,0.0,Носов,Приключения Незнайки на Луне
0.06237584425903854,0.08303535955502582,0.06158124751688518,0.018673023440603894,0.03933253873659118,0.027810885975367503,0.001986491855383393,0.16726261422328167,0.0059594755661501785,0.04410011918951132,0.07787048073102901,0.03456495828367104,0.19348430671434247,0.033373063170441,0.0,0.14858959078267778,0.0,Носов,Приключения Незнайки на Луне
0.05727736367202824,0.0851314240878776,0.06433895645351118,0.010592389172224402,0.04315417810906238,0.02863868183601412,0.00039231071008238524,0.1734013338564143,0.014515496273048253,0.03491565319733229,0.0666928207140055,0.032561788936837976,0.20831698705374657,0.02706943899568458,0.0,0.15300117693213025,0.0,Носов,Приключения Незнайки на Луне
0.04087193460490463,0.08610354223433242,0.05449591280653951,0.005994550408719346,0.030517711171662125,0.019618528610354225,0.0038147138964577656,0.14659400544959128,0.008174386920980926,0.048501362397820165,0.0893732970027248,0.043596730245231606,0.25177111716621253,0.013623978201634877,0.0,0.1569482288828338,0.0,Носов,Приключения Незнайки на Луне
0.0722798923490965,0.10342176086120723,0.04382929642445214,0.010765090349865437,0.032679738562091505,0.03537101114955786,0.0,0.22645136485966935,0.010380622837370242,0.028450595924644367,0.0661284121491734,0.03037293348712034,0.17377931564782775,0.02114571318723568,0.0,0.14494425221068818,0.0,Носов,Приключения Незнайки на Луне
0.061241610738255035,0.0738255033557047,0.07046979865771812,0.01552013422818792,0.040687919463087245,0.034395973154362415,0.0,0.17533557046979867,0.0025167785234899327,0.051174496644295304,0.06753355704697987,0.02348993288590604,0.19798657718120805,0.02936241610738255,0.0,0.15645973154362416,0.0,Носов,Приключения Незнайки на Луне
0.0648068669527897,0.08454935622317597,0.045064377682403435,0.012875536480686695,0.03133047210300429,0.0351931330472103,0.0008583690987124463,0.19484978540772532,0.011587982832618025,0.048927038626609444,0.06866952789699571,0.02575107296137339,0.18841201716738198,0.03347639484978541,0.0017167381974248926,0.151931330472103,0.0,Носов,Приключения Незнайки на Луне
0.03000491883915396,0.06296114117068372,0.07771765863256272,0.016724053123462864,0.04082636497786522,0.02016724053123463,0.000983767830791933,0.11903590752582391,0.019675356615838663,0.059517953762911954,0.10231185440236104,0.023610427939006393,0.21790457452041317,0.04426955238563699,0.0,0.16428922774225282,0.0,Носов,Витя Малеев в школе и дома
0.05505761843790013,0.08664105847204438,0.07170294494238157,0.009816474605207,0.04182671788305591,0.026034997865983782,0.0,0.15578318395219803,0.004694835680751174,0.04780196329492104,0.08322663252240717,0.02987622705932565,0.19846350832266324,0.030303030303030304,0.0,0.1587708066581306,0.0,Носов,Приключения Незнайки на Луне
0.03968668407310705,0.06997389033942558,0.07989556135770234,0.007832898172323759,0.0391644908616188,0.022976501305483028,0.0010443864229765013,0.14412532637075717,0.001566579634464752,0.03968668407310705,0.0731070496083551,0.050130548302872065,0.24281984334203655,0.028720626631853787,0.0,0.15926892950391644,0.0,Носов,Приключения Незнайки на Луне
0.03559322033898305,0.08531073446327683,0.05706214689265537,0.005084745762711864,0.03220338983050847,0.020903954802259886,0.0039548022598870055,0.1401129943502825,0.007344632768361582,0.04519774011299435,0.09717514124293786,0.04632768361581921,0.25254237288135595,0.014124293785310734,0.0,0.15706214689265538,0.0,Носов,Приключения Незнайки на Луне
0.054945054945054944,0.09435392194012884,0.042440318302387266,0.015157256536566882,0.029177718832891247,0.03372489579386131,0.00037893141341417203,0.20689655172413793,0.013262599469496022,0.0473664266767715,0.06479727169382342,0.02046229632436529,0.18226600985221675,0.03599848427434634,0.0015157256536566881,0.1572565365668814,0.0,Носов,Приключения Незнайки на Луне
0.061394891944990176,0.07170923379174853,0.06728880157170923,0.018172888015717092,0.03880157170923379,0.03094302554027505,0.002455795677799607,0.15275049115913555,0.0009823182711198428,0.046660117878192534,0.08055009823182711,0.032907662082514735,0.21463654223968565,0.029960707269155205,0.0,0.15078585461689586,0.0,Носов,Приключения Незнайки на Луне
0.023842917251051893,0.0455820476858345,0.06451612903225806,0.004207573632538569,0.028050490883590462,0.009817671809256662,0.0007012622720897616,0.08134642356241234,0.0,0.07994389901823282,0.12342215988779803,0.04067321178120617,0.30434782608695654,0.025245441795231416,0.0,0.16830294530154277,0.0,Носов,Витя Малеев в школе и дома
0.049348230912476726,0.08007448789571694,0.061452513966480445,0.017690875232774673,0.03770949720670391,0.02281191806331471,0.0,0.1634078212290503,0.00558659217877095,0.04702048417132216,0.08519553072625698,0.03584729981378026,0.2122905027932961,0.027932960893854747,0.0,0.15363128491620112,0.0,Носов,Приключения Незнайки на Луне
0.05161818926669398,0.09381401065137239,0.07169192953707497,0.01106104055714871,0.043424825891028265,0.024170421958213846,0.00040966816878328555,0.18639901679639492,0.007374027038099139,0.03441212617779599,0.07046292503072511,0.023351085620647277,0.18025399426464564,0.027857435477263416,0.0,0.17369930356411306,0.0,Носов,Приключения Незнайки на Луне
0.029850746268656716,0.06294613887086307,0.06099935107073329,0.0136275146009085,0.03763789746917586,0.018170019467878003,0.0006489292667099286,0.09214795587280987,0.001946787800129786,0.063595068137573,0.11940298507462686,0.025308241401687217,0.27060350421804025,0.036340038935756006,0.0,0.16677482154445167,0.0,Носов,Витя Малеев в школе и дома
0.05027652086475616,0.07491201608848667,0.0628456510809452,0.00904977375565611,0.05027652086475616,0.017094017094017096,0.0005027652086475615,0.1820010055304173,0.005530417295123178,0.03418803418803419,0.05530417295123177,0.05279034690799397,0.21266968325791855,0.026143790849673203,0.0,0.16641528406234288,0.0,Носов,Приключения Незнайки на Луне
0.036542515811665496,0.054111033028812365,0.054111033028812365,0.004216444132115249,0.016865776528460996,0.016163035839775124,0.004216444132115249,0.1377371749824315,0.022487702037947997,0.050597329585382995,0.09486999297259312,0.03935347856640899,0.2881236823612087,0.022487702037947997,0.0,0.15811665495432187,0.0,Носов,Приключения Незнайки на Луне
0.02857142857142857,0.05772594752186589,0.07521865889212828,0.011078717201166181,0.046064139941690965,0.02857142857142857,0.0011661807580174927,0.1271137026239067,0.0058309037900874635,0.05947521865889213,0.09329446064139942,0.013411078717201166,0.2577259475218659,0.029154518950437316,0.0,0.16559766763848396,0.0,Носов,Витя Малеев в школе и дома
0.04926108374384237,0.08488063660477453,0.055323986358469114,0.00909435392194013,0.03751420992800303,0.03599848427434634,0.0,0.16710875331564987,0.01856763925729443,0.03978779840848806,0.06744979158772262,0.04850322091701402,0.19439181508147024,0.03183023872679045,0.0,0.16028798787419477,0.0,Носов,Приключения Незнайки на Луне
0.04716981132075472,0.07771787960467205,0.08715184186882301,0.009433962264150943,0.03908355795148248,0.0220125786163522,0.0008984725965858042,0.13746630727762804,0.006289308176100629,0.04986522911051213,0.07187780772686433,0.0426774483378257,0.22866127583108714,0.027403414195867025,0.0,0.1522911051212938,0.0,Носов,Приключения Незнайки на Луне
0.03427307904919845,0.09231619679380873,0.07407407407407407,0.003869541182974019,0.028745163073521283,0.02155887230514096,0.001658374792703151,0.17136539524599226,0.004975124378109453,0.03482587064676617,0.06633499170812604,0.03316749585406302,0.24322830292979547,0.02155887230514096,0.0,0.16804864566058597,0.0,Носов,Приключения Незнайки на Луне
0.03587962962962963,0.06655092592592593,0.06365740740740741,0.016203703703703703,0.03819444444444445,0.023726851851851853,0.0005787037037037037,0.13078703703703703,0.012152777777777778,0.05497685185185185,0.09664351851851852,0.02199074074074074,0.2511574074074074,0.028356481481481483,0.0,0.15914351851851852,0.0,Носов,Витя Малеев в школе и дома
0.07992125984251969,0.09133858267716535,0.0578740157480315,0.012992125984251968,0.03818897637795276,0.026771653543307086,0.0007874015748031496,0.1732283464566929,0.015354330708661417,0.03622047244094488,0.07047244094488189,0.025196850393700787,0.18543307086614172,0.028346456692913385,0.0,0.1578740157480315,0.0,Носов,Приключения Незнайки на Луне
0.043227665706051875,0.059077809798270896,0.07829010566762729,0.01585014409221902,0.042747358309317966,0.022574447646493755,0.0009606147934678194,0.12055715658021134,0.006243996157540826,0.060038424591738714,0.09558117195004803,0.029298751200768493,0.23006724303554274,0.034101825168107586,0.0,0.16138328530259366,0.0,Носов,Витя Малеев в школе и дома
0.03746056782334385,0.08083596214511041,0.0804416403785489,0.012618296529968454,0.050473186119873815,0.024842271293375396,0.0,0.15102523659305994,0.006703470031545741,0.050867507886435334,0.09305993690851735,0.028391167192429023,0.1833596214511041,0.04219242902208202,0.0,0.15772870662460567,0.0,Носов,Витя Малеев в школе и дома
0.03395843892549417,0.06487582361885454,0.06791687785098834,0.01013684744044602,0.0451089711099848,0.02382159148504815,0.0010136847440446021,0.13583375570197667,0.005575266092245312,0.05828687278256462,0.1008616320324379,0.03649265078560568,0.22807906741003547,0.027369488089204256,0.0,0.16066903193106943,0.0,Носов,Витя Малеев в школе и дома
0.047081902893575285,0.08190289357528201,0.05100539480137322,0.008827856792545365,0.042177538008827856,0.025993133889161354,0.0004904364884747426,0.17165277096615988,0.010299166257969592,0.04070622854340363,0.07454634624816087,0.033840117704757235,0.21824423737126042,0.022560078469838155,0.0,0.1706718979892104,0.0,Носов,Приключения Незнайки на Луне
0.05406852248394004,0.08618843683083512,0.06209850107066381,0.008565310492505354,0.034796573875803,0.02569593147751606,0.0,0.15203426124197003,0.004817987152034261,0.05299785867237687,0.07869379014989293,0.04122055674518201,0.21680942184154176,0.026231263383297645,0.0,0.15578158458244112,0.0,Носов,Приключения Незнайки на Луне
0.0463302752293578,0.07614678899082569,0.07018348623853211,0.006880733944954129,0.044954128440366975,0.01834862385321101,0.0013761467889908258,0.16422018348623854,0.005045871559633028,0.05504587155963303,0.07706422018348624,0.03577981651376147,0.21972477064220183,0.01926605504587156,0.0,0.1596330275229358,0.0,Носов,Приключения Незнайки на Луне
0.03906622201048118,0.07384468794664126,0.0786088613625536,0.014768937589328252,0.050976655550262026,0.020009528346831826,0.0004764173415912339,0.13577894235350166,0.006193425440686041,0.043353978084802285,0.10195331110052405,0.023344449737970462,0.20962363030014292,0.03763696998570748,0.0,0.16436398284897571,0.0,Носов,Витя Малеев в школе и дома
0.04985213350232361,0.07308829742289819,0.07266582171525138,0.0122517955217575,0.035487959442332066,0.036755386565272496,0.004224757076468103,0.13772708069286016,0.021546261089987327,0.048162230671736375,0.09716941275876637,0.03126320236586396,0.20785804816223066,0.04013519222644698,0.0,0.13181242078580482,0.0,Носов,Приключения Незнайки на Луне
0.012626262626262626,0.04419191919191919,0.07196969696969698,0.004419191919191919,0.036616161616161616,0.010732323232323232,0.0012626262626262627,0.11553030303030302,0.021464646464646464,0.04734848484848485,0.09027777777777778,0.04482323232323232,0.30303030303030304,0.02335858585858586,0.0,0.17234848484848486,0.0,Носов,Витя Малеев в школе и дома
0.04120879120879121,0.09340659340659341,0.05860805860805861,0.0086996336996337,0.03663003663003663,0.027014652014652016,0.0013736263736263737,0.16758241758241757,0.0086996336996337,0.038461538461538464,0.08608058608058608,0.0260989010989011,0.2239010989010989,0.023351648351648352,0.0,0.15888278388278387,0.0,Носов,Приключения Незнайки на Луне
0.05188488042156465,0.0806647750304013,0.06769355492501013,0.009323064450749898,0.041345764085934336,0.02188893392784759,0.0016214025131738954,0.16700445885691123,0.010133765707336847,0.03526550466153223,0.06566680178354277,0.04377786785569518,0.2184839886501824,0.02229428455614106,0.0,0.1629509525739765,0.0,Носов,Приключения Незнайки на Луне
0.04244567963617989,0.07225871652349672,0.07680646791308741,0.00808489135927236,0.03890853966649823,0.024759979787771603,0.0005053057099545225,0.14704396159676605,0.0015159171298635675,0.039413845376452754,0.06670035371399696,0.05305709954522486,0.24103082364830722,0.027286508337544216,0.0,0.16018191005558363,0.0,Носов,Приключения Незнайки на Луне
0.038118410381184104,0.07380373073803731,0.07826439578264396,0.010543390105433901,0.054339010543390104,0.025141930251419302,0.0,0.1654501216545012,0.013787510137875101,0.04866180048661801,0.08313057583130576,0.0202757502027575,0.17964314679643148,0.03203568532035685,0.0,0.17680454176804541,0.0,Носов,Витя Малеев в школе и дома
0.042606516290726815,0.07268170426065163,0.07017543859649122,0.014035087719298246,0.04411027568922306,0.02406015037593985,0.0020050125313283208,0.11578947368421053,0.002506265664160401,0.06817042606516291,0.11027568922305764,0.016541353383458645,0.20852130325814536,0.040100250626566414,0.0,0.16842105263157894,0.0,Носов,Витя Малеев в школе и дома
0.07430213464696224,0.0841543513957307,0.06486042692939245,0.011494252873563218,0.041050903119868636,0.02914614121510673,0.0,0.18555008210180624,0.00451559934318555,0.031609195402298854,0.06280788177339902,0.038998357963875206,0.18842364532019704,0.02832512315270936,0.0,0.15476190476190477,0.0,Носов,Приключения Незнайки на Луне
0.0527437400106553,0.07245604688332445,0.07565263718700053,0.012786361214704315,0.036228023441662226,0.021310602024507193,0.0010655301012253596,0.1241342567927544,0.004794885455514118,0.05487480021310602,0.08684070324986681,0.05061267980820458,0.2349493873201918,0.03462972828982419,0.0,0.13638785295684602,0.0005327650506126798,Носов,Витя Малеев в школе и дома
0.05439330543933055,0.07060669456066945,0.05439330543933055,0.00889121338912134,0.03765690376569038,0.02615062761506276,0.0005230125523012552,0.17102510460251047,0.015690376569037656,0.06171548117154812,0.07688284518828452,0.019351464435146442,0.21652719665271966,0.026673640167364017,0.0,0.15951882845188284,0.0,Носов,Приключения Незнайки на Луне
0.041464728056004305,0.07539041464728057,0.05977382875605816,0.007000538502961767,0.05061927840603123,0.01615508885298869,0.0005385029617662897,0.17985998922994076,0.0059235325794291865,0.03284868066774367,0.05546580506192784,0.05600430802369413,0.21809369951534732,0.025309639203015617,0.0,0.17555196553581046,0.0,Носов,Приключения Незнайки на Луне
0.05833661805281829,0.08316909735908554,0.06543161214032321,0.010248324793062672,0.04256996452502956,0.02837997635001971,0.00039416633819471815,0.1714623571147024,0.011824990145841546,0.034686637761135196,0.06543161214032321,0.03508080409932992,0.21127315727236895,0.027197477335435555,0.0,0.15451320457232953,0.0,Носов,Приключения Незнайки на Луне
0.041603247082699135,0.07356671740233384,0.0776255707762557,0.008117706747843734,0.038559107052257735,0.023338406900050734,0.0005073566717402334,0.14510400811770674,0.0015220700152207,0.04058853373921867,0.06950786402841197,0.05276509386098427,0.24454591577879248,0.0273972602739726,0.0,0.1552511415525114,0.0,Носов,Приключения Незнайки на Луне
0.06684733514001806,0.08536585365853659,0.05103884372177055,0.013550135501355014,0.03297199638663053,0.022131887985546522,0.0013550135501355014,0.2000903342366757,0.009033423667570008,0.03432700993676603,0.06865401987353206,0.024841915085817526,0.21544715447154472,0.018518518518518517,0.00045167118337850043,0.15537488708220415,0.0,Носов,Приключения Незнайки на Луне
0.03471552555448409,0.0467695274831244,0.07087753134040502,0.011089681774349084,0.05110896817743491,0.016875602700096432,0.0009643201542912247,0.1253616200578592,0.07280617164898746,0.048698167791706846,0.08293153326904533,0.017839922854387655,0.2261330761812922,0.03085824493731919,0.0,0.16297010607521698,0.0,Носов,Витя Малеев в школе и дома
0.04806312769010043,0.06886657101865136,0.05738880918220947,0.003586800573888092,0.050932568149210905,0.014347202295552367,0.0007173601147776184,0.17718794835007173,0.0028694404591104736,0.02654232424677188,0.05738880918220947,0.05810616929698709,0.23601147776183645,0.02223816355810617,0.0,0.1757532281205165,0.0,Носов,Приключения Незнайки на Луне
0.053821800090456805,0.0741745816372682,0.06558118498417007,0.010402532790592492,0.04703753957485301,0.019448213478064226,0.0004522840343735866,0.17819990954319312,0.005427408412483039,0.03934871099050204,0.053821800090456805,0.05834464043419267,0.20398009950248755,0.031207598371777476,0.0,0.1587516960651289,0.0,Носов,Приключения Незнайки на Луне
0.04771893025694809,0.0723649711588883,0.05558468799160986,0.013109596224436287,0.04562139486103828,0.024121657052962767,0.0,0.16727844782380702,0.018353434714210803,0.058206607236497114,0.07603565810173046,0.02202412165705296,0.21971683272155218,0.018353434714210803,0.0,0.16151022548505506,0.0,Носов,Приключения Незнайки на Луне
0.058078602620087336,0.0925764192139738,0.05458515283842795,0.010917030567685589,0.03537117903930131,0.030131004366812226,0.0004366812227074236,0.20131004366812227,0.0069868995633187774,0.033624454148471615,0.062882096069869,0.027510917030567687,0.21353711790393012,0.021834061135371178,0.0,0.15021834061135372,0.0,Носов,Приключения Незнайки на Луне
0.047109207708779445,0.0728051391862955,0.06209850107066381,0.01284796573875803,0.03747323340471092,0.028372591006423982,0.0005353319057815846,0.12687366167023553,0.005888650963597431,0.05246252676659529,0.11563169164882227,0.032655246252676656,0.23822269807280513,0.026231263383297645,0.0,0.14079229122055675,0.0,Носов,Витя Малеев в школе и дома
0.049029622063329927,0.07507660878447395,0.05158324821246169,0.007660878447395302,0.03421859039836568,0.033707865168539325,0.0,0.15423901940755874,0.021961184882533197,0.05515832482124617,0.09244126659856997,0.022982635342185902,0.24514811031664965,0.02093973442288049,0.0,0.13585291113381,0.0,Носов,Приключения Незнайки на Луне
0.03653395784543326,0.07072599531615925,0.07962529274004684,0.013583138173302109,0.04871194379391101,0.0234192037470726,0.000936768149882904,0.12224824355971897,0.007494145199063232,0.05105386416861827,0.10866510538641687,0.027166276346604217,0.2107728337236534,0.03887587822014051,0.0,0.16018735362997658,0.0,Носов,Витя Малеев в школе и дома
0.05656424581005587,0.07925977653631285,0.07018156424581005,0.0178072625698324,0.03910614525139665,0.028282122905027934,0.0,0.15782122905027932,0.004888268156424581,0.05342178770949721,0.07053072625698324,0.0356145251396648,0.19797486033519554,0.03840782122905028,0.0,0.15013966480446927,0.0,Носов,Приключения Незнайки на Луне
0.07381729200652529,0.09176182707993474,0.0566884176182708,0.005709624796084829,0.03425774877650897,0.028548123980424143,0.0008156606851549756,0.1859706362153344,0.011827079934747145,0.03792822185970636,0.07096247960848287,0.026101141924959218,0.21125611745513867,0.018760195758564437,0.0,0.14559543230016314,0.0,Носов,Приключения Незнайки на Луне
0.04662379421221865,0.08561093247588425,0.058681672025723476,0.006832797427652733,0.04260450160771704,0.02652733118971061,0.0,0.19332797427652734,0.0044212218649517685,0.03778135048231511,0.07556270096463022,0.02612540192926045,0.19935691318327975,0.028536977491961414,0.0,0.1680064308681672,0.0,Носов,Приключения Незнайки на Луне
0.08389557054854796,0.09240246406570841,0.0551481372836609,0.018773833968905838,0.03872103256086829,0.030800821355236138,0.0,0.19888530360809623,0.007040187738339689,0.031974185978292755,0.05309474919331182,0.04429451452038721,0.1692578468759167,0.02992079788794368,0.0,0.1457905544147844,0.0,Носов,Приключения Незнайки на Луне
0.04058272632674298,0.07596253902185224,0.07440166493236212,0.009885535900104058,0.047866805411030174,0.02081165452653486,0.0,0.1425598335067638,0.004682622268470343,0.041103017689906346,0.08844953173777315,0.03173777315296566,0.22320499479708636,0.030697190426638918,0.0,0.16805411030176898,0.0,Носов,Витя Малеев в школе и дома
0.0746156730408699,0.09748781402324709,0.05586801649793776,0.016497937757780277,0.03524559430071241,0.027371578552680915,0.0003749531308586427,0.22872140982377204,0.00974878140232471,0.033370828646419194,0.05586801649793776,0.02062242219722535,0.16985376827896512,0.02249718785151856,0.0,0.15185601799775028,0.0,Носов,Приключения Незнайки на Луне
0.05312810327706058,0.0858987090367428,0.04220456802383317,0.010923535253227408,0.03326713008937438,0.03426017874875869,0.0004965243296921549,0.16981132075471697,0.007447864945382324,0.04220456802383317,0.0903674280039722,0.03028798411122145,0.21201588877855015,0.023833167825223437,0.0,0.16385302879841113,0.0,Носов,Приключения Незнайки на Луне
0.04333470903838217,0.07593891869583161,0.06851011143210896,0.010317787866281469,0.034667767230705734,0.03549319026000825,0.003714403631861329,0.15146512587701197,0.01939744118860916,0.045810978126289724,0.08790755262071812,0.03755674783326455,0.19645068097399918,0.03879488237721832,0.0,0.15063970284770944,0.0,Носов,Приключения Незнайки на Луне
0.038129822968679075,0.07989105764866092,0.07353608715388107,0.015433499773036768,0.04902405810258738,0.02088061733999092,0.00045392646391284613,0.14480254198819792,0.02723558783477077,0.04584657285519746,0.09305492510213345,0.019064911484339538,0.20926009986382207,0.03495233772128915,0.0,0.1484339536995007,0.0,Носов,Витя Малеев в школе и дома
0.015691007845503924,0.038020519010259504,0.06940253470126735,0.006638503319251659,0.0356065178032589,0.012070006035003017,0.0012070006035003018,0.10259505129752565,0.022329511164755584,0.049487024743512374,0.10138805069402534,0.044055522027761015,0.29631864815932407,0.02896801448400724,0.0,0.17622208811104406,0.0,Носов,Витя Малеев в школе и дома
0.036041189931350116,0.08123569794050343,0.05606407322654462,0.005148741418764302,0.044050343249427915,0.02745995423340961,0.0,0.15846681922196795,0.012013729977116704,0.05148741418764302,0.08237986270022883,0.029748283752860413,0.2408466819221968,0.015446224256292907,0.0,0.15961098398169338,0.0,Носов,Приключения Незнайки на Луне
0.038100820633059786,0.0492379835873388,0.05861664712778429,0.0123094958968347,0.03399765533411489,0.021101992966002344,0.0005861664712778429,0.0873388042203986,0.006447831184056272,0.0738569753810082,0.10550996483001172,0.04865181711606096,0.268464243845252,0.028722157092614303,0.0,0.16705744431418523,0.0,Носов,Витя Малеев в школе и дома
0.06554549374730487,0.08020698576972833,0.0513152220784821,0.00603708495040966,0.028029322984044848,0.02457956015523933,0.0008624407072013799,0.22337214316515738,0.00517464424320828,0.03708495040965933,0.05304010349288486,0.02457956015523933,0.24795170332039673,0.0129366106080207,0.0,0.13928417421302286,0.0,Астафьев,Прокляты и убиты. Книга вторая
0.06461780929866036,0.08786446020488574,0.06461780929866036,0.009850275807722617,0.023246650906225373,0.019306540583136328,0.0015760441292356187,0.20961386918833727,0.005516154452324665,0.02876280535855004,0.05713159968479117,0.019306540583136328,0.2375886524822695,0.01024428684003152,0.0,0.1603624901497242,0.0003940110323089047,Астафьев,Прокляты и убиты. Книга первая
0.07255616272009714,0.08227079538554949,0.051001821493624776,0.003946569520340012,0.03551912568306011,0.026411657559198543,0.0006071645415907711,0.21341833636915605,0.004250151791135397,0.048876745598057075,0.050698239222829386,0.03066180935033394,0.2310261080752884,0.010321797207043109,0.0,0.1384335154826958,0.0,Астафьев,Прокляты и убиты. Книга первая
0.07843880257673361,0.08488063660477453,0.058355437665782495,0.0049261083743842365,0.03751420992800303,0.025009473285335353,0.0,0.20803334596438045,0.008715422508525956,0.042061386888973096,0.04054566123531641,0.029556650246305417,0.21750663129973474,0.02046229632436529,0.0,0.14399393709738537,0.0,Астафьев,Прокляты и убиты. Книга первая
0.05123674911660778,0.07597173144876325,0.04946996466431095,0.00441696113074205,0.038869257950530034,0.02120141342756184,0.001325088339222615,0.18904593639575973,0.003975265017667844,0.037544169611307424,0.04858657243816254,0.028268551236749116,0.2579505300353357,0.01678445229681979,0.0,0.17535335689045936,0.0,Астафьев,Прокляты и убиты. Книга вторая
0.057394473124810205,0.10203461888855148,0.06103856665654418,0.005769814758578804,0.03795930762222897,0.020042514424536896,0.0009110233829334953,0.19921044640145763,0.0030367446097783178,0.04949893713938658,0.04828423929547525,0.03279684178560583,0.22168235651381718,0.016702095353780748,0.0,0.1436380200425144,0.0,Астафьев,Прокляты и убиты. Книга первая
0.05229649840836744,0.08049113233287858,0.05411550704865848,0.004547521600727604,0.045020463847203276,0.015916325602546612,0.002728512960436562,0.1959981809913597,0.006366530241018645,0.04456571168713051,0.0527512505684402,0.030468394724874944,0.2578444747612551,0.01182355616189177,0.00045475216007276033,0.1446111869031378,0.0,Астафьев,Прокляты и убиты. Книга вторая
0.074817023583627,0.09162374627270263,0.05069124423963134,0.00433721875847113,0.04011927351585796,0.02358362699918677,0.0,0.226890756302521,0.007590132827324478,0.04337218758471131,0.03849281648143128,0.032800216860937925,0.21062618595825428,0.013824884792626729,0.0,0.14095960965031173,0.0002710761724044456,Астафьев,Прокляты и убиты. Книга первая
0.07357307819201583,0.08907951171230617,0.057406796436819535,0.0059386341141537445,0.033322335862751566,0.015506433520290333,0.0,0.21049158693500494,0.001649620587264929,0.03134279115803365,0.050808314087759814,0.024084460574067965,0.23853513691850875,0.011547344110854504,0.0,0.15638403167271528,0.0003299241174529858,Астафьев,Прокляты и убиты. Книга первая
0.059478260869565217,0.0911304347826087,0.060521739130434786,0.00591304347826087,0.03269565217391304,0.022608695652173914,0.00034782608695652176,0.21530434782608696,0.0020869565217391303,0.03373913043478261,0.04695652173913043,0.02017391304347826,0.24417391304347827,0.011130434782608696,0.0,0.1537391304347826,0.0,Астафьев,Прокляты и убиты. Книга вторая
0.06611039794608473,0.08857509627727857,0.06258023106546855,0.009306803594351733,0.031450577663671375,0.02053915275994865,0.0012836970474967907,0.19801026957638,0.008664955070603338,0.036585365853658534,0.055198973042362,0.022464698331193838,0.23940949935815148,0.011553273427471117,0.0,0.14794608472400514,0.00032092426187419767,Астафьев,Прокляты и убиты. Книга первая
0.06935332708528585,0.08247422680412371,0.060449859418931585,0.004217432052483599,0.030927835051546393,0.023898781630740395,0.0009372071227741331,0.18744142455482662,0.005623242736644799,0.04076850984067479,0.05576382380506092,0.019681349578256794,0.25585754451733833,0.013120899718837863,0.0,0.14948453608247422,0.0,Астафьев,Прокляты и убиты. Книга вторая
0.09115281501340483,0.09294012511170688,0.05719392314566577,0.006255585344057194,0.03783139708072684,0.020554066130473638,0.0005957700327673518,0.24247840333631218,0.002680965147453083,0.031575811736669644,0.03485254691689008,0.019064641048555257,0.2052427762883527,0.012809055704498064,0.0,0.14387846291331546,0.0008936550491510277,Астафьев,Прокляты и убиты. Книга вторая
0.07197735543873837,0.07763849575414476,0.059037606146380914,0.011322280630812778,0.03881924787707238,0.02668823291548726,0.0004043671653861706,0.1940962393853619,0.010109179134654266,0.05620703598867772,0.05620703598867772,0.027092600080873434,0.22199757379700769,0.01981399110392236,0.0,0.12858875859280228,0.0,Астафьев,Прокляты и убиты. Книга первая
0.07105263157894737,0.0931578947368421,0.05789473684210526,0.007368421052631579,0.04026315789473684,0.02026315789473684,0.0002631578947368421,0.22052631578947368,0.0034210526315789475,0.03710526315789474,0.04078947368421053,0.021052631578947368,0.21894736842105264,0.018157894736842106,0.0,0.14973684210526317,0.0,Астафьев,Прокляты и убиты. Книга вторая
0.04833963850357293,0.08238755779739386,0.05926860025220681,0.0058848255569567045,0.03530895334174023,0.013871374527112233,0.0012610340479192938,0.21185372005044137,0.008406893652795292,0.03530895334174023,0.047078604455653636,0.022278268179907523,0.2614543926019336,0.009667927700714587,0.0,0.15762925598991173,0.0,Астафьев,Прокляты и убиты. Книга вторая
0.04623376623376623,0.06909090909090909,0.05454545454545454,0.005714285714285714,0.03168831168831169,0.026493506493506493,0.0015584415584415584,0.16363636363636364,0.003116883116883117,0.04987012987012987,0.08155844155844155,0.0374025974025974,0.26857142857142857,0.016103896103896103,0.0,0.1444155844155844,0.0,Астафьев,Прокляты и убиты. Книга вторая
0.0734375,0.089453125,0.05859375,0.0046875,0.04609375,0.023828125,0.00078125,0.2203125,0.005078125,0.042578125,0.04296875,0.01875,0.221875,0.01875,0.0,0.1328125,0.0,Астафьев,Прокляты и убиты. Книга вторая
0.06672961913755115,0.1022977651872836,0.05476864966949953,0.00881334592382751,0.039660056657223795,0.023921938936103244,0.0012590494176896443,0.2102612527541706,0.0056657223796034,0.04060434372049103,0.04658482845451684,0.03808624488511174,0.20837267862763614,0.0113314447592068,0.0,0.141643059490085,0.0,Астафьев,Прокляты и убиты. Книга первая
0.040657834627683874,0.08131566925536775,0.06395614435815442,0.004111466423024212,0.03334856098675194,0.01827318410232983,0.0,0.20420283234353587,0.00548195523069895,0.04431247144814984,0.060758337140246685,0.02832343535861124,0.25216994061215164,0.01187756966651439,0.0,0.15121059844677937,0.0,Астафьев,Прокляты и убиты. Книга вторая
0.07436182019977802,0.08740288568257491,0.049389567147613764,0.005271920088790233,0.034683684794672584,0.02719200887902331,0.0005549389567147614,0.21947835738068813,0.005826859045504994,0.046892341842397336,0.04550499445061043,0.019145394006659266,0.23501664816870144,0.013318534961154272,0.0,0.13596004439511652,0.0,Астафьев,Прокляты и убиты. Книга первая
0.06907894736842106,0.08991228070175439,0.059484649122807015,0.008223684210526315,0.03125,0.02823464912280702,0.001644736842105263,0.20038377192982457,0.007949561403508772,0.046052631578947366,0.05180921052631579,0.02549342105263158,0.2236842105263158,0.01425438596491228,0.0,0.14226973684210525,0.00027412280701754384,Астафьев,Прокляты и убиты. Книга первая
0.04153354632587859,0.07135250266240682,0.051118210862619806,0.0026624068157614484,0.023961661341853034,0.013312034078807242,0.007454739084132056,0.23322683706070288,0.001597444089456869,0.027689030883919063,0.051118210862619806,0.03407880724174654,0.2731629392971246,0.012247071352502662,0.0,0.15069222577209798,0.004792332268370607,Астафьев,Прокляты и убиты. Книга вторая
0.05827263267429761,0.07960457856399583,0.05567117585848075,0.006763787721123829,0.03329864724245578,0.03485952133194589,0.005723204994797087,0.1935483870967742,0.010926118626430802,0.051508844953173774,0.06191467221644121,0.02133194588969823,0.24193548387096775,0.013527575442247659,0.0,0.13111342351716962,0.0,Астафьев,Прокляты и убиты. Книга вторая
0.056133056133056136,0.08773388773388774,0.04948024948024948,0.009147609147609148,0.0340956340956341,0.020374220374220375,0.0008316008316008316,0.1837837837837838,0.004158004158004158,0.05571725571725572,0.06153846153846154,0.025363825363825365,0.27484407484407486,0.014553014553014554,0.0,0.12182952182952184,0.0004158004158004158,Астафьев,Прокляты и убиты. Книга вторая
0.06716110424392253,0.08117016893283889,0.05067985166872682,0.004532344458178822,0.0288421920065925,0.0288421920065925,0.0012360939431396785,0.21714050267820353,0.004944375772558714,0.0407911001236094,0.05150391429748661,0.023485784919653894,0.24515863205603625,0.011948908117016894,0.0,0.14256283477544293,0.0,Астафьев,Прокляты и убиты. Книга вторая
0.07510227936879019,0.08328462887200468,0.052308591466978374,0.004383401519579193,0.03565166569257744,0.029807130333138514,0.0005844535359438924,0.21566335476329632,0.005260081823495032,0.04821741671537113,0.04441846873173583,0.03009935710111046,0.22238457042665108,0.013734658094681473,0.0,0.13909994155464642,0.0,Астафьев,Прокляты и убиты. Книга первая
0.06938202247191011,0.09325842696629214,0.05308988764044944,0.0064606741573033704,0.039606741573033705,0.019662921348314606,0.0016853932584269663,0.22303370786516855,0.0064606741573033704,0.04073033707865169,0.04915730337078652,0.016292134831460674,0.21376404494382023,0.017696629213483146,0.0002808988764044944,0.149438202247191,0.0,Астафьев,Прокляты и убиты. Книга вторая
0.07895517957850995,0.08281389136242208,0.05609973285841496,0.0050460077174235675,0.032353814188186406,0.024339566636984267,0.0005936479667557139,0.2383496586524191,0.005342831700801425,0.04541406945681211,0.04007123775601069,0.0213713268032057,0.20777678836449986,0.01810626298604927,0.0,0.14277233600474917,0.0005936479667557139,Астафьев,Прокляты и убиты. Книга вторая
0.050505050505050504,0.07597716293368467,0.057971014492753624,0.005709266578831796,0.030742204655248132,0.01756697408871322,0.001756697408871322,0.18533157663592445,0.003513394817742644,0.046991655687307864,0.06938954765041722,0.028985507246376812,0.2652613087395696,0.014053579270970576,0.0,0.14492753623188406,0.0013175230566534915,Астафьев,Прокляты и убиты. Книга вторая
0.05430932703659976,0.07703659976387249,0.0602125147579693,0.00678866587957497,0.04073199527744982,0.02538370720188902,0.0023612750885478157,0.19391971664698937,0.005312868949232586,0.047225501770956316,0.05489964580873672,0.030991735537190084,0.23494687131050768,0.011511216056670602,0.0,0.15436835891381345,0.0,Астафьев,Прокляты и убиты. Книга первая
0.06494845360824743,0.09381443298969072,0.058762886597938144,0.008247422680412371,0.030240549828178694,0.02027491408934708,0.0006872852233676976,0.21958762886597938,0.004467353951890034,0.0429553264604811,0.04020618556701031,0.031958762886597936,0.21958762886597938,0.013745704467353952,0.0,0.15051546391752577,0.0,Астафьев,Прокляты и убиты. Книга первая
0.055944055944055944,0.09294871794871795,0.05419580419580419,0.004953379953379953,0.0337995337995338,0.020687645687645688,0.0020396270396270395,0.21824009324009325,0.004953379953379953,0.03350815850815851,0.04312354312354312,0.048659673659673656,0.22348484848484848,0.013694638694638694,0.0,0.14947552447552448,0.0002913752913752914,Астафьев,Прокляты и убиты. Книга первая
0.07147239263803681,0.09631901840490797,0.05429447852760736,0.003987730061349694,0.0343558282208589,0.027607361963190184,0.00030674846625766873,0.2361963190184049,0.0049079754601227,0.03680981595092025,0.0392638036809816,0.022085889570552148,0.2174846625766871,0.013496932515337423,0.0,0.1411042944785276,0.00030674846625766873,Астафьев,Прокляты и убиты. Книга вторая
0.08643152208452494,0.10168414362885288,0.05401970130282809,0.005084207181442644,0.0374960279631395,0.022243406418811566,0.0006355258976803305,0.21734985700667303,0.0060374960279631395,0.04003813155386082,0.042897998093422304,0.025738798856053385,0.21099459802986972,0.014934858595487766,0.0,0.13409596441054972,0.00031776294884016526,Астафьев,Прокляты и убиты. Книга первая
0.06428571428571428,0.08975155279503105,0.055279503105590065,0.004658385093167702,0.040683229813664595,0.02298136645962733,0.0,0.20372670807453416,0.005279503105590062,0.04565217391304348,0.04161490683229813,0.02298136645962733,0.22981366459627328,0.018012422360248446,0.0,0.15527950310559005,0.0,Астафьев,Прокляты и убиты. Книга вторая
0.06920821114369502,0.09941348973607038,0.0563049853372434,0.006744868035190616,0.03225806451612903,0.020527859237536656,0.0017595307917888563,0.22991202346041056,0.005865102639296188,0.032551319648093845,0.046041055718475075,0.02404692082111437,0.21964809384164222,0.011730205278592375,0.0,0.1439882697947214,0.0,Астафьев,Прокляты и убиты. Книга первая
0.04765718862635162,0.07649179014817781,0.059271125350420506,0.005206247496996396,0.03364036844213056,0.01922306768121746,0.0012014417300760913,0.2002402883460152,0.004805766920304365,0.0460552663195835,0.07168602322787344,0.022827392871445733,0.24989987985582698,0.015618742490989187,0.0,0.1461754104925911,0.0,Астафьев,Прокляты и убиты. Книга вторая
0.07687741169486495,0.0902344909468685,0.051350549124369246,0.006530127634312852,0.037102997922232116,0.026714158504007122,0.0011872959335114278,0.22202433956663697,0.010388839418224993,0.03532205402196498,0.03888394182249926,0.031166518254674976,0.21757197981596912,0.010982487384980706,0.0,0.1433659839715049,0.00029682398337785694,Астафьев,Прокляты и убиты. Книга первая
0.06740896780018056,0.09238639783328317,0.06470057177249473,0.004814926271441469,0.04213060487511285,0.017454107733975325,0.0006018657839301836,0.23623232019259705,0.007523322299127295,0.027986758952753536,0.043033403551008126,0.012639181462533854,0.22178754137827264,0.012639181462533854,0.0,0.14775804995486005,0.0009027986758952753,Астафьев,Прокляты и убиты. Книга вторая
0.0777292576419214,0.09694323144104804,0.04425036390101892,0.004657933042212519,0.03580786026200873,0.020087336244541485,0.0008733624454148472,0.23726346433770015,0.00960698689956332,0.033770014556040756,0.02911208151382824,0.033478893740902474,0.21280931586608443,0.013973799126637555,0.0,0.14963609898107716,0.0,Астафьев,Прокляты и убиты. Книга вторая
0.06552706552706553,0.08262108262108261,0.05291005291005291,0.006512006512006512,0.032153032153032154,0.024013024013024013,0.000407000407000407,0.199023199023199,0.004477004477004477,0.04192104192104192,0.0468050468050468,0.030118030118030117,0.2498982498982499,0.015059015059015059,0.000407000407000407,0.14774114774114774,0.000407000407000407,Астафьев,Прокляты и убиты. Книга вторая
0.06276901004304161,0.09720229555236728,0.06133428981348637,0.006097560975609756,0.03299856527977044,0.021162123385939743,0.0003586800573888092,0.2234576757532281,0.006097560975609756,0.0390961262553802,0.03766140602582496,0.015423242467718794,0.22812051649928264,0.01757532281205165,0.0,0.15064562410329985,0.0,Астафьев,Прокляты и убиты. Книга первая
0.06886446886446887,0.08498168498168499,0.05347985347985348,0.004761904761904762,0.03333333333333333,0.025274725274725275,0.001098901098901099,0.20659340659340658,0.005128205128205128,0.041025641025641026,0.05274725274725275,0.027106227106227107,0.23333333333333334,0.013553113553113554,0.0,0.14835164835164835,0.0003663003663003663,Астафьев,Прокляты и убиты. Книга первая
0.05359001040582726,0.08636836628511967,0.057752341311134235,0.007804370447450572,0.03173777315296566,0.01768990634755463,0.003121748178980229,0.20915712799167535,0.004162330905306972,0.04318418314255983,0.04734651404786681,0.02861602497398543,0.24869927159209157,0.019250780437044746,0.0,0.14151925078043703,0.0,Астафьев,Прокляты и убиты. Книга вторая
0.0823980290172461,0.09280043799616754,0.055844511360525595,0.009033670955379141,0.0405146454968519,0.02272105119080208,0.0005474952094169176,0.22912674514098003,0.004927456884752259,0.0372296742403504,0.04598959759102108,0.01834108951546674,0.2080481795784287,0.016972351491924446,0.0,0.1355050643306871,0.0,Астафьев,Прокляты и убиты. Книга вторая
0.06582952815829528,0.08751902587519025,0.05593607305936073,0.010273972602739725,0.03462709284627093,0.016362252663622526,0.0015220700152207,0.2104261796042618,0.00532724505327245,0.04033485540334855,0.0410958904109589,0.02207001522070015,0.2408675799086758,0.0136986301369863,0.000380517503805175,0.1537290715372907,0.0,Астафьев,Прокляты и убиты. Книга вторая
0.06564337034617897,0.09372958850424559,0.05094709340300457,0.0062050947093403004,0.04212932723709994,0.021881123448726322,0.0,0.20215545395166556,0.005878510777269758,0.04866100587851078,0.045068582625734814,0.024820378837361202,0.22664924885695623,0.018288700195950358,0.0,0.1479425212279556,0.0,Астафьев,Прокляты и убиты. Книга вторая
0.06916221033868093,0.08057040998217468,0.054901960784313725,0.004991087344028521,0.03493761140819964,0.027450980392156862,0.00071301247771836,0.20392156862745098,0.004634581105169341,0.047415329768270946,0.05169340463458111,0.029590017825311943,0.23351158645276293,0.012477718360071301,0.0,0.14367201426024956,0.00035650623885918,Астафьев,Прокляты и убиты. Книга первая
0.07336108220603538,0.0876690946930281,0.05489073881373569,0.005463059313215401,0.03355879292403746,0.024713839750260147,0.0026014568158168575,0.21279916753381894,0.005983350676378772,0.036160249739854315,0.04760665972944849,0.026014568158168574,0.2187825182101977,0.018210197710718003,0.0,0.15218522372528617,0.0,Астафьев,Прокляты и убиты. Книга вторая
0.07029548989113531,0.0942457231726283,0.05598755832037325,0.004665629860031105,0.03452566096423017,0.026749611197511663,0.00031104199066874026,0.23048211508553654,0.004976671850699844,0.039191290824261274,0.041990668740279936,0.021150855365474338,0.21804043545878693,0.013996889580093312,0.0,0.14339035769828926,0.0,Астафьев,Прокляты и убиты. Книга вторая
0.05728900255754476,0.08081841432225063,0.05524296675191816,0.009718670076726343,0.03989769820971867,0.019948849104859334,0.0020460358056265983,0.189769820971867,0.0035805626598465474,0.052685421994884914,0.05217391304347826,0.037340153452685425,0.24705882352941178,0.023529411764705882,0.0,0.1289002557544757,0.0,Астафьев,Прокляты и убиты. Книга вторая
0.07776049766718507,0.10212545360290305,0.054173146708138935,0.005184033177812338,0.03862104717470192,0.01866251944012442,0.0015552099533437014,0.23846552617936756,0.00673924313115604,0.045360290305857955,0.038102643856920686,0.025401762571280455,0.20010368066355624,0.01425609123898393,0.0,0.1332296526697771,0.0002592016588906169,Астафьев,Прокляты и убиты. Книга первая
0.04504504504504504,0.07780507780507781,0.06183456183456183,0.006552006552006552,0.0343980343980344,0.019246519246519246,0.0012285012285012285,0.2018837018837019,0.005323505323505323,0.045454545454545456,0.06552006552006552,0.02620802620802621,0.24692874692874692,0.013104013104013105,0.0,0.14946764946764945,0.0,Астафьев,Прокляты и убиты. Книга вторая
0.056978233034571064,0.07778489116517286,0.05857874519846351,0.005441741357234315,0.03137003841229193,0.026568501920614596,0.0019206145966709346,0.19174135723431499,0.006722151088348271,0.046094750320102434,0.06081946222791293,0.026248399487836107,0.24743918053777209,0.01440460947503201,0.0,0.14756722151088347,0.0003201024327784891,Астафьев,Прокляты и убиты. Книга первая
0.04932343954604976,0.08380619816673941,0.054124836316019206,0.0030554343081623746,0.03753819292885203,0.01920558707987778,0.002182453077258839,0.19816673941510257,0.006110868616324749,0.032300305543430816,0.044522042776080316,0.027935399388913137,0.25185508511567,0.018769096464426014,0.0,0.1693583587952859,0.001745962461807071,Астафьев,Прокляты и убиты. Книга вторая
0.05852090032154341,0.09196141479099679,0.057556270096463025,0.00482315112540193,0.04051446945337621,0.02090032154340836,0.0006430868167202572,0.23344051446945338,0.009967845659163987,0.036655948553054665,0.03376205787781351,0.01607717041800643,0.22282958199356914,0.015755627009646302,0.0003215434083601286,0.1562700964630225,0.0,Астафьев,Прокляты и убиты. Книга вторая
0.05955143078112916,0.088553750966744,0.056071152358855375,0.007347254447022429,0.033255993812838364,0.022041763341067284,0.001160092807424594,0.19296210363495747,0.0038669760247486465,0.044470224284609436,0.0568445475638051,0.02668213457076566,0.25638051044083526,0.009280742459396751,0.0,0.14153132250580047,0.0,Астафьев,Прокляты и убиты. Книга первая
0.06097560975609756,0.09393539881344759,0.05932762030323006,0.0065919578114700065,0.036585365853658534,0.025049439683586024,0.000988793671720501,0.19578114700065918,0.002966381015161503,0.04976928147659855,0.05174686882003955,0.030652603823335532,0.23895847066578774,0.01120632827949901,0.0,0.13546473302570863,0.0,Астафьев,Прокляты и убиты. Книга первая
0.07288449660284126,0.08400247066090179,0.054354539839407044,0.010500308832612723,0.0423100679431748,0.02378011117974058,0.00030883261272390367,0.21556516368128475,0.004941321803582459,0.04014823965410747,0.044471896232242125,0.02130945027794935,0.21865348980852378,0.017294626312538603,0.0,0.14947498455836936,0.0,Астафьев,Прокляты и убиты. Книга вторая
0.07197696737044146,0.09245041586692258,0.05694177863083813,0.005118362124120281,0.030710172744721688,0.020473448496481125,0.001599488163787588,0.22264875239923224,0.0028790786948176585,0.029750479846449136,0.044145873320537425,0.026551503518873962,0.23000639795265515,0.015035188739603326,0.0,0.14971209213051823,0.0,Астафьев,Прокляты и убиты. Книга первая
0.06645056726094004,0.09157212317666126,0.05956239870340357,0.007698541329011345,0.030388978930307942,0.023095623987034037,0.0012155591572123178,0.2025931928687196,0.0028363047001620746,0.04578606158833063,0.04578606158833063,0.034440842787682335,0.2240680713128039,0.014991896272285251,0.0,0.14951377633711507,0.0,Астафьев,Прокляты и убиты. Книга первая
0.07118819570282164,0.09552161532487703,0.05384416256795237,0.005436189490033653,0.034170333937354386,0.025368884286823712,0.0020709293295366298,0.2174475796013461,0.008283717318146519,0.0352057986021227,0.04348951592026922,0.028216412114936577,0.21822417809992234,0.019414962464405904,0.0,0.1421175252394512,0.0,Астафьев,Прокляты и убиты. Книга вторая
0.0661189358372457,0.09194053208137715,0.05594679186228482,0.008215962441314555,0.022300469483568074,0.014475743348982786,0.000782472613458529,0.22730829420970267,0.004694835680751174,0.027777777777777776,0.048513302034428794,0.023082942097026604,0.23591549295774647,0.01134585289514867,0.0,0.16158059467918623,0.0,Астафьев,Прокляты и убиты. Книга первая
0.07185273159144893,0.09560570071258907,0.05641330166270784,0.005344418052256532,0.029097387173396674,0.022268408551068885,0.0002969121140142518,0.22179334916864607,0.0056413301662707836,0.04067695961995249,0.040973871733966744,0.013064133016627079,0.23812351543942992,0.012470308788598575,0.0,0.14637767220902612,0.0,Астафьев,Прокляты и убиты. Книга первая
0.04722343681679055,0.08876257105378224,0.048535198950590296,0.007433318758198513,0.029733275032794052,0.015741145605596852,0.00043725404459991256,0.19632706602536074,0.007870572802798426,0.04984696108439003,0.048097944905990384,0.03541757761259292,0.264975951027547,0.013992129427197202,0.0,0.14516834280717097,0.00043725404459991256,Астафьев,Прокляты и убиты. Книга вторая
0.047872340425531915,0.07934397163120567,0.05806737588652482,0.0017730496453900709,0.02969858156028369,0.015957446808510637,0.003989361702127659,0.22163120567375885,0.004875886524822695,0.028368794326241134,0.04299645390070922,0.034574468085106384,0.24867021276595744,0.013297872340425532,0.0,0.16666666666666666,0.002216312056737589,Астафьев,Прокляты и убиты. Книга вторая
0.08210332103321033,0.0996309963099631,0.047355473554735544,0.007380073800738007,0.03413284132841329,0.026445264452644526,0.0009225092250922509,0.23154981549815498,0.007380073800738007,0.034747847478474786,0.04212792127921279,0.025215252152521524,0.2054120541205412,0.015375153751537515,0.0,0.14022140221402213,0.0,Астафьев,Прокляты и убиты. Книга первая
0.05545552754771336,0.08138278718041052,0.054375225063017646,0.005401512423478574,0.045732805185451926,0.019085343896290963,0.0010803024846957148,0.19985595966870723,0.007202016564638099,0.037090385307886206,0.052934821750090025,0.02124594886568239,0.24414836154123154,0.011883327331652862,0.0,0.16312567518905294,0.0,Астафьев,Прокляты и убиты. Книга вторая
0.07576571735626007,0.09269210102095647,0.05158516926383665,0.003492745835572273,0.033584094572810315,0.026329930145083287,0.0005373455131649651,0.2243417517463729,0.005910800644814616,0.04110693175711983,0.04137560451370231,0.016657710908113917,0.2337452982267598,0.013702310585706609,0.0,0.13917248790972594,0.0,Астафьев,Прокляты и убиты. Книга первая
0.07747747747747748,0.1009009009009009,0.05353925353925354,0.004890604890604891,0.039382239382239385,0.01904761904761905,0.0015444015444015444,0.23655083655083656,0.0066924066924066924,0.0453024453024453,0.03758043758043758,0.026254826254826256,0.2023166023166023,0.014157014157014158,0.0,0.1341055341055341,0.0002574002574002574,Астафьев,Прокляты и убиты. Книга первая
0.07067812798471824,0.08595988538681948,0.05921680993314231,0.004297994269340974,0.03390639923591213,0.02005730659025788,0.0009551098376313276,0.1876790830945559,0.004775549188156638,0.04011461318051576,0.055396370582617004,0.026743075453677174,0.2502387774594078,0.015281757402101241,0.0,0.14469914040114612,0.0,Астафьев,Прокляты и убиты. Книга вторая
0.05867530597552196,0.08171346292296616,0.05183585313174946,0.004679625629949604,0.040676745860331175,0.021958243340532757,0.0014398848092152627,0.1925845932325414,0.004319654427645789,0.037437005039596835,0.05543556515478762,0.02267818574514039,0.24118070554355653,0.013678905687544997,0.0,0.1717062634989201,0.0,Астафьев,Прокляты и убиты. Книга вторая
0.053691275167785234,0.0800575263662512,0.05656759348034516,0.003355704697986577,0.037392138063279005,0.020134228187919462,0.0014381591562799617,0.20613614573346117,0.0019175455417066154,0.038350910834132314,0.04410354745925216,0.03451581975071908,0.26318312559923296,0.014860977948226271,0.0,0.14429530201342283,0.0,Астафьев,Прокляты и убиты. Книга вторая
0.07568169170840289,0.09237618252643294,0.06483027267668336,0.007512520868113523,0.038953811908736785,0.017807456872565387,0.0008347245409015025,0.22092376182526433,0.007234279354479688,0.037006121313299944,0.033667223149693934,0.02003338898163606,0.223149693934335,0.014468558708959377,0.0,0.14524207011686144,0.0002782415136338342,Астафьев,Прокляты и убиты. Книга первая
0.08822212270488132,0.09762651141961487,0.05508284818629646,0.006717420510523959,0.04097626511419615,0.025302283922973578,0.0011195700850873264,0.2304075235109718,0.00806090461262875,0.039632781012091355,0.03896103896103896,0.01903269144648455,0.19771607702642185,0.014554411106135244,0.0,0.13658755038065382,0.0,Астафьев,Прокляты и убиты. Книга первая
0.06523681858802502,0.09115281501340483,0.05540661304736372,0.0065534703604408695,0.040214477211796246,0.022937146261543043,0.0032767351802204347,0.21715817694369974,0.006255585344057194,0.04289544235924933,0.0506404527852249,0.019064641048555257,0.21775394697646708,0.01757521596663688,0.0,0.14387846291331546,0.0,Астафьев,Прокляты и убиты. Книга вторая
0.056499261447562774,0.08751846381093058,0.05391432791728213,0.007016248153618907,0.033973412112259974,0.021048744460856722,0.001846381093057607,0.20827178729689808,0.0051698670605613,0.03914327917282127,0.053175775480059084,0.02880354505169867,0.2378138847858198,0.014401772525849335,0.0,0.15140324963072377,0.0,Астафьев,Прокляты и убиты. Книга вторая
0.056568196103079824,0.09962287869264613,0.05562539283469516,0.004085480829666876,0.033626649905719674,0.018541797611565054,0.0018856065367693275,0.21464487743557512,0.008799497171590195,0.03048397234443746,0.041483343808925204,0.04085480829666876,0.22564424890006285,0.01571338780641106,0.0,0.15210559396605908,0.00031426775612822125,Астафьев,Прокляты и убиты. Книга первая
0.05764224618817404,0.08478988471550762,0.055410933432502786,0.005950167348456675,0.03384157679434734,0.02008181480104128,0.0014875418371141688,0.20899962811454073,0.005578281889178133,0.039791744142804016,0.050948307921160285,0.027891409445890667,0.2368910375604314,0.015619189289698772,0.0,0.1550762365191521,0.0,Астафьев,Прокляты и убиты. Книга вторая
0.07392996108949416,0.08769829392397485,0.05627057767135588,0.005686920083807243,0.03412152050284346,0.022747680335228972,0.001197246333433104,0.21580365160131698,0.006884166417240347,0.03711463633642622,0.042202933253516914,0.03412152050284346,0.22478299910206526,0.010475905417539658,0.0,0.1469619874289135,0.0,Астафьев,Прокляты и убиты. Книга первая
0.07621063773485048,0.09208785392961101,0.05001323101349563,0.004763164858428155,0.03995766075681397,0.023021963482402753,0.0010584810796507012,0.22863191320455148,0.0074093675575549085,0.0428684837258534,0.037840698597512566,0.03254829319925907,0.20984387404075153,0.013760254035459116,0.0,0.13971950251389256,0.0002646202699126753,Астафьев,Прокляты и убиты. Книга первая
0.07796700372538584,0.09419904204364024,0.05960617349654071,0.0055880787653006915,0.04443853113358169,0.022352315061202766,0.0005321979776476849,0.23656200106439595,0.005321979776476849,0.03166577967003725,0.04177754124534327,0.016232038318254392,0.20303352847259182,0.014103246407663651,0.0,0.1466205428419372,0.0,Астафьев,Прокляты и убиты. Книга вторая
0.07645170703238985,0.09104172745841844,0.053691275167785234,0.003793405310767435,0.04231105923548293,0.02130142982200175,0.0017508024511234317,0.22381091333527867,0.01050481470674059,0.029471841260577766,0.047855266997373795,0.016924423694193173,0.21972570761599067,0.0166326232856726,0.0,0.1444412022176831,0.0002918004085205719,Астафьев,Прокляты и убиты. Книга вторая
0.08255628837843984,0.09460996133727541,0.05526495337730271,0.007050261541960427,0.03161246304298385,0.020241073459176712,0.00045485558335228563,0.23652490334318854,0.006595405958608142,0.03707073004321128,0.04002729133500114,0.016147373209006142,0.20900614055037525,0.01364566750056857,0.00022742779167614282,0.1487377757561974,0.00022742779167614282,Астафьев,Прокляты и убиты. Книга первая
0.06531365313653137,0.08929889298892989,0.057564575645756455,0.006273062730627306,0.036531365313653134,0.023616236162361623,0.0025830258302583027,0.1981549815498155,0.0033210332103321034,0.03911439114391144,0.05571955719557196,0.03284132841328413,0.22103321033210332,0.017712177121771217,0.0,0.15092250922509226,0.0,Астафьев,Прокляты и убиты. Книга вторая
0.041979010494752625,0.06696651674162919,0.04897551224387806,0.0034982508745627187,0.022488755622188907,0.01249375312343828,0.006496751624187906,0.248375812093953,0.001999000499750125,0.028985507246376812,0.05147426286856572,0.031484257871064465,0.27136431784107945,0.01199400299850075,0.0,0.14592703648175911,0.005497251374312844,Астафьев,Прокляты и убиты. Книга вторая
0.07160292921074043,0.0886899918633035,0.06509357200976404,0.004475183075671277,0.03213995117982099,0.023596419853539462,0.0020341741253051262,0.21074043938161108,0.006916192026037429,0.04109031733116355,0.0467860048820179,0.03580146460537022,0.22335231895850285,0.018307567127746133,0.0,0.12937347436940602,0.0,Астафьев,Прокляты и убиты. Книга вторая
0.06622930334270541,0.08903467666354264,0.06341768197438301,0.008747266479225243,0.029678225554514215,0.022492970946579195,0.0021868166198063107,0.1999375195251484,0.008122461730709154,0.03811308965948141,0.05310840362386754,0.021243361449547016,0.2386754139331459,0.012496094970321775,0.0,0.14620431115276475,0.00031240237425804435,Астафьев,Прокляты и убиты. Книга первая
0.07177033492822966,0.09599282296650717,0.056818181818181816,0.005382775119617225,0.02930622009569378,0.021830143540669856,0.0002990430622009569,0.22039473684210525,0.005681818181818182,0.04066985645933014,0.04126794258373206,0.013157894736842105,0.23803827751196172,0.012559808612440191,0.0,0.14683014354066987,0.0,Астафьев,Прокляты и убиты. Книга первая
0.05146476642913698,0.09540775930324624,0.055027711797308,0.00395882818685669,0.03760886777513856,0.023357086302454474,0.001583531274742676,0.20308788598574823,0.0055423594615993665,0.047110055423594616,0.04275534441805225,0.04196357878068092,0.23713380839271575,0.013460015835312747,0.0,0.1405384006334125,0.0,Астафьев,Прокляты и убиты. Книга вторая
0.06806775407779173,0.09096612296110414,0.05520702634880803,0.0040777917189460475,0.03513174404015056,0.026662484316185696,0.0015683814303638645,0.21549560853199498,0.005018820577164366,0.038268506900878296,0.04893350062735257,0.020075282308657464,0.23400250941028858,0.014115432873274781,0.0,0.14178168130489335,0.0006273525721455458,Астафьев,Прокляты и убиты. Книга первая
0.07611241217798595,0.09309133489461359,0.04800936768149883,0.00819672131147541,0.03337236533957846,0.02224824355971897,0.00117096018735363,0.21955503512880561,0.0055620608899297425,0.036592505854800936,0.05035128805620609,0.03044496487119438,0.2306791569086651,0.012002341920374707,0.0,0.13173302107728338,0.0008782201405152225,Астафьев,Прокляты и убиты. Книга вторая
0.06247768654052124,0.08604069975008925,0.052838272045697965,0.005712245626561942,0.03248839700107105,0.02034987504462692,0.0014280614066404856,0.211710103534452,0.005355230274901821,0.039628704034273474,0.04962513388075687,0.026776151374509102,0.2374152088539807,0.01535166012138522,0.0,0.15280257051053195,0.0,Астафьев,Прокляты и убиты. Книга вторая
0.07154427645788337,0.09665226781857451,0.05399568034557235,0.007019438444924406,0.03860691144708423,0.018898488120950324,0.0005399568034557236,0.2162526997840173,0.0021598272138228943,0.03347732181425486,0.048056155507559394,0.01970842332613391,0.22219222462203023,0.01511879049676026,0.0,0.15577753779697623,0.0,Астафьев,Прокляты и убиты. Книга вторая
0.06966657630794253,0.09189482244510708,0.06017891027378693,0.007319056654920032,0.039577121171049064,0.020872865275142316,0.0,0.21767416644076987,0.003795066413662239,0.03659528327460016,0.04228788289509352,0.022499322309568987,0.22119815668202766,0.018162103551097857,0.0,0.14827866630523176,0.0,Астафьев,Прокляты и убиты. Книга вторая
0.09194843103867673,0.10192167355874483,0.05448795913403065,0.0077839941620043785,0.03381172464120652,0.020432984675261494,0.0007297494526879105,0.2515203113597665,0.006081245439065921,0.03429822427633179,0.03721722208708343,0.014838238871320847,0.19241060569204574,0.011432741425443932,0.0,0.14084164436876673,0.00024324981756263683,Астафьев,Прокляты и убиты. Книга первая
0.0539906103286385,0.0903755868544601,0.053208137715179966,0.004694835680751174,0.0418622848200313,0.023865414710485134,0.001564945226917058,0.20422535211267606,0.005086071987480438,0.044209702660406885,0.03834115805946792,0.0418622848200313,0.23865414710485133,0.01486697965571205,0.0,0.1431924882629108,0.0,Астафьев,Прокляты и убиты. Книга вторая
0.0488641234462066,0.0732961851693099,0.05786540934419203,0.006858122588941277,0.030861551650235748,0.017145306472353194,0.0021431633090441492,0.18474067723960566,0.0038576939562794685,0.04757822546078011,0.07115302186026576,0.03000428632661809,0.26232318902700386,0.014573510501500214,0.0,0.14744963566223745,0.0012858979854264896,Астафьев,Прокляты и убиты. Книга вторая
0.050721469173589856,0.07783121993878443,0.05859204197638828,0.006996064713598601,0.04197638828159161,0.021862702229995628,0.0017490161783996502,0.19020550940096195,0.010056843025797988,0.04634892872759073,0.05203323130738959,0.038915609969392216,0.24267599475295146,0.017052907739396588,0.0,0.1429820725841714,0.0,Астафьев,Прокляты и убиты. Книга вторая
0.06753812636165578,0.08315177923021061,0.054466230936819175,0.004720406681190995,0.03449527959331881,0.026143790849673203,0.0007262164124909223,0.20624546114742193,0.004720406681190995,0.04357298474945534,0.052650689905591866,0.029411764705882353,0.23129992737835875,0.013435003631082063,0.0,0.14705882352941177,0.00036310820624546115,Астафьев,Прокляты и убиты. Книга первая
0.07419354838709677,0.087683284457478,0.05043988269794721,0.004105571847507331,0.03577712609970674,0.026392961876832845,0.0005865102639296188,0.2187683284457478,0.00498533724340176,0.04838709677419355,0.04780058651026393,0.026099706744868036,0.230791788856305,0.00967741935483871,0.0,0.1343108504398827,0.0,Астафьев,Прокляты и убиты. Книга первая
0.0695322376738306,0.08501896333754741,0.05436156763590392,0.008533501896333754,0.0388748419721871,0.022756005056890013,0.0018963337547408343,0.21333754740834387,0.005372945638432364,0.03666245259165613,0.0534134007585335,0.014222503160556258,0.238621997471555,0.014538558786346398,0.0,0.14254108723135273,0.0003160556257901391,Астафьев,Прокляты и убиты. Книга вторая
0.056610664718772824,0.09057706355003653,0.053323593864134405,0.005113221329437546,0.03506208911614317,0.021183345507669833,0.0007304601899196494,0.20745069393718044,0.005843681519357195,0.04200146092037984,0.06172388604821037,0.02739225712198685,0.22571219868517164,0.016800584368151936,0.0,0.14974433893352812,0.0007304601899196494,Астафьев,Прокляты и убиты. Книга вторая
0.07051472775959536,0.09044927105028265,0.04849747099077655,0.007438262421898245,0.03451353763760785,0.023207378756322523,0.001487652484379649,0.2198750371913121,0.003867896459387087,0.036596251115739366,0.048795001487652485,0.02886045819696519,0.2407021719726272,0.012496280868789051,0.0,0.1318060101160369,0.0008925914906277894,Астафьев,Прокляты и убиты. Книга вторая
0.05017921146953405,0.08602150537634409,0.05869175627240143,0.004032258064516129,0.02956989247311828,0.017025089605734768,0.0008960573476702509,0.19444444444444445,0.0035842293906810036,0.035842293906810034,0.05734767025089606,0.03449820788530466,0.25985663082437277,0.016577060931899642,0.0,0.15143369175627241,0.0,Астафьев,Прокляты и убиты. Книга вторая
0.06510336315951867,0.08361616784942918,0.05399568034557235,0.009564949089787103,0.04350509102128972,0.02159827213822894,0.000308546744831842,0.20333230484418388,0.007096575131132366,0.04473927800061709,0.04659055846960815,0.02776920703486578,0.2240049367479173,0.017587164455414996,0.0,0.1511879049676026,0.0,Астафьев,Прокляты и убиты. Книга вторая
0.06853967273849954,0.09447360296387775,0.057116393948749615,0.004631058968817536,0.03056498919419574,0.020994133991972832,0.0015436863229391787,0.2244519913553566,0.005248533497993208,0.03210867551713492,0.04754553874652671,0.022846557579499844,0.22723062673664712,0.012040753318925594,0.0,0.15066378511886386,0.0,Астафьев,Прокляты и убиты. Книга первая
0.0748544496811755,0.09509287496534516,0.052398114776822845,0.006653728860548933,0.04352647629609093,0.02411976711948988,0.0002772387025228722,0.21874133629054615,0.00887163848073191,0.04463543110618242,0.04130856667590796,0.018297754366509565,0.21181036872747436,0.02023842528416967,0.0,0.13917382866648184,0.0,Астафьев,Прокляты и убиты. Книга вторая
0.055001845699520116,0.09007013658176449,0.055740125507567365,0.004798818752307124,0.03506829088224437,0.02177925433739387,0.0007382798080472499,0.20450350682908822,0.005906238464377999,0.04245108896271687,0.06164636397194537,0.02768549280177187,0.22702104097452935,0.016242155777039496,0.0,0.150609080841639,0.0007382798080472499,Астафьев,Прокляты и убиты. Книга вторая
0.06875,0.0900735294117647,0.05808823529411765,0.0033088235294117647,0.03860294117647059,0.019852941176470587,0.0011029411764705882,0.21213235294117647,0.01213235294117647,0.03676470588235294,0.051470588235294115,0.022794117647058822,0.22647058823529412,0.013602941176470588,0.0,0.1448529411764706,0.0,Астафьев,Прокляты и убиты. Книга вторая
0.07101792357118701,0.10077781535339872,0.047683462969225564,0.008116334122421373,0.037199864727764625,0.024687182955698342,0.0006763611768684477,0.2407845789651674,0.0047345282380791345,0.029759891782211702,0.04261075414271221,0.022658099425093,0.21068650659452148,0.014203584714237404,0.0,0.14406493067297937,0.00033818058843422386,Астафьев,Прокляты и убиты. Книга первая
0.07840807840807841,0.08672408672408673,0.050787050787050786,0.006534006534006534,0.03831303831303831,0.02168102168102168,0.002376002376002376,0.2188892188892189,0.009801009801009801,0.03564003564003564,0.04247104247104247,0.03415503415503415,0.22156222156222155,0.013662013662013662,0.0,0.1386991386991387,0.000297000297000297,Астафьев,Прокляты и убиты. Книга первая
0.06055851898336994,0.09224976466896768,0.05647944775651083,0.005020395356134295,0.04016316284907436,0.020395356134295575,0.00031377470975839345,0.23501725760903672,0.010668340131785378,0.0385942893002824,0.033887668653906494,0.01537496077816128,0.21964229683087544,0.01537496077816128,0.00031377470975839345,0.15594603074992155,0.0,Астафьев,Прокляты и убиты. Книга вторая
0.057814248414770605,0.08839985080193957,0.057068258112644536,0.005221932114882507,0.04102946661693398,0.016038791495710556,0.001864975755315181,0.21521820216337187,0.00484893696381947,0.030958597538232,0.04028347631480791,0.026855650876538604,0.23610593062290192,0.019022752704214847,0.0,0.15777694889966432,0.0014919806042521448,Астафьев,Прокляты и убиты. Книга вторая
0.06289308176100629,0.09374064091045223,0.05840071877807727,0.008086253369272238,0.03623839472896077,0.019766397124887692,0.001497454327643007,0.22042527702905063,0.007487271638215035,0.03863432165318958,0.03833483078766098,0.021263851452530697,0.22641509433962265,0.01497454327643007,0.0,0.1518418688230009,0.0,Астафьев,Прокляты и убиты. Книга первая
0.06322282189668466,0.09521973785659213,0.061295296838858905,0.006168080185042405,0.034309946029298384,0.018118735543562067,0.00038550501156515033,0.22089437162683115,0.005782575173477255,0.03469545104086353,0.04741711642251349,0.020046260601387818,0.2328450269853508,0.013492675404780262,0.0,0.14494988434849654,0.001156515034695451,Астафьев,Прокляты и убиты. Книга вторая
0.07404076738609112,0.09562350119904077,0.05485611510791367,0.00539568345323741,0.02877697841726619,0.02068345323741007,0.001498800959232614,0.22721822541966427,0.0044964028776978415,0.028477218225419664,0.04316546762589928,0.020983213429256596,0.22961630695443644,0.014388489208633094,0.0,0.15077937649880097,0.0,Астафьев,Прокляты и убиты. Книга первая
0.03229113275243465,0.08610968733982573,0.06048180420297283,0.0035879036391594054,0.031266017426960536,0.021527421834956432,0.0,0.19528446950281908,0.0035879036391594054,0.04100461301896463,0.06765761148129165,0.025627883136852898,0.2665299846232701,0.012813941568426449,0.0,0.1522296258329062,0.0,Астафьев,Прокляты и убиты. Книга вторая
0.0870488322717622,0.09341825902335456,0.053314460957773056,0.004953998584571833,0.04199103562160887,0.022410945977824958,0.0014154281670205238,0.24203821656050956,0.0025949516395376267,0.03019580089643784,0.03514979948100967,0.024769992922859165,0.2059447983014862,0.01108752064166077,0.0,0.14366595895258316,0.0,Астафьев,Прокляты и убиты. Книга первая
0.04472693032015066,0.07203389830508475,0.04896421845574388,0.00423728813559322,0.02448210922787194,0.014124293785310734,0.005649717514124294,0.2391713747645951,0.00423728813559322,0.030131826741996232,0.05273069679849341,0.03436911487758945,0.2664783427495292,0.012711864406779662,0.0,0.14124293785310735,0.004708097928436911,Астафьев,Прокляты и убиты. Книга вторая
0.05034232782923882,0.07692307692307693,0.05879983890455095,0.005638340716874748,0.03342730567861458,0.01852597664115989,0.0012082158679017317,0.19975835682641965,0.004832863471606927,0.046314941602899715,0.06967378171566653,0.024164317358034634,0.24929520741039066,0.015706806282722512,0.0,0.14538864277084174,0.0,Астафьев,Прокляты и убиты. Книга вторая
0.0655161393416427,0.09427932246724192,0.05528922978587408,0.004793863854266539,0.033237456056248005,0.02524768296580377,0.00031959092361776926,0.23042505592841164,0.004793863854266539,0.037392138063279005,0.042505592841163314,0.022690955576861616,0.2256311920741451,0.01278363694471077,0.0,0.14509427932246724,0.0,Астафьев,Прокляты и убиты. Книга вторая
0.07159054097829608,0.09070294784580499,0.06737933268545514,0.0035633300939423387,0.04081632653061224,0.017816650469711693,0.0006478781988986071,0.23388402980239714,0.008746355685131196,0.029154518950437316,0.04211208292840946,0.012633624878522837,0.2196307094266278,0.012633624878522837,0.0,0.1477162293488824,0.0009718172983479105,Астафьев,Прокляты и убиты. Книга вторая
0.07068223724646588,0.09926244622003688,0.049170251997541485,0.00921942224953903,0.03564843269821758,0.02427781192378611,0.00030731407498463427,0.24001229256299939,0.005224339274738783,0.0322679778733866,0.04517516902274124,0.024585125998770743,0.20590043023970497,0.01567301782421635,0.0,0.14228641671788567,0.00030731407498463427,Астафьев,Прокляты и убиты. Книга первая
0.05908776779543884,0.08085694540428473,0.054941257774706286,0.0082930200414651,0.04457498272287491,0.021078092605390463,0.0003455425017277125,0.2017968210089841,0.007601935038009675,0.04561161022805805,0.042156185210780926,0.031098825155494125,0.23358673116793366,0.0165860400829302,0.0,0.1523842432619212,0.0,Астафьев,Прокляты и убиты. Книга вторая
0.06548613431339793,0.08620113598396258,0.057133311059137985,0.006014032743067156,0.03508185766789175,0.0136986301369863,0.0,0.22452388907450718,0.004009355162044771,0.02906782492482459,0.04477113264283328,0.030738389575676577,0.22586034079518877,0.015703307718008687,0.0,0.16171065820247243,0.0,Астафьев,Прокляты и убиты. Книга вторая
0.07081063761614867,0.08106376161486703,0.05286767061839154,0.004485741749439282,0.037487984620314004,0.029798141621275233,0.0006408202499198974,0.20281960909964755,0.00512656199935918,0.04966356936879206,0.04966356936879206,0.03043896187119513,0.2300544697212432,0.013777635373277796,0.0,0.14098045498237743,0.0003204101249599487,Астафьев,Прокляты и убиты. Книга первая
0.05811296114920013,0.09631080639895527,0.0584394384590271,0.00652954619653934,0.04080966372837088,0.015017956252040483,0.001305909239307868,0.22396343454129938,0.006203068886712374,0.029709435194253998,0.03558602677113941,0.023506366307541625,0.2269017303297421,0.016976820111002284,0.0,0.1593209271955599,0.001305909239307868,Астафьев,Прокляты и убиты. Книга вторая
0.047216890595009595,0.09443378119001919,0.056813819577735125,0.002687140115163148,0.029174664107485603,0.014587332053742802,0.0019193857965451055,0.21381957773512475,0.00345489443378119,0.0272552783109405,0.046065259117082535,0.03109404990403071,0.2564299424184261,0.014203454894433781,0.0,0.16084452975047986,0.0,Астафьев,Прокляты и убиты. Книга вторая
0.07351865398683248,0.09912216532553036,0.053035844915874174,0.0073152889539136795,0.03328456474030724,0.021945866861741038,0.000365764447695684,0.2150694952450622,0.004754937820043892,0.038771031455742504,0.050109729334308704,0.036942209217264085,0.21397220190197513,0.014630577907827359,0.0,0.1371616678858815,0.0,Астафьев,Прокляты и убиты. Книга первая
0.04776785714285714,0.07946428571428571,0.054464285714285715,0.007589285714285714,0.04375,0.022321428571428572,0.0017857142857142857,0.18392857142857144,0.010267857142857143,0.046875,0.053125,0.044196428571428574,0.24285714285714285,0.016517857142857143,0.0,0.14508928571428573,0.0,Астафьев,Прокляты и убиты. Книга вторая
0.06478209658421673,0.08755398508048685,0.05732234000785238,0.012171181782489203,0.03494307027875933,0.018060463290145268,0.0015704750687082843,0.20455437769925403,0.0039261876717707105,0.04397330192383196,0.04672163329407145,0.020023557126030624,0.2387122104436592,0.015312131919905771,0.00039261876717707107,0.14998036906164114,0.0,Астафьев,Прокляты и убиты. Книга вторая
0.08063241106719368,0.08774703557312254,0.05533596837944664,0.008300395256916997,0.036758893280632414,0.020948616600790514,0.0,0.19446640316205532,0.00909090909090909,0.04703557312252964,0.041501976284584984,0.039525691699604744,0.22885375494071147,0.01818181818181818,0.0,0.13162055335968378,0.0,Астафьев,Прокляты и убиты. Книга вторая
0.0671957671957672,0.08968253968253968,0.052116402116402116,0.0031746031746031746,0.034656084656084656,0.021693121693121695,0.001851851851851852,0.21084656084656084,0.009788359788359789,0.0417989417989418,0.04365079365079365,0.0335978835978836,0.22037037037037038,0.014814814814814815,0.00026455026455026457,0.1544973544973545,0.0,Астафьев,Прокляты и убиты. Книга первая
0.06706929434202162,0.09567705022250476,0.05689764780673871,0.010171646535282899,0.03941513032422123,0.024157660521296885,0.0012714558169103624,0.20375079465988558,0.006357279084551812,0.041004450095359184,0.04863318499682136,0.036872218690400506,0.21169739351557534,0.012714558169103624,0.0,0.14431023521932612,0.0,Астафьев,Прокляты и убиты. Книга первая
0.05925925925925926,0.0824074074074074,0.050462962962962966,0.008796296296296297,0.03564814814814815,0.022685185185185187,0.0023148148148148147,0.21666666666666667,0.004629629629629629,0.04490740740740741,0.04861111111111111,0.030555555555555555,0.2351851851851852,0.02175925925925926,0.0,0.13518518518518519,0.000925925925925926,Астафьев,Прокляты и убиты. Книга вторая
0.057692307692307696,0.10384615384615385,0.05993589743589744,0.006730769230769231,0.03717948717948718,0.021794871794871794,0.001282051282051282,0.1955128205128205,0.0028846153846153848,0.05064102564102564,0.051923076923076926,0.03141025641025641,0.2266025641025641,0.013782051282051282,0.0,0.1387820512820513,0.0,Астафьев,Прокляты и убиты. Книга первая
0.06084656084656084,0.09221466364323508,0.057067271352985637,0.005291005291005291,0.038170823885109596,0.018140589569160998,0.0007558578987150416,0.20634920634920634,0.009070294784580499,0.04195011337868481,0.050642479213907785,0.02456538170823885,0.22940287226001513,0.012093726379440665,0.0,0.15343915343915343,0.0,Астафьев,Прокляты и убиты. Книга вторая
0.05466970387243736,0.07881548974943052,0.05922551252847381,0.004100227790432802,0.03143507972665148,0.028701594533029614,0.005466970387243736,0.19544419134396354,0.009567198177676537,0.04920273348519362,0.05922551252847381,0.02369020501138952,0.2469248291571754,0.014123006833712985,0.0,0.13940774487471527,0.0,Астафьев,Прокляты и убиты. Книга вторая
0.06755373592630501,0.08393039918116683,0.05629477993858751,0.007164790174002047,0.033776867963152504,0.01842374616171955,0.0015353121801432957,0.17911975435005117,0.00511770726714432,0.04350051177072672,0.0609007164790174,0.02712384851586489,0.2523029682702149,0.018935516888433982,0.0,0.14431934493346982,0.0,Астафьев,Прокляты и убиты. Книга вторая
0.07796498183019492,0.09250082590023125,0.05153617443012884,0.006276841757515692,0.03534852989758837,0.017178724810042945,0.0,0.2259663032705649,0.008919722497522299,0.036009250082590025,0.03303600925008259,0.041295011562603234,0.2157251404030393,0.013544763792533861,0.0,0.14469772051536176,0.0,Астафьев,Прокляты и убиты. Книга вторая
0.07281858129315756,0.08035153797865663,0.05994978028876334,0.004394224733207784,0.03170119271814187,0.02448210922787194,0.0009416195856873823,0.23195229127432518,0.0053358443188951665,0.0480225988700565,0.04080351537978657,0.026051475204017578,0.20998116760828625,0.0194601381042059,0.0,0.1431261770244821,0.0006277463904582549,Астафьев,Прокляты и убиты. Книга вторая
0.06747512437810946,0.10199004975124377,0.058768656716417914,0.006840796019900498,0.03669154228855721,0.015236318407960199,0.0009328358208955224,0.23973880597014927,0.007462686567164179,0.029228855721393034,0.033271144278606966,0.018345771144278607,0.21361940298507462,0.015236318407960199,0.0,0.15391791044776118,0.0012437810945273632,Астафьев,Прокляты и убиты. Книга вторая
0.04835847382431233,0.07497781721384206,0.058118899733806566,0.005767524401064774,0.030168589174800354,0.018633540372670808,0.0022182786157941437,0.18101153504880213,0.003105590062111801,0.048802129547471165,0.07187222715173026,0.029724933451641525,0.26663708961845606,0.01419698314108252,0.0,0.145075421472937,0.0013309671694764862,Астафьев,Прокляты и убиты. Книга вторая
0.04288702928870293,0.06746861924686193,0.049163179916317995,0.0031380753138075313,0.02301255230125523,0.01202928870292887,0.006799163179916318,0.24738493723849372,0.002615062761506276,0.02615062761506276,0.053347280334728034,0.028765690376569036,0.27144351464435146,0.01202928870292887,0.0,0.14801255230125523,0.005753138075313808,Астафьев,Прокляты и убиты. Книга вторая
0.0620026525198939,0.09184350132625994,0.05603448275862069,0.004973474801061008,0.033156498673740056,0.023872679045092837,0.0003315649867374005,0.22844827586206898,0.004641909814323607,0.038461538461538464,0.042440318302387266,0.023872679045092837,0.23408488063660476,0.013262599469496022,0.0,0.14257294429708223,0.0,Астафьев,Прокляты и убиты. Книга вторая
0.04868061874431301,0.08371246587807098,0.052775250227479524,0.00272975432211101,0.036851683348498636,0.0186533212010919,0.0022747952684258415,0.19881710646041856,0.00545950864422202,0.03230209281164695,0.045040946314831666,0.028207461328480437,0.25659690627843496,0.018198362147406732,0.0,0.1696997270245678,0.0,Астафьев,Прокляты и убиты. Книга вторая
0.048482102401449935,0.08110557317625736,0.054825555052106935,0.0036248300860897147,0.04349796103307658,0.01676483914816493,0.0031717263253285004,0.19528772088808338,0.006343452650657001,0.03670140462165836,0.053919347530584506,0.031264159492523785,0.26144086995922067,0.01359311282283643,0.00045310376076121433,0.1495242410512007,0.0,Астафьев,Прокляты и убиты. Книга вторая
0.05981651376146789,0.08513761467889908,0.05834862385321101,0.008073394495412844,0.03706422018348624,0.02055045871559633,0.001834862385321101,0.20587155963302753,0.004036697247706422,0.034128440366972476,0.052110091743119265,0.028256880733944955,0.2363302752293578,0.01834862385321101,0.0,0.14972477064220183,0.0003669724770642202,Астафьев,Прокляты и убиты. Книга вторая
0.06378066378066378,0.09754689754689755,0.06118326118326119,0.006060606060606061,0.03896103896103896,0.019624819624819625,0.0,0.22510822510822512,0.007503607503607504,0.0380952380952381,0.0380952380952381,0.02049062049062049,0.2124098124098124,0.015007215007215007,0.0002886002886002886,0.15584415584415584,0.0,Астафьев,Прокляты и убиты. Книга вторая
0.06345514950166113,0.08538205980066445,0.0504983388704319,0.002990033222591362,0.030897009966777408,0.01760797342192691,0.0003322259136212625,0.23554817275747508,0.004651162790697674,0.03488372093023256,0.04717607973421927,0.023588039867109636,0.246843853820598,0.012624584717607974,0.0,0.1425249169435216,0.0009966777408637873,Астафьев,Прокляты и убиты. Книга вторая
0.0763245646535754,0.08669877732493517,0.0507595405705817,0.004816598740274175,0.0381622823267877,0.017413856984068173,0.0,0.21155983697665803,0.008521674694331233,0.041496850685439055,0.032975175991107816,0.04520192663949611,0.230455724342349,0.017043349388662466,0.0,0.13856984068173397,0.0,Астафьев,Прокляты и убиты. Книга вторая
0.05860927152317881,0.09006622516556291,0.06390728476821192,0.003642384105960265,0.038410596026490065,0.02052980132450331,0.00033112582781456954,0.2347682119205298,0.009933774834437087,0.035099337748344374,0.03940397350993378,0.02119205298013245,0.22980132450331126,0.012913907284768211,0.0,0.1413907284768212,0.0,Астафьев,Прокляты и убиты. Книга вторая
0.057621275547894604,0.0965279487810884,0.051465156365427235,0.004678650578675204,0.03619798079290815,0.020438315685791675,0.0009849790691947797,0.22063531149963064,0.008126077320856932,0.04703275055405073,0.04580152671755725,0.02757941393745383,0.2120167446441763,0.016744644176311253,0.0002462447672986949,0.1539029795616843,0.0,Астафьев,Прокляты и убиты. Книга первая
0.05978784956605593,0.09707489553198329,0.057216329154612666,0.006428801028608165,0.04018000642880103,0.01575056252009,0.0012857602057216328,0.2262937962070074,0.006750241080038573,0.030215364834458372,0.0353584056573449,0.02507232401157184,0.2230793956927033,0.01639344262295082,0.0,0.15782706525233045,0.0012857602057216328,Астафьев,Прокляты и убиты. Книга вторая
0.06940151728013487,0.09272267490868222,0.05479067153694858,0.007305422871593144,0.039336892385501546,0.01938746838999719,0.001966844619275077,0.22056757516156222,0.006462489463332397,0.04214667041303737,0.051980893509412755,0.015172801348693454,0.2135431300927227,0.01685866816521495,0.0002809778027535825,0.14807530205113795,0.0,Астафьев,Прокляты и убиты. Книга вторая
0.06508328192473782,0.10240592227020358,0.058297347316471314,0.006477483035163479,0.035471930906847624,0.014805675508945095,0.0009253547193090684,0.24120913016656384,0.007402837754472548,0.02930289944478717,0.03392967304133251,0.019123997532387416,0.21314003701418877,0.015422578655151141,0.0,0.15576804441702652,0.0012338062924120913,Астафьев,Прокляты и убиты. Книга вторая
0.08198880474152123,0.08067171550872572,0.05663483701020744,0.009219624629568653,0.04082976621666118,0.024036878498518273,0.00032927230819888045,0.2090879157062891,0.007243990780375371,0.050049390846229835,0.0540006585446164,0.0270003292723082,0.21139282186368127,0.017780704642739547,0.0,0.12973328943035892,0.0,Астафьев,Прокляты и убиты. Книга первая
0.08673071929368995,0.09737730459620877,0.05738769150869904,0.007530511555440145,0.04544274214489743,0.022851207478576992,0.0005193456245131135,0.24565048039470266,0.004674110620618021,0.03012204622176058,0.04414437808361465,0.01661905998441963,0.2004674110620618,0.01609971435990652,0.0,0.12438327707089068,0.0,Астафьев,Прокляты и убиты. Книга вторая
0.0858288770053476,0.09919786096256684,0.055347593582887704,0.004812834224598931,0.03636363636363636,0.022994652406417113,0.0008021390374331551,0.21336898395721926,0.0058823529411764705,0.04090909090909091,0.044919786096256686,0.02486631016042781,0.21497326203208555,0.014171122994652407,0.0,0.13529411764705881,0.00026737967914438503,Астафьев,Прокляты и убиты. Книга первая
0.0533033033033033,0.08633633633633633,0.047672672672672674,0.00487987987987988,0.03228228228228228,0.02027027027027027,0.0007507507507507507,0.21771771771771772,0.006006006006006006,0.048798798798798795,0.04617117117117117,0.030405405405405407,0.24624624624624625,0.01614114114114114,0.0,0.14226726726726727,0.0007507507507507507,Астафьев,Прокляты и убиты. Книга вторая
0.08009153318077804,0.09000762776506484,0.05593694380879736,0.005847953216374269,0.04093567251461988,0.02161200101703534,0.002288329519450801,0.2138316806509026,0.004322400203407069,0.03585049580472922,0.04271548436308162,0.022629036359013477,0.22018815153826596,0.018815153826595474,0.0,0.14391050088990592,0.0010170353419781336,Астафьев,Прокляты и убиты. Книга вторая
0.055658627087198514,0.08608534322820037,0.046753246753246755,0.005936920222634508,0.04155844155844156,0.014842300556586271,0.0018552875695732839,0.22708719851576994,0.005194805194805195,0.030055658627087197,0.04935064935064935,0.01595547309833024,0.250834879406308,0.013729128014842301,0.0,0.15473098330241186,0.00037105751391465676,Астафьев,Прокляты и убиты. Книга вторая
0.08464295561069754,0.08877860490763717,0.060104769782189135,0.007995588640749932,0.036118003859939345,0.01626688723462917,0.0005514199062586159,0.2222222222222222,0.006892748828232699,0.03556658395368073,0.036118003859939345,0.02012682657843948,0.21753515301902399,0.016818307140887785,0.0,0.14998621450234353,0.00027570995312930797,Астафьев,Прокляты и убиты. Книга первая
0.05919117647058823,0.08345588235294117,0.05551470588235294,0.004779411764705883,0.03272058823529412,0.016544117647058824,0.0022058823529411764,0.21544117647058825,0.0033088235294117647,0.03786764705882353,0.04007352941176471,0.026838235294117645,0.2511029411764706,0.015808823529411764,0.0,0.15514705882352942,0.0,Астафьев,Прокляты и убиты. Книга вторая
0.07787958115183247,0.08835078534031414,0.05955497382198953,0.004908376963350785,0.03763089005235602,0.024214659685863876,0.0006544502617801048,0.21531413612565445,0.0068717277486911,0.037303664921465966,0.04155759162303665,0.029450261780104712,0.21400523560209425,0.017342931937172776,0.0,0.14496073298429318,0.0,Астафьев,Прокляты и убиты. Книга первая
0.057942057942057944,0.0899100899100899,0.060939060939060936,0.003663003663003663,0.030303030303030304,0.019314019314019316,0.001332001332001332,0.20679320679320679,0.003663003663003663,0.032301032301032304,0.04495504495504495,0.032301032301032304,0.2410922410922411,0.011988011988011988,0.0,0.16283716283716285,0.000666000666000666,Астафьев,Прокляты и убиты. Книга первая
0.06652490886998785,0.08809234507897934,0.0637910085054678,0.005771567436208992,0.037363304981773995,0.018529769137302553,0.0006075334143377885,0.21688942891859053,0.005164034021871203,0.04404617253948967,0.05133657351154314,0.016707168894289186,0.21962332928311057,0.01701093560145808,0.0,0.1485419198055893,0.0,Астафьев,Прокляты и убиты. Книга вторая
0.04771677783478707,0.0728578758337609,0.04720369420215495,0.006670087224217547,0.051308363263211906,0.023601847101077475,0.0015392508978963571,0.17855310415597742,0.0061570035915854285,0.04771677783478707,0.061056952283222166,0.03796818881477681,0.2591072344792201,0.01026167265264238,0.0,0.1482811698306824,0.0,Астафьев,Прокляты и убиты. Книга первая
0.05459317585301837,0.08556430446194226,0.05669291338582677,0.007874015748031496,0.031496062992125984,0.01784776902887139,0.0031496062992125984,0.2078740157480315,0.004199475065616798,0.04356955380577428,0.047244094488188976,0.028871391076115485,0.2503937007874016,0.01942257217847769,0.0,0.14120734908136484,0.0,Астафьев,Прокляты и убиты. Книга вторая
0.07419835943325877,0.08463832960477256,0.05145413870246085,0.004847129008202834,0.037658463832960475,0.018642803877703208,0.0,0.2058165548098434,0.008575689783743476,0.0436241610738255,0.03542132736763609,0.04548844146159582,0.23228933631618195,0.016778523489932886,0.0,0.14056674123788218,0.0,Астафьев,Прокляты и убиты. Книга вторая
0.054748062015503876,0.08042635658914729,0.05426356589147287,0.003391472868217054,0.03682170542635659,0.020348837209302327,0.0014534883720930232,0.20687984496124032,0.001937984496124031,0.03972868217054264,0.04312015503875969,0.03439922480620155,0.26405038759689925,0.014534883720930232,0.0,0.1438953488372093,0.0,Астафьев,Прокляты и убиты. Книга вторая
0.06265845708076784,0.0919956537486418,0.060847519014849694,0.00796812749003984,0.030061571894241218,0.02028250633828323,0.0007243752263672582,0.22491850778703368,0.004708438971387179,0.039478449837015574,0.042013763129300975,0.03259688518652662,0.22419413256066642,0.01231437884824339,0.0,0.1452372328866353,0.0,Астафьев,Прокляты и убиты. Книга первая
0.0666055606477238,0.09593644974029943,0.05468988695386495,0.006110601894286587,0.031775129850290254,0.021998166819431713,0.0015276504735716467,0.22853651084631837,0.0058050717995722576,0.03391384051329056,0.04735716468072105,0.023525817293003362,0.2239535594256034,0.011915673693858845,0.0,0.14634891536816377,0.0,Астафьев,Прокляты и убиты. Книга первая
0.06367316893632684,0.08465218991534781,0.06698564593301436,0.004416635995583364,0.039749723960250276,0.016930437983069563,0.000368052999631947,0.23113728376886272,0.011777695988222304,0.035333087964666915,0.04232609495767391,0.02097902097902098,0.23371365476628633,0.010673536989326464,0.0,0.13728376886271623,0.0,Астафьев,Прокляты и убиты. Книга вторая
0.07236608726498758,0.09435970202199362,0.06349769421780774,0.0024831500532103584,0.03618304363249379,0.01915572898190848,0.001064207165661582,0.22844980489535296,0.0046115643845335225,0.03760198652004257,0.04221355090457609,0.021284143313231644,0.22170982617949628,0.016317843206810925,0.0,0.13870166725789287,0.0,Астафьев,Прокляты и убиты. Книга вторая
0.06631819666775564,0.08853315909833388,0.051617118588696505,0.004900359359686377,0.033649134269846455,0.020908199934661875,0.0006533812479581836,0.21790264619405422,0.006533812479581836,0.03854949362953283,0.05227049983665469,0.025808559294348252,0.23031688990525973,0.015027768703038223,0.0,0.14701078079059132,0.0,Астафьев,Прокляты и убиты. Книга вторая
0.06349206349206349,0.09415584415584416,0.06024531024531025,0.007575757575757576,0.029942279942279944,0.020562770562770564,0.0007215007215007215,0.22474747474747475,0.00468975468975469,0.03968253968253968,0.04329004329004329,0.03318903318903319,0.22402597402597402,0.011183261183261184,0.0,0.1424963924963925,0.0,Астафьев,Прокляты и убиты. Книга первая
0.07232267037552156,0.09290681502086232,0.06063977746870654,0.006675938803894298,0.0411682892906815,0.017524339360222532,0.0005563282336578582,0.21780250347705146,0.004172461752433936,0.031154381084840057,0.04812239221140473,0.013351877607788595,0.22614742698191934,0.014464534075104311,0.0,0.1521557719054242,0.0008344923504867872,Астафьев,Прокляты и убиты. Книга вторая
0.0693939393939394,0.09484848484848485,0.05848484848484849,0.005454545454545455,0.031212121212121212,0.02090909090909091,0.0006060606060606061,0.2196969696969697,0.006060606060606061,0.03878787878787879,0.040303030303030306,0.013333333333333334,0.24,0.012121212121212121,0.0,0.14878787878787877,0.0,Астафьев,Прокляты и убиты. Книга первая
0.06528497409326425,0.09464594127806564,0.059758203799654575,0.0075993091537132984,0.029706390328151987,0.019689119170984457,0.000690846286701209,0.2234887737478411,0.004145077720207254,0.04214162348877375,0.0386873920552677,0.03212435233160622,0.22141623488773748,0.013126079447322971,0.0,0.1474956822107081,0.0,Астафьев,Прокляты и убиты. Книга первая
0.06610576923076923,0.0889423076923077,0.06400240384615384,0.005709134615384615,0.03756009615384615,0.018028846153846152,0.0006009615384615385,0.21724759615384615,0.005408653846153846,0.043870192307692304,0.05078125,0.016826923076923076,0.21935096153846154,0.016826923076923076,0.0,0.14873798076923078,0.0,Астафьев,Прокляты и убиты. Книга вторая
0.06373117033603708,0.08999613750482811,0.06025492468134415,0.004248744689069139,0.03592120509849363,0.01892622634221707,0.0011587485515643105,0.20046349942062572,0.009269988412514484,0.03901120123599845,0.05600617999227501,0.027809965237543453,0.23252220934723833,0.013518733101583623,0.0,0.14716106604866744,0.0,Астафьев,Прокляты и убиты. Книга вторая
0.05412844036697248,0.10030581039755351,0.057186544342507646,0.003975535168195718,0.03363914373088685,0.02110091743119266,0.0015290519877675841,0.21804281345565749,0.00764525993883792,0.030275229357798167,0.0400611620795107,0.0437308868501529,0.22140672782874618,0.013761467889908258,0.0,0.1529051987767584,0.0003058103975535168,Астафьев,Прокляты и убиты. Книга первая
0.054736024844720496,0.08035714285714286,0.04930124223602485,0.004270186335403727,0.03920807453416149,0.023291925465838508,0.0015527950310559005,0.19332298136645962,0.004270186335403727,0.040372670807453416,0.05434782608695652,0.024456521739130436,0.2468944099378882,0.012422360248447204,0.0,0.17119565217391305,0.0,Астафьев,Прокляты и убиты. Книга вторая
0.055049354593773726,0.08086560364464693,0.054290053151100984,0.0056947608200455585,0.04555808656036447,0.017084282460136675,0.0011389521640091116,0.20083523158694003,0.007593014426727411,0.036826119969627945,0.054290053151100984,0.02126044039483675,0.24563401670463175,0.011769172361427487,0.0,0.16211085801063022,0.0,Астафьев,Прокляты и убиты. Книга вторая
0.06558849955076371,0.07726864330637916,0.06334231805929919,0.009433962264150943,0.03728661275831087,0.02830188679245283,0.0004492362982929021,0.19362084456424078,0.009433962264150943,0.05435759209344115,0.05660377358490566,0.025606469002695417,0.23225516621743036,0.017969451931716084,0.0,0.12848158131176998,0.0,Астафьев,Прокляты и убиты. Книга первая
0.07921400061406202,0.08566165182683451,0.05434448879336813,0.007061713233036537,0.0380718452563709,0.027325759901750075,0.0012281240405280934,0.21737795517347253,0.01289530242554498,0.03193122505373042,0.040221062327295054,0.030703101013202335,0.21922014123426467,0.01197420939514891,0.0,0.14246238870125882,0.00030703101013202335,Астафьев,Прокляты и убиты. Книга первая
0.0607689127738735,0.09218685407193054,0.054981397271599834,0.0045473336089293095,0.035551880942538236,0.017775940471269118,0.0008267879288962381,0.21537825547747003,0.006614303431169905,0.0413393964448119,0.04464654816039686,0.02645721372467962,0.236047953699876,0.018189334435717238,0.0,0.14468788755684167,0.0,Астафьев,Прокляты и убиты. Книга вторая
0.05278700627537837,0.07715023994093761,0.06312292358803986,0.0022148394241417496,0.03211517165005537,0.021410114433370247,0.0033222591362126247,0.20155038759689922,0.0070136581764488745,0.041343669250646,0.059800664451827246,0.021040974529346623,0.23255813953488372,0.016611295681063124,0.0,0.16795865633074936,0.0,Астафьев,Прокляты и убиты. Книга вторая
0.03847980997624703,0.07078384798099763,0.07410926365795724,0.00855106888361045,0.040380047505938245,0.0332541567695962,0.0014251781472684087,0.1330166270783848,0.005225653206650831,0.07125890736342043,0.09026128266033254,0.03467933491686461,0.24798099762470308,0.021377672209026127,0.0,0.12779097387173396,0.0014251781472684087,Достоевский,Братья Карамазовы
0.05591991715567829,0.08077321366931309,0.0762858129099068,0.013117017604418364,0.03935105281325509,0.03175698998964446,0.0,0.15326199516741457,0.008974801518812565,0.04487400759406282,0.1011391094235416,0.016568864342423197,0.18674490852606143,0.029340697273041078,0.0,0.16189161201242666,0.0,Достоевский,Бедные люди
0.041807147673634526,0.0667565745111261,0.07113958192852327,0.008428860418071477,0.03843560350640594,0.03337828725556305,0.0023600809170600135,0.1294672960215779,0.009103169251517195,0.059002022926500336,0.11834120026972353,0.01921780175320297,0.24747134187457856,0.023937963587322995,0.0,0.13115306810519217,0.0,Достоевский,Братья Карамазовы
0.03879488237721832,0.059017746595130004,0.058192323565827486,0.010730499380932727,0.0520016508460586,0.02723895996698308,0.0008254230293025176,0.1341312422616591,0.010730499380932727,0.06273215022699133,0.10730499380932729,0.005777961205117622,0.22988031366075112,0.029302517540239374,0.0,0.17333883615352869,0.0,Достоевский,Братья Карамазовы
0.04858454475899005,0.06732976281560826,0.07115531752104055,0.009563886763580718,0.047436878347360364,0.03289977046671767,0.0007651109410864575,0.14384085692425402,0.008033664881407804,0.05891354246365723,0.09487375669472073,0.026778882938026015,0.22264728385615914,0.02410099464422341,0.0,0.1315990818668707,0.011476664116296864,Достоевский,Братья Карамазовы
0.04455245038477116,0.06439854191980558,0.05913325232887809,0.012960712839206157,0.04981773997569866,0.0372620494127177,0.0008100445524503848,0.12150668286755771,0.009720534629404616,0.0692588092345079,0.10814094775212636,0.019846091535034426,0.233697853381936,0.023086269744835967,0.0,0.14580801944106925,0.0,Достоевский,Братья Карамазовы
0.04559457794208256,0.07085643869377696,0.05237215033887862,0.009858287122612447,0.03203943314849045,0.028342575477510783,0.0012322858903265558,0.12692544670363523,0.0036968576709796672,0.06469500924214418,0.12692544670363523,0.02895871842267406,0.24337646333949475,0.029574861367837338,0.0,0.13555144793592114,0.0,Достоевский,Братья Карамазовы
0.04812319538017324,0.06961822264998396,0.07475136349053577,0.013795316008982997,0.04459416105229387,0.03721527109400064,0.0,0.1421238370227783,0.013474494706448507,0.0628809752967597,0.09817131857555342,0.008982996470965673,0.22970805261469363,0.02598652550529355,0.0,0.13057427013153675,0.0,Достоевский,Братья Карамазовы
0.040851553509781355,0.06041426927502877,0.059263521288837745,0.009781357882623706,0.05063291139240506,0.025891829689298044,0.0028768699654775605,0.12255466052934408,0.007479861910241657,0.05523590333716916,0.10299194476409666,0.020138089758342925,0.26582278481012656,0.025891829689298044,0.0,0.15017261219792866,0.0,Достоевский,Братья Карамазовы
0.051892811569544874,0.0578477243726074,0.07911527009783072,0.010633772862611655,0.038281582305401955,0.033602722245852826,0.0004253509145044662,0.10846448319863888,0.006805614632071459,0.06975754997873246,0.11994895789025946,0.019566142067205444,0.245427477669077,0.02126754572522331,0.0,0.1369629944704381,0.0,Достоевский,Бедные люди
0.06335856462012895,0.06447995514437903,0.054107092795065884,0.01682085786375105,0.07064760302775441,0.03616484440706476,0.002523128679562658,0.1519484160358845,0.005326604990187833,0.05298570227081581,0.128399215026633,0.004205214465937763,0.17213344547238577,0.040370058873002525,0.0,0.13624894869638352,0.0002803476310625175,Достоевский,Братья Карамазовы
0.05090168702734148,0.07853403141361257,0.07562536358347877,0.008144269924374637,0.04886561954624782,0.030831878999418267,0.0014543339150668994,0.15677719604421175,0.011052937754508435,0.048283885980221056,0.07620709714950552,0.035485747527632346,0.21960442117510182,0.02356020942408377,0.0,0.1343804537521815,0.00029086678301337986,Достоевский,Братья Карамазовы
0.047401685393258425,0.08321629213483146,0.07584269662921349,0.010182584269662922,0.051264044943820225,0.023174157303370788,0.00035112359550561797,0.13307584269662923,0.007373595505617977,0.0684691011235955,0.07303370786516854,0.05021067415730337,0.2089185393258427,0.023876404494382022,0.0,0.14360955056179775,0.0,Достоевский,Братья Карамазовы
0.06758984503791625,0.07847016155621497,0.07649192218925156,0.009561490273656445,0.0520936366633696,0.03791625453346521,0.002967359050445104,0.15694032311242995,0.007583250906693043,0.06363336630398946,0.08737223870755029,0.023409165842400263,0.19287833827893175,0.018463567424991757,0.0,0.1242993735575338,0.0003297065611605671,Достоевский,Братья Карамазовы
0.040208488458674606,0.07185405807892778,0.07110945644080417,0.011169024571854059,0.041325390915860016,0.03350707371556218,0.0007446016381236039,0.12620997766195086,0.00781831720029784,0.06403574087862993,0.10796723752792256,0.02308265078183172,0.23343261355174982,0.029784065524944156,0.0,0.1377513030528667,0.0,Достоевский,Братья Карамазовы
0.047035442199403775,0.05233521033454786,0.06425968863862205,0.008943358728055647,0.049022855250082806,0.03577343491222259,0.0009937065253395165,0.11394501490559789,0.004306061609804571,0.07055316329910566,0.1268631997350116,0.016561775422325273,0.24378933421662802,0.030142431268631996,0.0,0.13448161642928122,0.0009937065253395165,Достоевский,Бедные люди
0.03386581469648562,0.06517571884984026,0.07795527156549521,0.007028753993610224,0.04089456869009585,0.015335463258785943,0.0019169329073482429,0.12715654952076677,0.011501597444089457,0.06261980830670927,0.08498402555910543,0.03258785942492013,0.28115015974440893,0.021725239616613417,0.0,0.13610223642172525,0.0,Достоевский,Братья Карамазовы
0.06244218316373728,0.09042553191489362,0.08464384828862165,0.01364477335800185,0.05180388529139685,0.04856614246068455,0.001156336725254394,0.14685476410730805,0.013182238667900092,0.05874190564292322,0.07955596669750231,0.026364477335800184,0.16743755781683625,0.030758556891766882,0.0,0.12419056429232192,0.00023126734505087883,Достоевский,Братья Карамазовы
0.04171741778319123,0.09043848964677223,0.091047503045067,0.010048721071863581,0.04202192448233861,0.03623629719853837,0.0003045066991473812,0.11601705237515225,0.007308160779537149,0.059987819732034105,0.09683313032886723,0.044762484774665046,0.20188794153471376,0.028014616321559074,0.0,0.13337393422655297,0.0,Достоевский,Братья Карамазовы
0.04102337891486546,0.05910895456550507,0.08425231583590649,0.013674459638288486,0.04102337891486546,0.032201146890163214,0.000882223202470225,0.105866784296427,0.004411116012351125,0.06793118659020732,0.10630789589766211,0.02690780767534186,0.23378914865460962,0.031760035288928096,0.0,0.15086016762240848,0.0,Достоевский,Братья Карамазовы
0.043521266073194856,0.07319485657764589,0.06676557863501484,0.005934718100890208,0.04797230464886251,0.019782393669634024,0.001483679525222552,0.15182987141444115,0.016320474777448073,0.05637982195845697,0.08259149357072205,0.0361028684470821,0.2512363996043521,0.020771513353115726,0.0,0.1261127596439169,0.0,Достоевский,Братья Карамазовы
0.06164650799843933,0.07647288333983612,0.074131876706984,0.017167381974248927,0.04369879047990636,0.0425282871634803,0.0,0.14982442450253608,0.0074131876706984,0.04369879047990636,0.11041747951619196,0.01911822083495903,0.18650019508388607,0.02301989855637924,0.0,0.1443620756925478,0.0,Достоевский,Бедные люди
0.05239933811362383,0.06563706563706563,0.08494208494208494,0.00827357970215113,0.03695532266960838,0.024820739106453393,0.0027578599007170436,0.1141753998896856,0.00827357970215113,0.05515719801434087,0.10038610038610038,0.03309431880860452,0.2597904026475455,0.028681742967457253,0.0,0.12465526751241036,0.0,Достоевский,Братья Карамазовы
0.06191222570532915,0.08542319749216301,0.07641065830721003,0.01920062695924765,0.03683385579937304,0.019592476489028215,0.001567398119122257,0.12225705329153605,0.005094043887147335,0.05916927899686521,0.09482758620689655,0.04467084639498432,0.2213949843260188,0.027037617554858933,0.0,0.12460815047021943,0.0,Достоевский,Братья Карамазовы
0.03926905132192846,0.07037325038880249,0.08942457231726283,0.013219284603421462,0.04743390357698289,0.030715396578538102,0.00038880248833592535,0.1321928460342146,0.004665629860031105,0.04510108864696734,0.08942457231726283,0.024494556765163298,0.22511664074650078,0.026049766718507,0.0,0.16213063763608088,0.0,Достоевский,Братья Карамазовы
0.03492063492063492,0.07654320987654321,0.09312169312169312,0.010934744268077601,0.042328042328042326,0.02857142857142857,0.0,0.09911816578483246,0.004585537918871252,0.06419753086419754,0.10864197530864197,0.026455026455026454,0.2222222222222222,0.036331569664902995,0.0,0.15202821869488536,0.0,Достоевский,Братья Карамазовы
0.04426825239511067,0.06706309877766765,0.07267922035018169,0.008589362405021473,0.039973571192599935,0.03270564915758176,0.0023125206475057814,0.12917079616782293,0.00958044268252395,0.05814337628014536,0.1172778328377932,0.018830525272547076,0.24578790882061446,0.02312520647505781,0.0,0.13049223653782624,0.0,Достоевский,Братья Карамазовы
0.028523489932885907,0.059843400447427295,0.06823266219239374,0.008948545861297539,0.03803131991051454,0.015100671140939598,0.0,0.10794183445190157,0.005592841163310962,0.05536912751677853,0.14149888143176734,0.03970917225950783,0.25727069351230425,0.017897091722595078,0.0,0.14541387024608501,0.010626398210290829,Достоевский,Братья Карамазовы
0.07383379672536299,0.07167130058696324,0.0685820203892493,0.010812480691998765,0.05004633920296571,0.03305529811553908,0.00030892801977139327,0.14890330552981154,0.014828544949026877,0.06178560395427865,0.07970342910101946,0.025949953660797033,0.21717639789928947,0.022242817423540315,0.0,0.12079085573061477,0.00030892801977139327,Достоевский,Братья Карамазовы
0.06495263870094722,0.08085250338294993,0.07713125845737483,0.013531799729364006,0.04330175913396482,0.03349120433017591,0.00033829499323410016,0.15155615696887687,0.010487144790257105,0.05412719891745602,0.08017591339648174,0.03822733423545332,0.2066982408660352,0.01962110960757781,0.0,0.12449255751014884,0.0010148849797023004,Достоевский,Братья Карамазовы
0.05671077504725898,0.05151228733459357,0.08081285444234404,0.01606805293005671,0.03260869565217391,0.0335538752362949,0.000945179584120983,0.11814744801512288,0.004725897920604915,0.08223062381852551,0.1167296786389414,0.03260869565217391,0.22022684310018903,0.03213610586011342,0.0,0.12098298676748583,0.0,Достоевский,Бедные люди
0.041976225854383355,0.08283803863298662,0.06946508172362556,0.01448736998514116,0.0475482912332838,0.02711738484398217,0.0007429420505200594,0.11812778603268945,0.0137444279346211,0.06835066864784546,0.10884101040118871,0.02637444279346211,0.22325408618127787,0.020430906389301635,0.0,0.13670133729569092,0.0,Достоевский,Братья Карамазовы
0.05992949471210341,0.07716412064238151,0.06737171954563259,0.014492753623188406,0.05131218174696436,0.033685859772816296,0.0,0.1300430865648257,0.007050528789659225,0.06854680767724246,0.09087348217783,0.03172737955346651,0.2134743439091265,0.023501762632197415,0.0,0.1308264786525656,0.0,Достоевский,Братья Карамазовы
0.07228017883755589,0.07675111773472429,0.07526080476900149,0.011922503725782414,0.042846497764530554,0.029061102831594635,0.0,0.161698956780924,0.01676602086438152,0.05439642324888227,0.0763785394932936,0.029061102831594635,0.22615499254843516,0.013412816691505217,0.0,0.11251862891207154,0.0014903129657228018,Достоевский,Братья Карамазовы
0.06493506493506493,0.09196925523456136,0.07924728332891598,0.009806520010601644,0.052478134110787174,0.04797243572753777,0.0013252054068380599,0.15133845746090643,0.008746355685131196,0.06360985952822687,0.08322289954943016,0.024383779485820302,0.16724092234296317,0.02570898489265836,0.0,0.12774980121918897,0.00026504108136761196,Достоевский,Братья Карамазовы
0.035869565217391305,0.06141304347826087,0.06032608695652174,0.009782608695652175,0.04891304347826087,0.025543478260869567,0.002717391304347826,0.13206521739130433,0.008152173913043478,0.05217391304347826,0.1,0.025543478260869567,0.2625,0.02391304347826087,0.0,0.15108695652173912,0.0,Достоевский,Братья Карамазовы
0.04520615996025832,0.07451564828614009,0.06507699950322901,0.007451564828614009,0.044212617983109784,0.022354694485842028,0.0004967709885742673,0.13412816691505217,0.015896671634376552,0.06756085444610035,0.08445106805762544,0.037754595131644315,0.23199205166418282,0.025832091405861898,0.0,0.14307004470938897,0.0,Достоевский,Братья Карамазовы
0.05218617771509168,0.076633756464504,0.07005171603196991,0.00846262341325811,0.047954866008462625,0.019746121297602257,0.0004701457451810061,0.14104372355430184,0.012223789374706159,0.06582040432534085,0.06723084156088388,0.044193700047014575,0.22519981194170194,0.021626704278326282,0.0,0.1471556182416549,0.0,Достоевский,Братья Карамазовы
0.07335079780900214,0.07739938080495357,0.0907358894974994,0.009764229578471064,0.05477494641581329,0.03357942367230293,0.0,0.16194331983805668,0.006668254346272922,0.06668254346272923,0.06215765658490117,0.017146939747558942,0.1826625386996904,0.03000714455822815,0.0,0.13312693498452013,0.0,Достоевский,Братья Карамазовы
0.053103695730175815,0.08396124865446716,0.07606745604592752,0.01794043774668102,0.04090419806243272,0.02583423035522067,0.001076426264800861,0.12055974165769645,0.0046645138141370645,0.0599210620739146,0.09903121636167922,0.042698241837100824,0.21241478292070326,0.030139935414424113,0.0,0.13168281306063867,0.0,Достоевский,Братья Карамазовы
0.03125,0.05813953488372093,0.05886627906976744,0.009811046511627907,0.051962209302325583,0.03379360465116279,0.0007267441860465116,0.09811046511627906,0.0061773255813953485,0.06395348837209303,0.1355377906976744,0.028706395348837208,0.23219476744186046,0.027616279069767442,0.0,0.16315406976744187,0.0,Достоевский,Братья Карамазовы
0.08019597730789066,0.0778751933986591,0.0814853017019082,0.015214027849406911,0.05518308406395049,0.03532748839608046,0.00025786487880350697,0.16451779267663744,0.006446621970087674,0.06214543579164518,0.06988138215575039,0.020887055183084063,0.185146982980918,0.030685920577617327,0.0,0.11449200618875709,0.00025786487880350697,Достоевский,Братья Карамазовы
0.04034833091436865,0.08679245283018867,0.054862119013062406,0.006676342525399129,0.036574746008708275,0.03802612481857765,0.0011611030478955006,0.13352685050798258,0.009288824383164005,0.06647314949201742,0.11611030478955008,0.01451378809869376,0.2420899854862119,0.02119013062409289,0.0,0.13236574746008709,0.0,Достоевский,Братья Карамазовы
0.07490909090909091,0.08242424242424243,0.0686060606060606,0.016,0.06496969696969697,0.03927272727272727,0.00024242424242424242,0.16242424242424242,0.004121212121212121,0.06642424242424243,0.07175757575757576,0.012121212121212121,0.1641212121212121,0.03806060606060606,0.0,0.1343030303030303,0.00024242424242424242,Достоевский,Братья Карамазовы
0.04910320493972361,0.08468097618347545,0.08350485151426051,0.01323140252866804,0.05086739194354602,0.039694207586004115,0.0005880623346074683,0.14848573948838578,0.009997059688326962,0.059100264628050576,0.08644516318729785,0.025286680388121142,0.18171126139370775,0.029697147897677155,0.0,0.13701852396354014,0.0005880623346074683,Достоевский,Братья Карамазовы
0.06714905933429811,0.07959479015918958,0.08162083936324167,0.013024602026049204,0.05615050651230101,0.038205499276410995,0.0023154848046309695,0.14182344428364688,0.009551374819102749,0.05499276410998553,0.08364688856729378,0.039363241678726485,0.17916063675832128,0.027206946454413895,0.0,0.12619392185238784,0.0,Достоевский,Братья Карамазовы
0.029516358463726886,0.06863442389758179,0.08357041251778094,0.008534850640113799,0.04800853485064011,0.029160739687055477,0.001422475106685633,0.14118065433854907,0.0039118065433854906,0.06543385490753911,0.09281650071123755,0.01813655761024182,0.22972972972972974,0.033428165007112376,0.0,0.1465149359886202,0.0,Достоевский,Братья Карамазовы
0.034913793103448276,0.06163793103448276,0.08017241379310344,0.010344827586206896,0.03706896551724138,0.028879310344827585,0.001293103448275862,0.08577586206896552,0.00646551724137931,0.07198275862068966,0.13836206896551725,0.03879310344827586,0.2336206896551724,0.03146551724137931,0.0,0.13922413793103447,0.0,Достоевский,Братья Карамазовы
0.030123231401186674,0.05750798722044728,0.07622090369694204,0.01323596531264263,0.04472843450479233,0.02875399361022364,0.0018256503879507074,0.1241442263806481,0.011410314924691922,0.07759014148790506,0.08261068005476951,0.020538566864445457,0.24418073938840712,0.02190780465540849,0.0,0.16476494751255136,0.00045641259698767686,Достоевский,Братья Карамазовы
0.03417438518045353,0.07984669434685404,0.08527626956244011,0.020440753752794635,0.04439476205685085,0.027147876077930375,0.0006387735547748323,0.08815075055892686,0.0025550942190993293,0.07377834557649314,0.10571702331523475,0.025231555413605878,0.22261258383902907,0.03896518684126477,0.0,0.15106994570424784,0.0,Достоевский,Братья Карамазовы
0.06409372846312887,0.0833907649896623,0.0740868366643694,0.018952446588559616,0.037560303239145415,0.04203997243280496,0.0010337698139214334,0.14679531357684356,0.007236388697450034,0.04445210199862164,0.09855272226051,0.01791867677463818,0.20778773259820812,0.02377670572019297,0.0,0.13232253618194348,0.0,Достоевский,Бедные люди
0.0398947829899167,0.057430951337132836,0.08329679964927664,0.01183691363437089,0.04384042086804033,0.03419552827707146,0.0008768084173608067,0.10258658483121438,0.006137658921525646,0.06532222709338009,0.10872424375274002,0.021920210434020166,0.24813678211310827,0.028496273564226217,0.0,0.14730381411661553,0.0,Достоевский,Братья Карамазовы
0.044371788883699206,0.061186361513311534,0.07426436244745446,0.009341429238673517,0.04203643157403083,0.031760859411489956,0.002335357309668379,0.09528257823446988,0.002335357309668379,0.07753386268099019,0.11816907986921998,0.033162073797290983,0.2494161606725829,0.021018215787015414,0.0,0.13778608127043437,0.0,Достоевский,Братья Карамазовы
0.04344851180294218,0.06705439616832022,0.0773178241532672,0.00752651385562778,0.042080054738282587,0.03421142661648991,0.0013684570646595963,0.1105029079712624,0.004447485460143688,0.05302771125555936,0.12281902155319877,0.022921655833048237,0.24050632911392406,0.027711255559356825,0.0,0.14505644885391722,0.0,Достоевский,Братья Карамазовы
0.03413865546218487,0.06880252100840337,0.07720588235294118,0.007352941176470588,0.03413865546218487,0.025210084033613446,0.0015756302521008404,0.08718487394957983,0.007878151260504201,0.09191176470588236,0.11974789915966387,0.0351890756302521,0.24579831932773108,0.029936974789915968,0.0005252100840336134,0.13130252100840337,0.0021008403361344537,Достоевский,Братья Карамазовы
0.04563004563004563,0.06774306774306774,0.06984906984906986,0.009828009828009828,0.03861003861003861,0.02808002808002808,0.003861003861003861,0.12671112671112672,0.011232011232011231,0.04738504738504738,0.11863811863811864,0.03825903825903826,0.2348192348192348,0.03264303264303264,0.0,0.12671112671112672,0.0,Достоевский,Братья Карамазовы
0.06530189168178284,0.0668566986265872,0.061933143301373415,0.01528893495724281,0.06633842964498575,0.0323918113500907,0.0015548069448043534,0.15185281160922517,0.008551438196423945,0.06167400881057269,0.12023840373153667,0.0033687483804094327,0.1733609743456854,0.03912930811090956,0.0,0.13138118683596786,0.0007774034724021767,Достоевский,Братья Карамазовы
0.03881188118811881,0.08316831683168317,0.07683168316831683,0.0075247524752475245,0.04,0.026138613861386138,0.002376237623762376,0.1188118811881188,0.010693069306930694,0.07524752475247524,0.10178217821782178,0.0297029702970297,0.22811881188118813,0.02297029702970297,0.0,0.13782178217821783,0.0,Достоевский,Братья Карамазовы
0.04252461951656222,0.07878245299910475,0.067591763652641,0.012085944494180842,0.043419874664279316,0.025514771709937333,0.0026857654431512983,0.13115487914055507,0.009847806624888093,0.0711727842435094,0.08818263205013428,0.03178155774395703,0.2332139659803044,0.020143240823634737,0.0,0.14189794091316024,0.0,Достоевский,Братья Карамазовы
0.07344632768361582,0.07544034562977733,0.07045530076437355,0.010634762379528082,0.045862412761714856,0.030574941841143236,0.0,0.15819209039548024,0.01661681621801263,0.058823529411764705,0.07544034562977733,0.028913260219341975,0.22200066467264873,0.017281488866733134,0.0,0.11598537720172815,0.00033233632436025255,Достоевский,Братья Карамазовы
0.04398826979472141,0.07624633431085044,0.09090909090909091,0.009775171065493646,0.047246660149885954,0.022482893450635387,0.0013033561420658195,0.1371782339524275,0.009449332029977192,0.0628869338546758,0.07429130009775171,0.047246660149885954,0.20202020202020202,0.029977191267513848,0.00032583903551645487,0.14467253176930597,0.0,Достоевский,Братья Карамазовы
0.0409711684370258,0.05968639352554375,0.06525037936267071,0.008093070308548306,0.036418816388467376,0.03237228123419322,0.006069802731411229,0.11431461810824481,0.008598887202832575,0.07081436519979767,0.125948406676783,0.012139605462822459,0.2473444613050076,0.024279210925644917,0.0,0.1476985331310066,0.0,Достоевский,Братья Карамазовы
0.053885787891799056,0.07793044224989266,0.06504937741519966,0.015242593387720051,0.05238299699441821,0.040575354229282955,0.0,0.1485616144267926,0.008372692142550452,0.068699012451696,0.08995276942893946,0.021897810218978103,0.1893516530699871,0.03370545298411335,0.0,0.13439244310863033,0.0,Достоевский,Братья Карамазовы
0.052565707133917394,0.0678973717146433,0.07415519399249061,0.008448060075093867,0.04693366708385482,0.03629536921151439,0.0015644555694618273,0.1304755944931164,0.005632040050062578,0.06382978723404255,0.09918648310387986,0.023779724655819776,0.2202753441802253,0.027847309136420525,0.00031289111389236547,0.14080100125156444,0.0,Достоевский,Братья Карамазовы
0.06522609043617447,0.06962785114045618,0.06882753101240496,0.011204481792717087,0.04321728691476591,0.045218087234893956,0.0,0.13885554221688676,0.004401760704281713,0.055222088835534214,0.1172468987595038,0.01800720288115246,0.2000800320128051,0.027611044417767107,0.0,0.13525410164065627,0.0,Достоевский,Бедные люди
0.05854616895874263,0.07701375245579568,0.0730844793713163,0.017288801571709235,0.04165029469548134,0.043222003929273084,0.0,0.1524557956777996,0.008251473477406679,0.04165029469548134,0.11237721021611002,0.01807465618860511,0.18781925343811395,0.021218074656188603,0.0,0.14734774066797643,0.0,Достоевский,Бедные люди
0.0632494004796163,0.07733812949640288,0.08003597122302158,0.009892086330935251,0.05245803357314149,0.03896882494004796,0.00029976019184652276,0.1435851318944844,0.007194244604316547,0.05905275779376499,0.09232613908872901,0.016486810551558755,0.19334532374100719,0.03357314148681055,0.0,0.13219424460431656,0.0,Достоевский,Братья Карамазовы
0.0624509033778476,0.07894736842105263,0.06794972505891594,0.012961508248232521,0.05106048703849175,0.03338570306362922,0.0,0.1311861743912019,0.007855459544383346,0.06912804399057344,0.08719560094265515,0.029850746268656716,0.21563236449332285,0.022780832678711706,0.0,0.12961508248232523,0.0,Достоевский,Братья Карамазовы
0.07211244652678753,0.09716846608270524,0.08494601751884294,0.010796496231411693,0.05337135872886535,0.044611937258097374,0.00020370747606437156,0.1568547565695661,0.01181503361173355,0.06477897738847016,0.08046445304542676,0.025463434508046445,0.1590955388062742,0.02607455693623956,0.0,0.11224281931146873,0.0,Достоевский,Братья Карамазовы
0.05217831813576494,0.05673758865248227,0.057750759878419454,0.005572441742654508,0.044579533941236066,0.036980749746707196,0.002026342451874367,0.13069908814589665,0.007598784194528876,0.07750759878419453,0.09827760891590678,0.033941236068895646,0.24670719351570417,0.02330293819655522,0.0,0.12563323201621074,0.0005065856129685917,Достоевский,Братья Карамазовы
0.06424581005586592,0.08463687150837988,0.07988826815642458,0.009217877094972068,0.05195530726256983,0.04636871508379888,0.0019553072625698325,0.1463687150837989,0.00782122905027933,0.06871508379888268,0.08715083798882682,0.024860335195530728,0.173463687150838,0.026256983240223464,0.0,0.12681564245810056,0.00027932960893854746,Достоевский,Братья Карамазовы
0.05394321766561514,0.07476340694006309,0.06687697160883281,0.017034700315457414,0.03943217665615142,0.049842271293375394,0.0009463722397476341,0.12113564668769716,0.007570977917981073,0.0694006309148265,0.11987381703470032,0.017034700315457414,0.19873817034700317,0.03533123028391167,0.0,0.1277602523659306,0.0003154574132492114,Достоевский,Бедные люди
0.06790123456790123,0.07901234567901234,0.07993827160493827,0.016975308641975308,0.05432098765432099,0.03518518518518519,0.0006172839506172839,0.14290123456790124,0.008333333333333333,0.05185185185185185,0.07222222222222222,0.05277777777777778,0.18765432098765433,0.025925925925925925,0.0,0.12438271604938271,0.0,Достоевский,Братья Карамазовы
0.05799922148695991,0.07785130400934216,0.0688984040482678,0.014402491241728299,0.05254963020630596,0.0326975476839237,0.0,0.1304009342156481,0.007395873880887505,0.0688984040482678,0.09147528221097703,0.03036200856364344,0.21214480342545738,0.022966134682755938,0.0,0.13195796029583495,0.0,Достоевский,Братья Карамазовы
0.03529411764705882,0.059582542694497156,0.07248576850094876,0.009487666034155597,0.05426944971537002,0.024667931688804556,0.0022770398481973433,0.1347248576850095,0.009487666034155597,0.05388994307400379,0.08804554079696394,0.022390891840607212,0.24819734345351044,0.025047438330170778,0.0,0.1601518026565465,0.0,Достоевский,Братья Карамазовы
0.04768946395563771,0.06469500924214418,0.07615526802218114,0.010351201478743069,0.03290203327171904,0.0354898336414048,0.0007393715341959334,0.12754158964879853,0.005175600739371534,0.061367837338262475,0.13160813308687616,0.01922365988909427,0.21515711645101662,0.03770794824399261,0.0,0.13419593345656192,0.0,Достоевский,Бедные люди
0.03679206283588259,0.05787515502273667,0.08185200496072757,0.011988424968995453,0.046713517982637454,0.037205456800330716,0.0016535758577924762,0.11244315832988838,0.00826787928896238,0.08763952046300125,0.07771806531624638,0.031831335262505166,0.23315419594873915,0.03968582058701943,0.0,0.13311285655229432,0.002066969822240595,Достоевский,Братья Карамазовы
0.04834605597964377,0.0671119592875318,0.0715648854961832,0.007633587786259542,0.0423027989821883,0.03244274809160305,0.001272264631043257,0.13072519083969467,0.010178117048346057,0.06838422391857506,0.10782442748091603,0.020038167938931296,0.2360050890585242,0.02385496183206107,0.0003180661577608143,0.1319974554707379,0.0,Достоевский,Братья Карамазовы
0.053413654618473895,0.07590361445783132,0.08393574297188755,0.01285140562248996,0.03614457831325301,0.0285140562248996,0.00040160642570281126,0.11204819277108434,0.00963855421686747,0.05301204819277108,0.10923694779116466,0.03734939759036145,0.21646586345381527,0.02650602409638554,0.0,0.14417670682730924,0.00040160642570281126,Достоевский,Братья Карамазовы
0.06459593183067619,0.07421660252886202,0.07916437603078615,0.01154480483782298,0.056074766355140186,0.03710830126443101,0.0013743815283122594,0.15695437053326003,0.015393073117097306,0.05057724024189115,0.07971412864211105,0.0217152281473337,0.18774051676745465,0.03380978559648158,0.0,0.12534359538207807,0.004672897196261682,Достоевский,Братья Карамазовы
0.06957671957671957,0.06507936507936508,0.05423280423280423,0.016931216931216932,0.07248677248677249,0.03518518518518519,0.0026455026455026454,0.15343915343915343,0.004497354497354497,0.05555555555555555,0.12486772486772486,0.0031746031746031746,0.16957671957671958,0.041005291005291,0.0,0.13148148148148148,0.00026455026455026457,Достоевский,Братья Карамазовы
0.07416325547796773,0.08186852877437997,0.07079219841078738,0.015410546592824464,0.06429087406693956,0.03852636648206116,0.00024078979051288225,0.1589212617385023,0.0040934264387189985,0.06766193113411992,0.07175535757283891,0.012280279316156995,0.1680712737779918,0.03732241752949675,0.0,0.1343607031061883,0.00024078979051288225,Достоевский,Братья Карамазовы
0.04728705668384359,0.08123673840557745,0.08911791451955138,0.010306153379812064,0.04092149136101849,0.03182782661412549,0.0012124886329190664,0.13852682631100333,0.009699909063352531,0.05516823279781752,0.08942103667778115,0.028796605031827828,0.19642315853288875,0.03728402546226129,0.0,0.1424674143679903,0.0003031221582297666,Достоевский,Братья Карамазовы
0.032575500508992196,0.06311503223617237,0.07431286053613845,0.012555140821174076,0.04275534441805225,0.03902273498473023,0.003053953172718018,0.12012215812690873,0.007804546996946046,0.0834747200542925,0.10417373600271462,0.012215812690872073,0.2375296912114014,0.029182219205972176,0.0,0.13810654903291483,0.0,Достоевский,Братья Карамазовы
0.04375752709755119,0.06503412284223203,0.07828181453231634,0.01204335608189482,0.04415897230028101,0.04817342432757928,0.0004014452027298274,0.12123645122440786,0.008430349257326376,0.06423123243677238,0.10317141710156563,0.022480931352870333,0.23083099156965076,0.019670814933761542,0.0,0.13809714973906062,0.0,Достоевский,Бедные люди
0.056150600454397924,0.08081791626095423,0.05485232067510549,0.010710808179162609,0.04349237260629666,0.030834144758195393,0.002596559558584875,0.1525478740668614,0.01103537812398572,0.058747160012982795,0.10516066212268745,0.020123336579032782,0.2005842259006816,0.029860434923726063,0.0,0.1376176566049984,0.004868549172346641,Достоевский,Братья Карамазовы
0.0518664047151277,0.05304518664047151,0.08015717092337918,0.016895874263261296,0.04007858546168959,0.03261296660117878,0.005893909626719057,0.0762278978388998,0.0019646365422396855,0.0719056974459725,0.11984282907662082,0.030648330058939095,0.2589390962671906,0.037721021611001965,0.0,0.12220039292730844,0.0,Достоевский,Братья Карамазовы
0.04806609087495306,0.06571535861809989,0.08374014269620729,0.007510326699211416,0.04581299286518964,0.03755163349605708,0.003755163349605708,0.10627112279384153,0.006383777694329703,0.060082613593691325,0.12880210289147578,0.013894104393541119,0.21366879459256477,0.034923019151333085,0.0,0.1438227562898986,0.0,Достоевский,Братья Карамазовы
0.03908045977011494,0.0896551724137931,0.060426929392446635,0.00722495894909688,0.03908045977011494,0.034482758620689655,0.0019704433497536944,0.13924466338259442,0.006568144499178982,0.05714285714285714,0.10311986863711002,0.024302134646962233,0.2482758620689655,0.020032840722495896,0.0,0.12939244663382593,0.0,Достоевский,Братья Карамазовы
0.030592734225621414,0.058317399617590825,0.05688336520076482,0.00621414913957935,0.04780114722753346,0.015296367112810707,0.0009560229445506692,0.0979923518164436,0.00621414913957935,0.06787762906309751,0.14961759082217974,0.03154875717017208,0.23279158699808794,0.027246653919694074,0.0,0.1658699808795411,0.004780114722753346,Достоевский,Братья Карамазовы
0.03530031612223393,0.0684931506849315,0.0690200210748156,0.0136986301369863,0.03898840885142255,0.03530031612223393,0.0,0.14014752370916755,0.004741833508956797,0.06585879873551106,0.08904109589041095,0.0368809272918862,0.23709167544783982,0.02528977871443625,0.0,0.14014752370916755,0.0,Достоевский,Братья Карамазовы
0.06157112526539278,0.05652866242038217,0.05281316348195329,0.015392781316348195,0.05334394904458599,0.044585987261146494,0.002653927813163482,0.17277070063694266,0.006634819532908705,0.07298301486199575,0.09421443736730362,0.007961783439490446,0.20222929936305734,0.025477707006369428,0.0,0.13030785562632696,0.0005307855626326964,Достоевский,Братья Карамазовы
0.06444636678200692,0.058823529411764705,0.056228373702422146,0.01513840830449827,0.05190311418685121,0.0328719723183391,0.0008650519031141869,0.16089965397923875,0.005622837370242215,0.07828719723183392,0.0722318339100346,0.01384083044982699,0.23442906574394465,0.02032871972318339,0.0,0.13408304498269896,0.0,Достоевский,Братья Карамазовы
0.0392156862745098,0.062424969987995196,0.0744297719087635,0.012805122048819529,0.037615046018407365,0.03241296518607443,0.0028011204481792717,0.09723889555822329,0.003601440576230492,0.057623049219687875,0.1332533013205282,0.026010404161664665,0.23129251700680273,0.037615046018407365,0.0,0.1516606642657063,0.0,Достоевский,Братья Карамазовы
0.06116284923231815,0.0810470677070224,0.06594512962496854,0.017367228794361943,0.05336018122325698,0.038761641077271584,0.0005033979360684622,0.16838660961490057,0.015353637050088095,0.07550969041026932,0.07223760382582431,0.009816259753335011,0.1789579662723383,0.034482758620689655,0.0,0.12685627988925247,0.0002516989680342311,Достоевский,Братья Карамазовы
0.04764758765358106,0.0812106682649086,0.08810308660473479,0.010488462691039856,0.04285286185196284,0.03146538807311957,0.001198681450404555,0.13814803715912496,0.009889121965837579,0.054540005993407255,0.08840275696733593,0.027869343721905904,0.1956847467785436,0.038058136050344624,0.0,0.14414144441114773,0.00029967036260113877,Достоевский,Братья Карамазовы
0.05723793677204659,0.07986688851913477,0.08718801996672212,0.014642262895174708,0.04026622296173045,0.033277870216306155,0.0,0.1410981697171381,0.00632279534109817,0.043926788685524125,0.10449251247920133,0.016306156405990018,0.18901830282861898,0.029950083194675542,0.0,0.15640599001663893,0.0,Достоевский,Бедные люди
0.034879783271249576,0.0745005079580088,0.0927869962749746,0.009481882831019302,0.04131391804944125,0.025397900440230273,0.0,0.08872333220453776,0.0030477480528276328,0.06908228919742634,0.10802573653911277,0.027429732475448696,0.23399932272265492,0.03352522858110396,0.0,0.1578056214019641,0.0,Достоевский,Братья Карамазовы
0.047674418604651166,0.06511627906976744,0.0877906976744186,0.007558139534883721,0.03604651162790698,0.03662790697674419,0.0017441860465116279,0.10465116279069768,0.005813953488372093,0.05465116279069768,0.1058139534883721,0.03197674418604651,0.2627906976744186,0.026744186046511628,0.0,0.125,0.0,Достоевский,Братья Карамазовы
0.047648136835675016,0.08124618204031765,0.08491142333536958,0.010995723885155772,0.04031765424557117,0.03176542455711668,0.0015271838729383018,0.13591936469150886,0.00855222968845449,0.05528405620036653,0.0956017104459377,0.029932803909590716,0.19883934025656688,0.03817959682345754,0.0,0.13897373243738545,0.00030543677458766036,Достоевский,Братья Карамазовы
0.05286343612334802,0.08437817688919011,0.08166723144696712,0.014571331751948491,0.05862419518807184,0.0410030498136225,0.0010166045408336157,0.14808539478143,0.010166045408336157,0.058963063368349715,0.07827854964418841,0.029481531684174857,0.18671636733310742,0.024059640799728905,0.0,0.1301253812267028,0.0,Достоевский,Братья Карамазовы
0.04557538928978352,0.09115077857956703,0.08203570072161033,0.007595898214963919,0.04215723509304975,0.02278769464489176,0.0015191796429927839,0.12419293581466008,0.01405241169768325,0.05507026205848842,0.10786175465248765,0.024686669198632737,0.22255981769844285,0.017470565894417017,0.0,0.1412837067983289,0.0,Достоевский,Братья Карамазовы
0.04918733960650128,0.058169375534645,0.07912745936698032,0.013686911890504704,0.03849443969204448,0.03421727972626176,0.000427715996578272,0.11248930710008555,0.0051325919589392645,0.06928999144568007,0.1146278870829769,0.030367835757057315,0.24508126603934988,0.023096663815226688,0.0,0.12660393498716851,0.0,Достоевский,Бедные люди
0.0392156862745098,0.06055363321799308,0.06343713956170703,0.014994232987312572,0.04267589388696655,0.031718569780853516,0.0,0.13552479815455595,0.00922722029988466,0.07497116493656286,0.0922722029988466,0.02768166089965398,0.24625144175317185,0.02191464821222607,0.0,0.1389850057670127,0.0005767012687427913,Достоевский,Братья Карамазовы
0.05449591280653951,0.0768997880714502,0.09960641840750832,0.010899182561307902,0.05389040266424463,0.034211323039660915,0.0,0.1226158038147139,0.007871631849833485,0.06206478958522555,0.09112927641537996,0.030881017257039057,0.1989100817438692,0.027550711474417195,0.0,0.12897366030881016,0.0,Достоевский,Братья Карамазовы
0.031931710401517543,0.07145115396775213,0.09105279797660448,0.014543155232374328,0.043629465697122984,0.025292443882390134,0.0006323110970597534,0.08125197597217831,0.00284539993676889,0.07113499841922226,0.11381599747075562,0.02687322162503952,0.23142586152386974,0.03635788808093582,0.0,0.15776161871640848,0.0,Достоевский,Братья Карамазовы
0.04700222057735011,0.09141376757957069,0.07994078460399703,0.008512213175425611,0.04219096965210955,0.02442635085122132,0.0014803849000740192,0.12139156180606958,0.014433752775721688,0.0536639526276832,0.10880829015544041,0.02553663952627683,0.2231680236861584,0.018504811250925242,0.0,0.13952627683197633,0.0,Достоевский,Братья Карамазовы
0.045349730976172176,0.07340507302075326,0.07647963105303612,0.013451191391237509,0.03574173712528824,0.033820138355111454,0.0011529592621060721,0.13066871637202152,0.008070714834742506,0.053036126056879324,0.10684089162182936,0.02382782475019216,0.22328977709454265,0.02536510376633359,0.0,0.14834742505764797,0.0011529592621060721,Достоевский,Братья Карамазовы
0.06257162502865,0.09259683703873482,0.08526243410497364,0.013522805409122164,0.051111620444648176,0.0481320192528077,0.0011460004584001834,0.1480632592253037,0.01237680495072198,0.05867522347008939,0.07884483153793262,0.02635801054320422,0.16662846665138667,0.03048361219344488,0.0,0.12399724959889984,0.00022920009168003668,Достоевский,Братья Карамазовы
0.06144343302990897,0.08842652795838751,0.07964889466840051,0.021456436931079324,0.035435630689206764,0.03738621586475943,0.00032509752925877764,0.14011703511053317,0.006176853055916775,0.04258777633289987,0.1033810143042913,0.015929778933680104,0.20091027308192458,0.02503250975292588,0.0,0.14174252275682706,0.0,Достоевский,Бедные люди
0.04450867052023121,0.06936416184971098,0.05317919075144509,0.010404624277456647,0.03757225433526012,0.029479768786127167,0.0005780346820809249,0.1260115606936416,0.004624277456647399,0.0676300578034682,0.12080924855491329,0.026589595375722544,0.23930635838150288,0.03236994219653179,0.0,0.1375722543352601,0.0,Достоевский,Братья Карамазовы
0.03396372057120803,0.07410266306445387,0.08104978772674643,0.006947124662292551,0.041682747973755305,0.02740254727904284,0.0023157082207641835,0.12890775762253956,0.010034735623311463,0.06445387881126978,0.08182169046700116,0.036665380162099574,0.23697414125820146,0.027788498649170205,0.0,0.1458896179081436,0.0,Достоевский,Братья Карамазовы
0.04949587534372136,0.0614115490375802,0.076076993583868,0.011610143599144515,0.04827375496486404,0.051329055912007336,0.0021387106630003055,0.10479682248701497,0.007638252367858234,0.054995417048579284,0.11640696608615948,0.050106935533150015,0.21295447601588757,0.026886648334860985,0.0,0.1258783990223037,0.0,Достоевский,Братья Карамазовы
0.06911705952856573,0.05153815421494207,0.07710747103475829,0.01278465840990811,0.0351578106272473,0.03196164602477027,0.002796644027167399,0.11745904914103077,0.008789452656811825,0.06312425089892129,0.11865761086695965,0.03435876947662805,0.23132241310427487,0.01558130243707551,0.0,0.13024370755093886,0.0,Достоевский,Братья Карамазовы
0.04371217215870881,0.06590450571620712,0.0484196368527236,0.008742434431741762,0.03026227303295225,0.025554808338937456,0.0013449899125756557,0.11970410221923336,0.004034969737726967,0.0699394754539341,0.13315400134498992,0.026899798251513115,0.2488231338264963,0.029589778076664425,0.0,0.14391392064559516,0.0,Достоевский,Братья Карамазовы
0.042994436014162876,0.07132018209408195,0.06474456246838645,0.007587253414264037,0.04501770359129995,0.02225594334850784,0.0005058168942842691,0.1274658573596358,0.021244309559939303,0.06828528072837632,0.08902377339403136,0.032878098128477494,0.23621648963075367,0.027314112291350532,0.0,0.14314618108244814,0.0,Достоевский,Братья Карамазовы
0.04410354745925216,0.07031000319590924,0.07222754873761585,0.007670182166826462,0.04314477468839885,0.035794183445190156,0.0015979546180888463,0.11089805049536593,0.006391818472355385,0.05337168424416747,0.12304250559284116,0.028124001278363696,0.22722914669223393,0.031639501438159155,0.0,0.1444550974752317,0.0,Достоевский,Братья Карамазовы
0.043466595116715856,0.08371344244700832,0.0982023074859136,0.009390931043734908,0.047491279849745105,0.034612288704051516,0.0010732492621411322,0.10437349074322512,0.011269117252481888,0.059028709417762275,0.0901529380198551,0.049637778374027365,0.19908773812718003,0.0316608532331634,0.00026831231553528306,0.13657096860745907,0.0,Достоевский,Братья Карамазовы
0.03715670436187399,0.045234248788368334,0.07539041464728057,0.012385568120624663,0.04361873990306947,0.02207862143241788,0.004308023694130318,0.078082929456112,0.008077544426494346,0.0683898761443188,0.14539579967689822,0.01992460958535272,0.2563274098007539,0.025848142164781908,0.0,0.1577813677975229,0.0,Достоевский,Братья Карамазовы
0.05955678670360111,0.08365650969529086,0.055401662049861494,0.009972299168975069,0.05152354570637119,0.03518005540166205,0.0016620498614958448,0.16952908587257617,0.01551246537396122,0.0520775623268698,0.09916897506925208,0.01301939058171745,0.19390581717451524,0.0260387811634349,0.0,0.12714681440443212,0.006648199445983379,Достоевский,Братья Карамазовы
0.06153328850033625,0.07935440484196368,0.06893073301950235,0.008069939475453935,0.05817081371889711,0.03530598520511096,0.0,0.1526563550773369,0.007397444519166106,0.05951580363147276,0.0894418291862811,0.0023537323470073975,0.19098856758574312,0.03026227303295225,0.0,0.15601882985877605,0.0,Достоевский,Братья Карамазовы
0.060526315789473685,0.07796052631578948,0.07171052631578947,0.007894736842105263,0.054276315789473686,0.027960526315789474,0.0003289473684210526,0.14276315789473684,0.010526315789473684,0.06447368421052632,0.09243421052631579,0.021710526315789475,0.20526315789473684,0.022039473684210525,0.0,0.1401315789473684,0.0,Достоевский,Братья Карамазовы
0.04287756074321105,0.04764173415912339,0.07289185326345879,0.021438780371605525,0.028585040495474036,0.04430681276798475,0.0033349213911386373,0.11338732729871367,0.0023820867079561697,0.07193901858027632,0.13863744640304906,0.017627441638875654,0.23630300142925204,0.02191519771319676,0.0,0.13577894235350166,0.0009528346831824678,Достоевский,Бедные люди
0.04981992797118848,0.0819327731092437,0.08103241296518607,0.009903961584633853,0.040516206482593034,0.03181272509003601,0.001800720288115246,0.13385354141656663,0.009603841536614645,0.0546218487394958,0.1017406962785114,0.031512605042016806,0.20168067226890757,0.03811524609843937,0.0,0.13175270108043216,0.00030012004801920766,Достоевский,Братья Карамазовы
0.06566052528420227,0.06997255978047824,0.07624460995687965,0.007840062720501764,0.05958447667581341,0.03567228537828303,0.0001960015680125441,0.14680517444139554,0.008820070560564485,0.05782046256370051,0.09172873382987064,0.014504116032928263,0.21187769502156018,0.028420227361818894,0.0,0.12465699725597805,0.0001960015680125441,Достоевский,Братья Карамазовы
0.05540382364416699,0.07023019898556379,0.07296137339055794,0.010534529847834569,0.046820132657042525,0.031213421771361684,0.0023410066328521262,0.13421771361685525,0.005072181037846274,0.07686305111197815,0.09403043308622708,0.037065938353492,0.20795942255169722,0.02848224736636754,0.0,0.12680452594615685,0.0,Достоевский,Братья Карамазовы
0.044,0.07127272727272728,0.076,0.013454545454545455,0.03781818181818182,0.03090909090909091,0.001090909090909091,0.12545454545454546,0.008,0.05309090909090909,0.11454545454545455,0.020727272727272726,0.22218181818181817,0.028727272727272726,0.0,0.15163636363636362,0.001090909090909091,Достоевский,Братья Карамазовы
0.0387962291515591,0.08556925308194344,0.07976794778825236,0.008339376359680928,0.03952139231327049,0.03118201595358956,0.0014503263234227702,0.13995649021029732,0.008339376359680928,0.048223350253807105,0.0823060188542422,0.04205946337926034,0.2374909354604786,0.01994198694706309,0.0,0.13705583756345177,0.0,Достоевский,Братья Карамазовы
0.05449127288207748,0.05959982971477224,0.07407407407407407,0.01277139208173691,0.03065134099616858,0.033205619412515965,0.0008514261387824606,0.12132822477650064,0.005108556832694764,0.07237122179650915,0.13026819923371646,0.02852277564921243,0.21030225627926777,0.04086845466155811,0.0,0.12558535547041294,0.0,Достоевский,Бедные люди
0.04557463672391017,0.05680317040951123,0.06472919418758256,0.01023778071334214,0.046235138705416116,0.03302509907529723,0.0009907529722589167,0.1106340819022457,0.004623513870541612,0.08157199471598414,0.12813738441215325,0.031373844121532365,0.22027741083223248,0.03071334214002642,0.0,0.13507265521796566,0.0,Достоевский,Бедные люди
0.05142035239122618,0.0744336569579288,0.06868033081625315,0.01438331535418914,0.038834951456310676,0.025530384753685725,0.003236245954692557,0.14275440489032723,0.009349154980222941,0.039194534340165406,0.09600862998921252,0.037756202804746494,0.23300970873786409,0.02660913340524991,0.0,0.1387989931679252,0.0,Достоевский,Братья Карамазовы
0.047089358546533185,0.0682239525398591,0.07044864664441973,0.005190952910641453,0.039302929180571,0.028550241008527995,0.0011123470522803114,0.13496477567667778,0.007415647015202077,0.05784204671857619,0.09306637004078606,0.03151649981460882,0.24582869855394884,0.021134593993325918,0.0,0.14757137560252132,0.0007415647015202076,Достоевский,Братья Карамазовы
0.05840033855268726,0.05840033855268726,0.06220905628438426,0.014388489208633094,0.03427845958527296,0.03343207786711807,0.0016927634363097758,0.13076597545493018,0.00761743546339399,0.06771053745239103,0.10410495133305121,0.033008887008040624,0.2513753702920017,0.023275497249259414,0.0,0.11933982225983919,0.0,Достоевский,Бедные люди
0.05080066261733849,0.0842076200993926,0.07813362782992822,0.020706791827719492,0.037272225289895086,0.04224185532854776,0.0002760905577029266,0.13169519602429597,0.009939260077305357,0.05494202098288239,0.10463832136940916,0.023467697404748758,0.19519602429596908,0.036443953616786304,0.0,0.1300386526780784,0.0,Достоевский,Братья Карамазовы
0.04198302813756141,0.07146047342563644,0.07280035730236713,0.007592675301473872,0.03439035283608754,0.03796337650736936,0.001786511835640911,0.12818222420723538,0.006252791424743189,0.0611880303707012,0.11165698972755694,0.0241179097811523,0.2264403751674855,0.025457793657882984,0.0,0.14872711031710584,0.0,Достоевский,Бедные люди
0.04775687409551375,0.08285094066570188,0.07633863965267727,0.013386396526772794,0.04377713458755427,0.027858176555716353,0.002170767004341534,0.1450795947901592,0.010492040520984082,0.060781476121562955,0.08465991316931983,0.02532561505065123,0.21816208393632416,0.024602026049204053,0.0,0.13675832127351664,0.0,Достоевский,Братья Карамазовы
0.06100577081615829,0.0681505908216543,0.06650178620500137,0.007694421544380325,0.05001374003847211,0.05028854080791426,0.0027480076944215444,0.17230008244023085,0.008518823852706787,0.06183017312448475,0.08793624622148942,0.01236603462489695,0.19950535861500412,0.023083264633140973,0.0,0.12695795548227534,0.0010992030777686177,Достоевский,Братья Карамазовы
0.05200642054574639,0.07800963081861959,0.08314606741573034,0.018298555377207062,0.037881219903691817,0.04173354735152488,0.00032102728731942215,0.14157303370786517,0.011556982343499198,0.04751203852327448,0.11235955056179775,0.01637239165329053,0.19357945425361156,0.02247191011235955,0.0,0.14317817014446227,0.0,Достоевский,Бедные люди
0.02267818574514039,0.066414686825054,0.0755939524838013,0.010259179265658747,0.03455723542116631,0.019438444924406047,0.0,0.10583153347732181,0.004859611231101512,0.05777537796976242,0.10151187904967603,0.06047516198704104,0.26511879049676024,0.013498920086393088,0.0,0.16198704103671707,0.0,Достоевский,Братья Карамазовы
0.062482488091902495,0.08910058840011208,0.08153544410198935,0.01288876435976464,0.05996077332586158,0.04118800784533483,0.0008405715886803026,0.1591482207901373,0.011487811711964136,0.05827963014850098,0.07228915662650602,0.028019052956010086,0.17483889044550294,0.023536004483048472,0.0,0.12440459512468478,0.0,Достоевский,Братья Карамазовы
0.06811894882434301,0.05636237897648686,0.07883817427385892,0.014177040110650069,0.03665283540802213,0.03492392807745505,0.0006915629322268327,0.10961272475795297,0.008644536652835409,0.056708160442600276,0.1275933609958506,0.02455048409405256,0.21991701244813278,0.022821576763485476,0.0,0.1400414937759336,0.00034578146611341634,Достоевский,Братья Карамазовы
0.03557951482479784,0.06630727762803235,0.06954177897574124,0.012398921832884097,0.03827493261455526,0.029649595687331536,0.0,0.13099730458221023,0.005390835579514825,0.06630727762803235,0.09649595687331536,0.03504043126684636,0.24420485175202156,0.026415094339622643,0.0,0.14339622641509434,0.0,Достоевский,Братья Карамазовы
0.03887468030690537,0.059335038363171354,0.06240409207161125,0.007161125319693095,0.03836317135549872,0.029667519181585677,0.005626598465473146,0.11508951406649616,0.008184143222506393,0.070076726342711,0.12634271099744246,0.01329923273657289,0.2465473145780051,0.02557544757033248,0.0,0.1534526854219949,0.0,Достоевский,Братья Карамазовы
0.04096385542168675,0.0714859437751004,0.07309236947791165,0.009236947791164659,0.03975903614457831,0.026907630522088354,0.002008032128514056,0.09919678714859438,0.00963855421686747,0.08072289156626505,0.11686746987951807,0.0321285140562249,0.236144578313253,0.02530120481927711,0.0,0.13654618473895583,0.0,Достоевский,Братья Карамазовы
0.0511889035667107,0.083223249669749,0.0749669749009247,0.019484808454425365,0.03896961690885073,0.0416116248348745,0.0006605019815059445,0.13606340819022458,0.007926023778071334,0.05416116248348745,0.10072655217965654,0.02344782034346103,0.20640686922060766,0.029392338177014532,0.0,0.13177014531043593,0.0,Достоевский,Братья Карамазовы
0.053655023406553835,0.08390349297803384,0.07526107310046813,0.01764494058336334,0.036370183651422396,0.04321209938782859,0.0,0.15124234785740007,0.009002520705797623,0.04249189773136478,0.10875045012603529,0.01620453727043572,0.18797263233705439,0.02052574720921858,0.0,0.1537630536550234,0.0,Достоевский,Бедные люди
0.02567049808429119,0.061685823754789273,0.07739463601532567,0.0072796934865900385,0.04559386973180077,0.028735632183908046,0.0003831417624521073,0.1363984674329502,0.0030651340996168583,0.08275862068965517,0.10076628352490422,0.01839080459770115,0.23563218390804597,0.029118773946360154,0.0,0.1471264367816092,0.0,Достоевский,Братья Карамазовы
0.041932237504193226,0.0798389802079839,0.0637370010063737,0.007044615900704461,0.043274069104327406,0.04495135860449514,0.0,0.13820865481382086,0.0057027843005702785,0.05769875880576988,0.09124454880912446,0.041932237504193226,0.22140221402214022,0.025159342502515933,0.0,0.13753773901375377,0.0003354579000335458,Достоевский,Братья Карамазовы
0.06547619047619048,0.07936507936507936,0.06316137566137567,0.006283068783068783,0.07506613756613757,0.03571428571428571,0.00033068783068783067,0.17195767195767195,0.00496031746031746,0.05423280423280423,0.08564814814814815,0.011574074074074073,0.18253968253968253,0.03406084656084656,0.0,0.12962962962962962,0.0,Достоевский,Братья Карамазовы
0.045276447540269917,0.07792773182411841,0.06094906399651719,0.007400957771005659,0.037875489769264255,0.022638223770134958,0.00130605137135394,0.12451023073574227,0.01001306051371354,0.0631258162821071,0.08576404005224206,0.03831084022638224,0.2712233347845015,0.02220287331301698,0.0,0.12886373530692208,0.00261210274270788,Достоевский,Братья Карамазовы
0.06301867219917012,0.06509336099585063,0.058350622406639005,0.00933609958506224,0.05160788381742738,0.049273858921161824,0.0028526970954356845,0.1724585062240664,0.008298755186721992,0.06768672199170124,0.08765560165975103,0.009595435684647304,0.20150414937759337,0.02308091286307054,0.0,0.129149377593361,0.001037344398340249,Достоевский,Братья Карамазовы
0.047113163972286376,0.07390300230946882,0.058660508083140876,0.006928406466512702,0.03602771362586605,0.022170900692840646,0.0013856812933025404,0.12933025404157045,0.010623556581986143,0.06004618937644342,0.08129330254041571,0.03833718244803695,0.2817551963048499,0.025404157043879907,0.0,0.12424942263279445,0.002771362586605081,Достоевский,Братья Карамазовы
0.08083677685950413,0.08884297520661157,0.08057851239669421,0.02066115702479339,0.04442148760330578,0.05010330578512397,0.0,0.17329545454545456,0.011880165289256199,0.050878099173553716,0.06198347107438017,0.020402892561983473,0.17329545454545456,0.03021694214876033,0.0,0.11260330578512397,0.0,Достоевский,Братья Карамазовы
0.057427878134267994,0.056888649231598816,0.051765974656241574,0.016716095982744674,0.057427878134267994,0.04232946885953087,0.0026961445133459154,0.1720140199514694,0.004853060124022647,0.07549204637368563,0.09086007009975734,0.011054192504718252,0.19708816392558642,0.02642221623078997,0.0,0.13642491237530333,0.0005392289026691831,Достоевский,Братья Карамазовы
0.05374823196605375,0.07722772277227723,0.08231966053748233,0.009052333804809052,0.05007072135785007,0.030834512022630836,0.0005657708628005657,0.13606789250353607,0.013012729844413012,0.053465346534653464,0.085997171145686,0.03338048090523338,0.2033946251768034,0.03620933521923621,0.0,0.13465346534653466,0.0,Достоевский,Братья Карамазовы
0.036685902720527616,0.07007419620774938,0.06842539159109645,0.006595218466611707,0.04905193734542457,0.021434460016488046,0.0,0.10923330585325638,0.014427040395713108,0.07295960428689201,0.11871393239901072,0.025968672712283595,0.23536685902720528,0.03215169002473207,0.0,0.13891178895300907,0.0,Достоевский,Братья Карамазовы
0.03981514397440455,0.07038748666903662,0.07465339495200853,0.01066477070742979,0.04088162104514753,0.03412726626377533,0.0014219694276573053,0.12619978670458584,0.0135087095627444,0.06398862424457874,0.10913615357269818,0.021685033771773908,0.23853537148951298,0.027372911482403128,0.0,0.12762175613224316,0.0,Достоевский,Братья Карамазовы
0.042660396372186764,0.08565670137722539,0.07658716829022506,0.008397715821296607,0.04534766543500168,0.030231776956667785,0.0013436345314074571,0.15451797111185758,0.008397715821296607,0.046355391333557275,0.08128988915015116,0.03123950285522338,0.2136378904937857,0.027544507893852873,0.0,0.1467920725562647,0.0,Достоевский,Братья Карамазовы
0.04203425012973534,0.06642449403217436,0.06071613907628438,0.006227296315516347,0.038920601971977165,0.021795537104307212,0.0005189413596263622,0.15412558380902958,0.01401141670991178,0.04929942916450441,0.08614426569797613,0.023871302542812663,0.27815256875973016,0.019200830306175403,0.0,0.13803840166061235,0.0005189413596263622,Достоевский,Братья Карамазовы
0.047113163972286376,0.07390300230946882,0.058660508083140876,0.006928406466512702,0.03602771362586605,0.022170900692840646,0.0013856812933025404,0.12933025404157045,0.010623556581986143,0.06004618937644342,0.08129330254041571,0.03833718244803695,0.2817551963048499,0.025404157043879907,0.0,0.12424942263279445,0.002771362586605081,Достоевский,Братья Карамазовы
0.04902789518174133,0.06987883910960833,0.08819385742462665,0.015779092702169626,0.05184559030712877,0.032121724429416736,0.0011270780501549732,0.1307410538179769,0.005917159763313609,0.047619047619047616,0.08932093547478163,0.02479571710340941,0.21837137221752606,0.026768103691180614,0.0,0.1484925331079177,0.0,Достоевский,Братья Карамазовы
0.04168710152035311,0.07405590975968612,0.08043158410985778,0.010789602746444336,0.04512015693967631,0.026974006866110838,0.000980872976949485,0.11623344776851398,0.008337420304070623,0.05247670426679745,0.10299166257969593,0.03187837175085827,0.23933300637567434,0.024521824423737126,0.0,0.1441883276115743,0.0,Достоевский,Братья Карамазовы
0.038579720040969614,0.062137248207579376,0.08023216114714919,0.011608057357459884,0.042676681461249574,0.03482417207237965,0.0013656538067599864,0.11130078525093888,0.006828269033799932,0.08945032434277911,0.08125640150221919,0.038579720040969614,0.22157733014680778,0.04506657562307955,0.0,0.13280983270740868,0.001707067258449983,Достоевский,Братья Карамазовы
0.046142208774583963,0.07980332829046899,0.06996974281391831,0.01361573373676248,0.039334341906202726,0.039334341906202726,0.00416036308623298,0.11762481089258699,0.00680786686838124,0.06089258698940998,0.1251891074130106,0.02723146747352496,0.21331316187594554,0.029122541603630862,0.0,0.12745839636913767,0.0,Достоевский,Братья Карамазовы
0.06298533218291631,0.06902502157031924,0.06988783433994823,0.010353753235547885,0.0460166810468795,0.04831751509922347,0.0031636468219729654,0.14984181765890134,0.004889272361230946,0.0546448087431694,0.09864825999424791,0.014955421340235836,0.2016105838366408,0.03134886396318665,0.0,0.13229795800977853,0.0020132297958009777,Достоевский,Братья Карамазовы
0.06981910504601714,0.07235798159314503,0.07235798159314503,0.011107584893684545,0.04538241827991114,0.03141859727070771,0.00031735956839098697,0.15264995239606474,0.015233259282767376,0.058394160583941604,0.07743573468740082,0.029831799428752775,0.2246905744208188,0.018724214535068232,0.0,0.11996191685179308,0.00031735956839098697,Достоевский,Братья Карамазовы
0.038281582305401955,0.06465333900467886,0.08634623564440663,0.012760527435133985,0.042960442364951085,0.029774564015312633,0.0008507018290089324,0.12122501063377286,0.008507018290089324,0.06592939174819226,0.0893236920459379,0.028073160357294766,0.2377711612079966,0.022968949383241174,0.0,0.15014887282007655,0.0004253509145044662,Достоевский,Братья Карамазовы
0.03252279635258359,0.07325227963525836,0.08571428571428572,0.019452887537993922,0.046200607902735565,0.02553191489361702,0.0006079027355623101,0.08237082066869301,0.00303951367781155,0.07750759878419453,0.11306990881458967,0.02492401215805471,0.22127659574468084,0.038905775075987845,0.0,0.15562310030395138,0.0,Достоевский,Братья Карамазовы
0.04057591623036649,0.059336823734729496,0.08420593368237347,0.013525305410122163,0.04101221640488656,0.0318499127399651,0.0008726003490401396,0.10602094240837696,0.004799301919720768,0.06849912739965096,0.1055846422338569,0.027050610820244327,0.2342931937172775,0.031413612565445025,0.0,0.15095986038394416,0.0,Достоевский,Братья Карамазовы
0.06402226861517049,0.07933194154488518,0.07967988865692414,0.011830201809324982,0.0441892832289492,0.03444676409185804,0.0003479471120389701,0.1558803061934586,0.010438413361169102,0.05254001391788448,0.07933194154488518,0.032359081419624215,0.21329157967988865,0.016353514265831592,0.0,0.12491301322199026,0.0010438413361169101,Достоевский,Братья Карамазовы
0.062708719851577,0.07532467532467532,0.06975881261595547,0.007050092764378479,0.05009276437847866,0.03562152133580705,0.002968460111317254,0.16103896103896104,0.00927643784786642,0.05862708719851577,0.0849721706864564,0.025974025974025976,0.21038961038961038,0.014842300556586271,0.0,0.1313543599257885,0.0,Достоевский,Братья Карамазовы
0.04506505871152015,0.060298317994287524,0.06442399238337036,0.009838146620120596,0.047286575690257064,0.03395747381783561,0.000952078705172961,0.11075848936845446,0.004443033957473818,0.08029197080291971,0.13043478260869565,0.029197080291970802,0.21739130434782608,0.03078387813392574,0.0,0.13487781656616946,0.0,Достоевский,Бедные люди
0.04469476744186047,0.06795058139534883,0.06831395348837209,0.00944767441860465,0.03815406976744186,0.02688953488372093,0.003997093023255814,0.13226744186046513,0.01126453488372093,0.04251453488372093,0.1224563953488372,0.036337209302325583,0.23873546511627908,0.0279796511627907,0.0,0.12899709302325582,0.0,Достоевский,Братья Карамазовы
0.04179728317659352,0.06426332288401254,0.054858934169279,0.005747126436781609,0.030303030303030304,0.019853709508881923,0.001567398119122257,0.16039707419017765,0.014629049111807733,0.042842215256008356,0.061128526645768025,0.03605015673981191,0.306687565308255,0.019331243469174503,0.0,0.13740856844305122,0.003134796238244514,Достоевский,Братья Карамазовы
0.03300043421623969,0.058184976118106815,0.07425097698653929,0.008684324793747287,0.03734259661311333,0.026921406860616587,0.0013026487190620929,0.07642205818497612,0.004776378636561007,0.08250108554059922,0.1458966565349544,0.03386886669561442,0.24316109422492402,0.0316977854971776,0.0,0.14198871037776814,0.0,Достоевский,Братья Карамазовы
0.058098591549295774,0.09507042253521127,0.07595573440643863,0.013329979879275655,0.05835010060362173,0.032696177062374245,0.0005030181086519115,0.16549295774647887,0.011569416498993963,0.04351106639839034,0.06488933601609657,0.03420523138832998,0.17555331991951711,0.028672032193158954,0.0,0.142102615694165,0.0,Достоевский,Братья Карамазовы
0.037187681580476466,0.06217315514235909,0.06798373038930854,0.01336432306798373,0.04009296920395119,0.031958163858221963,0.0,0.13073794305636258,0.008715862870424172,0.07147007553747821,0.09645554909936084,0.03021499128413713,0.24520627542126672,0.023823358512492735,0.0,0.1400348634514817,0.0005810575246949448,Достоевский,Братья Карамазовы
0.0577985550361241,0.05482362940926477,0.06417339566510838,0.014449638759031025,0.03272418189545261,0.03527411814704633,0.0021249468763280916,0.12877178070548237,0.009774755631109222,0.06332341691457713,0.10327241818954526,0.03144921376965576,0.2532936676583085,0.022099447513812154,0.0,0.12664683382915426,0.0,Достоевский,Бедные люди
0.03741776315789474,0.07648026315789473,0.07606907894736842,0.0069901315789473685,0.038651315789473686,0.026726973684210526,0.0024671052631578946,0.11266447368421052,0.009868421052631578,0.08018092105263158,0.10074013157894737,0.031661184210526314,0.23807565789473684,0.02425986842105263,0.0,0.1377467105263158,0.0,Достоевский,Братья Карамазовы
0.05813595816671793,0.08151338049830821,0.05813595816671793,0.009535527529990772,0.047062442325438325,0.031374961550292214,0.001845585973546601,0.1642571516456475,0.01353429713934174,0.05321439557059366,0.10273761919409412,0.016917871424177177,0.20178406644109506,0.02153183635804368,0.0,0.13103660412180868,0.007382343894186404,Достоевский,Братья Карамазовы
0.04228624535315985,0.05947955390334572,0.08131970260223048,0.0055762081784386614,0.03578066914498141,0.020910780669144983,0.0023234200743494425,0.10641263940520446,0.006505576208178439,0.06784386617100371,0.10641263940520446,0.03531598513011153,0.2648698884758364,0.024163568773234202,0.0,0.14033457249070633,0.00046468401486988845,Достоевский,Братья Карамазовы
0.07317562149157979,0.08159582999198076,0.06295108259823577,0.008821170809943865,0.05072173215717723,0.01343223736968725,0.0010024057738572574,0.15517241379310345,0.009623095429029671,0.02706495589414595,0.05813953488372093,0.03508420208500401,0.2532076984763432,0.021251002405773857,0.0,0.13091419406575783,0.017842822774659182,Набоков,Подвиг
0.09258436944937833,0.08414742451154529,0.06549733570159857,0.014431616341030195,0.03885435168738899,0.027531083481349913,0.0004440497335701599,0.19449378330373002,0.008658969804618118,0.02930728241563055,0.0586145648312611,0.017317939609236235,0.22957371225577264,0.020648312611012434,0.0,0.11123445825932504,0.0066607460035523975,Набоков,Дар
0.07765486725663717,0.084070796460177,0.05951327433628319,0.013053097345132743,0.03584070796460177,0.030309734513274338,0.000663716814159292,0.1670353982300885,0.007743362831858407,0.02743362831858407,0.07079646017699115,0.026327433628318585,0.24955752212389382,0.02920353982300885,0.0,0.11880530973451327,0.001991150442477876,Набоков,Дар
0.09180282470229853,0.08335641096649128,0.06632511769592911,0.014261977291608973,0.04167820548324564,0.029908612572694546,0.0004153973968429798,0.17945167543616727,0.006923289947382997,0.026862364995846027,0.06715591248961507,0.03226253115480476,0.21932982553309333,0.025754638604264746,0.0,0.11409581833287179,0.0004153973968429798,Набоков,Дар
0.05398457583547558,0.05869751499571551,0.06255355612682091,0.006855184233076264,0.030419880034275922,0.024850042844901457,0.0021422450728363325,0.11610968294772922,0.0029991431019708655,0.04627249357326478,0.09297343616109682,0.020137103684661525,0.3380462724935733,0.015852613538988862,0.0,0.12810625535561268,0.0,Набоков,Приглашение на казнь
0.053810039725532686,0.08017334777898158,0.06825568797399784,0.00902853015529072,0.03864210906464428,0.014806789454676778,0.00288912964969303,0.14301191765980498,0.009750812567713976,0.026724449259660527,0.05489346334416757,0.04008667388949079,0.26543878656554715,0.016612495485734922,0.0,0.15492957746478872,0.020946189960274468,Набоков,Подвиг
0.08146964856230032,0.07854100106496273,0.07108626198083066,0.011182108626198083,0.03381256656017039,0.02209797657082002,0.00026624068157614486,0.18264110756123536,0.005058572949946752,0.030617678381256657,0.04845580404685836,0.01757188498402556,0.273961661341853,0.01757188498402556,0.0,0.12460063897763578,0.0010649627263045794,Набоков,Приглашение на казнь
0.08453273869856072,0.09527670788566794,0.06243665112507602,0.008716805189539835,0.03385363875937563,0.029596594364484086,0.000608149199270221,0.1769714169876343,0.010338536387593756,0.02493411717007906,0.0754105007095074,0.0346645043584026,0.22177174133387392,0.022298803973241434,0.0,0.11534563146158525,0.003243462396107845,Набоков,Дар
0.08542199488491048,0.08900255754475703,0.055754475703324806,0.011253196930946292,0.04688832054560955,0.018414322250639385,0.0,0.1793691389599318,0.009036658141517476,0.02659846547314578,0.05080988917306053,0.03000852514919011,0.21687979539641944,0.02608695652173913,0.0,0.13060528559249787,0.023870417732310314,Набоков,Подвиг
0.06616341030195382,0.058170515097690945,0.07948490230905861,0.013321492007104795,0.03641207815275311,0.026198934280639432,0.0008880994671403197,0.11589698046181172,0.0026642984014209592,0.03330373001776199,0.1261101243339254,0.013321492007104795,0.2508880994671403,0.021314387211367674,0.0,0.1558614564831261,0.0,Набоков,Соглядатай
0.0552112676056338,0.08056338028169015,0.0647887323943662,0.01323943661971831,0.04619718309859155,0.018591549295774647,0.0011267605633802818,0.15295774647887325,0.009295774647887323,0.030985915492957747,0.061408450704225355,0.03492957746478873,0.24704225352112677,0.021971830985915493,0.0,0.14309859154929577,0.018591549295774647,Набоков,Подвиг
0.05673469387755102,0.06448979591836734,0.05877551020408163,0.007346938775510204,0.02979591836734694,0.022857142857142857,0.0020408163265306124,0.12489795918367347,0.004081632653061225,0.04081632653061224,0.08938775510204082,0.022448979591836733,0.3240816326530612,0.015102040816326531,0.0,0.13714285714285715,0.0,Набоков,Приглашение на казнь
0.08662139842172875,0.08093228115250505,0.0642319691686548,0.013580473481372729,0.03982382088456598,0.02899614608184988,0.0005505597357313268,0.17984951367223342,0.006056157093044595,0.030831345200954305,0.06918700679023675,0.031014865112864744,0.23215268856670948,0.024591668195999266,0.0,0.11121306661772802,0.00036703982382088455,Набоков,Дар
0.08488612836438923,0.08881987577639752,0.04803312629399586,0.008902691511387164,0.027950310559006212,0.02629399585921325,0.0006211180124223603,0.18695652173913044,0.012836438923395446,0.02422360248447205,0.06066252587991718,0.040372670807453416,0.25320910973084887,0.02111801242236025,0.0,0.11490683229813664,0.00020703933747412008,Набоков,Дар
0.07101137411620043,0.08084844758684291,0.06701506301875192,0.009837073470642483,0.03412234860129112,0.023670458038733477,0.0009222256378727329,0.16200430371964342,0.007070396557024286,0.027974177682139563,0.06947433138641254,0.02182600676298801,0.2797417768213956,0.016292652935751613,0.0,0.12818936366430986,0.0,Набоков,Дар
0.07677852348993289,0.08214765100671141,0.05798657718120805,0.012885906040268456,0.03355704697986577,0.032214765100671144,0.0013422818791946308,0.16939597315436242,0.007248322147651007,0.028456375838926174,0.0738255033557047,0.022818791946308724,0.2553020134228188,0.029261744966442953,0.0,0.11436241610738256,0.0024161073825503354,Набоков,Дар
0.10378453680055723,0.08799628511725098,0.046436034362665427,0.009983747387973066,0.02693289993034595,0.032737404225679126,0.0,0.2068725330856745,0.00812630601346645,0.02507545855583933,0.04527513350359879,0.033201764569305785,0.24936150452751335,0.022521476665892732,0.0,0.10053401439517065,0.0011609008590666356,Набоков,Дар
0.06510263929618769,0.07331378299120235,0.07038123167155426,0.008504398826979473,0.036070381231671556,0.01847507331378299,0.0002932551319648094,0.1750733137829912,0.007331378299120235,0.03167155425219941,0.05366568914956012,0.022287390029325515,0.2838709677419355,0.016129032258064516,0.0,0.1375366568914956,0.0002932551319648094,Набоков,Приглашение на казнь
0.08135125818683213,0.0672182006204757,0.07169941399517407,0.010341261633919338,0.03895208548776284,0.03136849362288866,0.0,0.14788004136504654,0.003447087211306446,0.03378145467080317,0.09651844191658049,0.025163736642537057,0.23853843502240607,0.025163736642537057,0.0,0.12857635298173042,0.0,Набоков,Соглядатай
0.08187481459507565,0.07653515277365767,0.07386532186294868,0.010975971521803619,0.033521210323346186,0.021358647285671908,0.0002966478789676654,0.18125185404924354,0.005339661821417977,0.031148027291604864,0.05072678730347078,0.01868881637496292,0.2741026401661228,0.01601898546425393,0.0,0.1242954612874518,0.0,Набоков,Приглашение на казнь
0.08702691762801053,0.08581258854482898,0.051811374215745803,0.008905079943331309,0.029143897996357013,0.03217972070431087,0.0004047763610605141,0.20765027322404372,0.009714632665452338,0.027120016191054443,0.05262092693786683,0.025703298927342643,0.2541995547460028,0.024691358024691357,0.0,0.10200364298724955,0.0010119409026512851,Набоков,Дар
0.0696299540179549,0.08649003722356033,0.06349901467046201,0.012261878694985767,0.03985110575870374,0.031092620976571055,0.0006568863586599519,0.1648784760236479,0.006568863586599518,0.026494416465951392,0.07838843880008758,0.023866871031311583,0.24611342237792863,0.026932340705058025,0.0,0.12261878694985767,0.0006568863586599519,Набоков,Дар
0.09034352177441168,0.07763051122531782,0.0619421152285637,0.010008114687584528,0.03624560454422505,0.021909656478225587,0.0002704895861509332,0.17311333513659724,0.007032729239924263,0.021639166892074655,0.04977008385177171,0.043819312956451174,0.25939951311874493,0.018122802272112524,0.0,0.12848255342169326,0.0002704895861509332,Набоков,Дар
0.07313432835820896,0.07201492537313432,0.07126865671641791,0.010074626865671642,0.045895522388059704,0.025,0.0014925373134328358,0.1455223880597015,0.004850746268656716,0.03582089552238806,0.07164179104477612,0.05,0.24477611940298508,0.02164179104477612,0.0,0.12686567164179105,0.0,Набоков,Соглядатай
0.11633309506790565,0.10203716940671909,0.058613295210864905,0.009471050750536097,0.035025017869907075,0.03323802716225876,0.0,0.2192637598284489,0.009828448892065762,0.01929949964260186,0.05307362401715511,0.024303073624017155,0.18531093638313081,0.01858470335954253,0.0,0.11561829878484632,0.0,Набоков,Другие берега
0.10207612456747404,0.09147923875432526,0.0689878892733564,0.008434256055363323,0.03806228373702422,0.025302768166089964,0.00043252595155709344,0.2166955017301038,0.007785467128027681,0.017084775086505192,0.04173875432525952,0.017084775086505192,0.23507785467128028,0.014922145328719723,0.0,0.11353806228373703,0.0012975778546712802,Набоков,Дар
0.06758700028760425,0.08455565142364108,0.06902502157031924,0.01179177451826287,0.03940178314639057,0.027897612884670693,0.0008628127696289905,0.1722749496692551,0.004314063848144953,0.03163646821972965,0.09318377911993098,0.004026459591601955,0.22490652861662352,0.025021570319240724,0.0,0.14351452401495543,0.0,Набоков,Соглядатай
0.1140533056420907,0.1024575977847006,0.057805469020422294,0.009518864659051576,0.03582554517133956,0.03409484250605746,0.0,0.2166839736933195,0.009345794392523364,0.01955694011768778,0.056074766355140186,0.023883696780893044,0.18501211491865696,0.01955694011768778,0.0,0.115957078573901,0.00017307026652821047,Набоков,Другие берега
0.08436966593513777,0.08949036820287734,0.056327724945135334,0.009997561570348696,0.029504998780785174,0.02609119726895879,0.000243842965130456,0.1950743721043648,0.011460619361131432,0.02682272616435016,0.05169470860765667,0.02974884174591563,0.23969763472323824,0.023408924652523776,0.0,0.12557912704218482,0.000487685930260912,Набоков,Дар
0.11248513674197384,0.0910820451843044,0.06183115338882283,0.007372175980975029,0.03804994054696789,0.03210463733650416,0.0004756242568370987,0.20856123662306777,0.009274673008323424,0.02592152199762188,0.06539833531510107,0.017598097502972653,0.18335315101070154,0.019976218787158145,0.0,0.11961950059453032,0.006896551724137931,Набоков,Другие берега
0.11294117647058824,0.09915966386554621,0.05142857142857143,0.007899159663865547,0.041176470588235294,0.031260504201680674,0.0001680672268907563,0.2166386554621849,0.010420168067226891,0.023529411764705882,0.0546218487394958,0.02403361344537815,0.19512605042016806,0.016974789915966387,0.0,0.11042016806722689,0.004201680672268907,Набоков,Другие берега
0.0875804057397328,0.0917862444334488,0.050470064324591786,0.012122711528946067,0.043047996041563584,0.01682335477486393,0.0007422068283028204,0.19247897080653142,0.010638297872340425,0.01880257298367145,0.05071746660069273,0.03488372093023256,0.2224146462147452,0.02127659574468085,0.0,0.12419594260267194,0.02201880257298367,Набоков,Подвиг
0.11371237458193979,0.10426913240212472,0.05095416092858548,0.0070824316348613026,0.03816643714341924,0.03619909502262444,0.0001967342120794806,0.21994884910485935,0.008853039543576628,0.022230965964981312,0.06256147944127484,0.026755852842809364,0.17233916978162503,0.01809954751131222,0.0,0.11666338776313201,0.0019673421207948064,Набоков,Другие берега
0.06255283178360102,0.06255283178360102,0.07016060862214708,0.01267962806424345,0.04142011834319527,0.015215553677092139,0.0,0.13102282333051563,0.011834319526627219,0.030431107354184278,0.07058326289095519,0.033389687235841084,0.27557058326289097,0.018596787827557058,0.0,0.14327979712595096,0.020710059171597635,Набоков,Подвиг
0.09394071490845685,0.08326068003487358,0.05666957279860506,0.006974716652136007,0.03400174367916303,0.024193548387096774,0.00043591979075850045,0.2083696599825632,0.007628596338273758,0.02702702702702703,0.05536181342632956,0.024847428073234524,0.24803836094158674,0.01983435047951177,0.0,0.10941586748038361,0.0,Набоков,Дар
0.08644153225806452,0.07963709677419355,0.06804435483870967,0.013608870967741936,0.03679435483870968,0.02469758064516129,0.00025201612903225806,0.17237903225806453,0.009324596774193549,0.03225806451612903,0.06426411290322581,0.023941532258064516,0.24899193548387097,0.01940524193548387,0.0,0.1123991935483871,0.007560483870967742,Набоков,Дар
0.05820433436532508,0.05820433436532508,0.07801857585139318,0.004953560371517028,0.03931888544891641,0.019814241486068113,0.0021671826625387,0.11888544891640866,0.005263157894736842,0.038390092879256967,0.08204334365325078,0.015479876160990712,0.3061919504643963,0.023839009287925695,0.0,0.14922600619195048,0.0,Набоков,Приглашение на казнь
0.06976744186046512,0.06582577847851794,0.06227828143476547,0.007094994087504927,0.027197477335435555,0.02404414662987781,0.0011824990145841545,0.1623965313362239,0.005518328734726055,0.03429247142294048,0.06385494678754434,0.02089081592432006,0.3078439101300749,0.01103665746945211,0.0,0.1363815530153725,0.00039416633819471815,Набоков,Приглашение на казнь
0.07305699481865285,0.07202072538860103,0.06632124352331606,0.011139896373056995,0.03419689119170984,0.022538860103626945,0.0012953367875647669,0.16476683937823836,0.004145077720207254,0.03860103626943005,0.05310880829015544,0.015544041450777202,0.3028497409326425,0.016580310880829015,0.0,0.12279792746113989,0.0010362694300518134,Набоков,Приглашение на казнь
0.07006369426751592,0.0674409891345073,0.06219557886849007,0.005994754589733983,0.02772573997751967,0.021730985387785687,0.0011240164855751218,0.1637317347321094,0.005620082427875608,0.034095166729112024,0.05807418508804796,0.02285500187336081,0.3091045335331585,0.010865492693892843,0.0,0.13900337204945673,0.0003746721618583739,Набоков,Приглашение на казнь
0.05463347164591978,0.07434301521438451,0.06811894882434301,0.007952973720608575,0.04253112033195021,0.014522821576763486,0.0031120331950207467,0.14488243430152145,0.008644536652835409,0.026625172890733056,0.05739972337482711,0.043568464730290454,0.25933609958506226,0.017289073305670817,0.0,0.16217150760719226,0.014868603042876901,Набоков,Подвиг
0.08408290965975752,0.09073132577238952,0.0482987876417677,0.009972624168947985,0.029135705905357842,0.026398122800156434,0.0005866249511145874,0.19045756746186937,0.012123582323034806,0.0248337895971842,0.06159561986703168,0.03930387172467736,0.24814235432147047,0.020140789988267502,0.0,0.11400078216660149,0.00019554165037152912,Набоков,Дар
0.08646917534027222,0.09507606084867894,0.06605284227381905,0.007606084867894315,0.030824659727782224,0.026821457165732587,0.00040032025620496394,0.1789431545236189,0.010208166533226582,0.025620496397117692,0.06305044035228183,0.03943154523618895,0.2365892714171337,0.01721377101681345,0.0,0.11208967173738991,0.003602882305844676,Набоков,Дар
0.11609715932482503,0.1053931659118979,0.04878550843968711,0.007204610951008645,0.03581720872787155,0.03211198023878139,0.0002058460271716756,0.21737340469328942,0.00699876492383697,0.018731988472622477,0.06566488266776452,0.024495677233429394,0.1813503499382462,0.01729106628242075,0.0,0.1171263894606834,0.005351996706463565,Набоков,Другие берега
0.08294824399260628,0.0949630314232902,0.06423290203327171,0.005545286506469501,0.0411275415896488,0.029574861367837338,0.0002310536044362292,0.20679297597042515,0.00577634011090573,0.029574861367837338,0.06561922365988909,0.010397412199630314,0.21187615526802217,0.02564695009242144,0.0,0.12361367837338262,0.0020794824399260627,Набоков,Дар
0.10287130758107829,0.09254286304482545,0.05949184052881636,0.010535013426977897,0.04131377814501136,0.03635612476761,0.0,0.19624044618880396,0.00846932451972733,0.028919644701507954,0.06341664945259244,0.023548853542656477,0.18715141499690147,0.020243751291055566,0.0,0.11898368105763273,0.009915306754802726,Набоков,Другие берега
0.05314401622718053,0.06693711967545639,0.06247464503042596,0.010141987829614604,0.03813387423935091,0.011359026369168357,0.0008113590263691683,0.13914807302231239,0.008519269776876268,0.03204868154158215,0.06855983772819473,0.04259634888438134,0.28843813387423933,0.015821501014198783,0.0,0.14807302231237324,0.013793103448275862,Набоков,Подвиг
0.07675438596491228,0.08625730994152046,0.06140350877192982,0.01023391812865497,0.04568713450292398,0.015716374269005847,0.0007309941520467836,0.18165204678362573,0.005116959064327485,0.021929824561403508,0.0577485380116959,0.025584795321637425,0.23135964912280702,0.019736842105263157,0.0,0.1597222222222222,0.0003654970760233918,Набоков,Совершенство
0.0915791824882734,0.08376144739781104,0.06946616037525129,0.008041098950189859,0.03707840071476435,0.027250390886754523,0.00044672771945499217,0.1987938351574715,0.006030824212642395,0.024793388429752067,0.05450078177350905,0.016305561760107213,0.24480679026133573,0.018539200357382175,0.0,0.11726602635693545,0.0013401831583649765,Набоков,Дар
0.09711133691392074,0.10015967484395413,0.0718536797793584,0.008999854841050951,0.039918710988532446,0.023806067644070256,0.0,0.18899695166206998,0.0071127885034112355,0.02598345187980839,0.05022499637102627,0.017128755987806648,0.22993177529394687,0.023951226593119466,0.0,0.11351429815648134,0.00130643054144288,Набоков,Дар
0.08516426030550324,0.09520820255283532,0.05293994559531283,0.010880937434609751,0.0389202762084118,0.01966938690102532,0.0004184975936388366,0.18330194601381042,0.010253191044151497,0.023645114040594266,0.04959196484620213,0.03724628583385645,0.21803724628583385,0.02197112366603892,0.0,0.12492153170119272,0.027830089976982633,Набоков,Подвиг
0.08254545454545455,0.0829090909090909,0.06363636363636363,0.010181818181818183,0.04109090909090909,0.02,0.0007272727272727272,0.18254545454545454,0.005090909090909091,0.02327272727272727,0.05709090909090909,0.027636363636363636,0.2298181818181818,0.01927272727272727,0.0,0.15381818181818183,0.0003636363636363636,Набоков,Совершенство
0.06687046236148261,0.06763469621704242,0.055024837600305694,0.009552923194497517,0.030187237294612153,0.02445548337791364,0.0007642338555598013,0.16087122659533817,0.010699273977837218,0.03171570500573175,0.06419564386702331,0.021016431027894536,0.3014902560183416,0.014138326327856323,0.0,0.14100114635078334,0.00038211692777990065,Набоков,Приглашение на казнь
0.11615439599714081,0.10078627591136526,0.06111508220157255,0.010900643316654753,0.03538241601143674,0.03413152251608292,0.00017869907076483203,0.20997140814867762,0.00964974982130093,0.02108649035025018,0.056468906361686916,0.029306647605432452,0.18656182987848463,0.01697641172265904,0.0,0.11025732666190136,0.001072194424588992,Набоков,Другие берега
0.07161921708185054,0.08251779359430605,0.052713523131672595,0.011788256227758007,0.03291814946619217,0.02424377224199288,0.00022241992882562276,0.1846085409252669,0.012677935943060499,0.030249110320284697,0.05137900355871886,0.034030249110320286,0.26312277580071175,0.02224199288256228,0.0,0.12544483985765126,0.00022241992882562276,Набоков,Дар
0.08081926376972046,0.07860503736507057,0.06393578743426516,0.00996401882092444,0.039025740381954055,0.02186548574591752,0.0013838915029061722,0.17187932466094658,0.008303349017437033,0.023249377248823692,0.05258787711043454,0.028784943260448382,0.2731801826736784,0.020204815942430114,0.0,0.12510379186271797,0.0011071132023249377,Набоков,Дар
0.09729970988618612,0.08770363758089712,0.06806516402588708,0.010488730194153091,0.03860745369337201,0.021646953804954253,0.0002231644722160232,0.20665030127203748,0.008480249944208882,0.017183664360633788,0.0461950457487168,0.020084802499442087,0.23365320241017629,0.016960499888417763,0.0,0.12631109127426915,0.0004463289444320464,Набоков,Дар
0.11210762331838565,0.09267563527653214,0.0554932735426009,0.012144992526158445,0.04502989536621824,0.03755605381165919,0.0001868460388639761,0.1976831091180867,0.009715994020926755,0.027466367713004484,0.0655829596412556,0.02335575485799701,0.1851644245142003,0.022234678624813153,0.0,0.1117339312406577,0.0018684603886397607,Набоков,Другие берега
0.11319234642497482,0.09566968781470292,0.057603222557905336,0.010473313192346425,0.04451158106747231,0.033434038267875124,0.0,0.21168177240684793,0.010070493454179255,0.023967774420946625,0.06243705941591138,0.02054380664652568,0.18670694864048337,0.01651560926485398,0.0,0.11057401812688822,0.0026183282980866062,Набоков,Другие берега
0.12021572720946416,0.09846903270702853,0.061064718162839246,0.008698677800974252,0.03966597077244259,0.03531663187195546,0.00017397355601948505,0.2105080027835769,0.010438413361169102,0.021224773834377174,0.06210855949895616,0.022268615170494086,0.17849686847599164,0.015657620041753653,0.0,0.1127348643006263,0.0029575504523312456,Набоков,Другие берега
0.048414023372287146,0.06803005008347246,0.06844741235392321,0.009181969949916527,0.03672787979966611,0.01293823038397329,0.00333889816360601,0.13856427378964942,0.007512520868113523,0.028797996661101836,0.06260434056761269,0.04298831385642738,0.2800500834724541,0.017529215358931552,0.0,0.15859766277128548,0.0162771285475793,Набоков,Подвиг
0.08333333333333333,0.09398496240601503,0.06265664160401002,0.012218045112781954,0.041353383458646614,0.02474937343358396,0.0,0.18703007518796994,0.006265664160401002,0.02537593984962406,0.07299498746867168,0.03665413533834586,0.2149122807017544,0.020050125313283207,0.0,0.11842105263157894,0.0,Набоков,Соглядатай
0.07165689930740543,0.07165689930740543,0.0633990410229089,0.007458710708577517,0.04022376132125732,0.018646776771443795,0.0015982951518380393,0.16782099094299413,0.006393180607352157,0.02637187000532765,0.05434203516249334,0.023708044752264252,0.29648375066595634,0.022109749600426214,0.0,0.1281299946723495,0.0,Набоков,Приглашение на казнь
0.08415074858027878,0.08776458440887971,0.06169334021683015,0.00980898296334538,0.0436241610738255,0.017552916881775942,0.0007743933918430562,0.17785234899328858,0.0074858027878162104,0.019101703665462055,0.04878678368611254,0.03252452245740836,0.23593185338151781,0.017811048012390293,0.0,0.1303562209602478,0.0247805885389778,Набоков,Подвиг
0.08299352362676901,0.0959462700887503,0.0652434636603502,0.005277044854881266,0.04077716478771888,0.029023746701846966,0.00023986567522187575,0.20340609258815062,0.005996641880546894,0.031182537778843847,0.06476373230990645,0.010554089709762533,0.21491964499880067,0.024946030223075077,0.0,0.12257136003837851,0.0021587910769968817,Набоков,Дар
0.1283264340626848,0.09974374137591169,0.050068992706485314,0.009856100926473488,0.04257835600236547,0.033510743150009854,0.0005913660555884093,0.21663709836388725,0.009461856889414548,0.02266903213088902,0.05519416518825153,0.015769761482357578,0.18608318549181943,0.018332347723240685,0.0,0.10782574413561995,0.0033510743150009857,Набоков,Другие берега
0.07076695072248981,0.0700259355316784,0.04890700259355317,0.010003705075954057,0.032975175991107816,0.027788069655427936,0.0007410151908114116,0.17302704705446462,0.00963319748054835,0.03260466839570211,0.0574286772878844,0.010374212671359764,0.3064097814005187,0.02037791774731382,0.0,0.1289366432011856,0.0,Набоков,Приглашение на казнь
0.10021367521367522,0.08632478632478632,0.06324786324786325,0.009829059829059829,0.038461538461538464,0.02200854700854701,0.00021367521367521368,0.19487179487179487,0.00876068376068376,0.016666666666666666,0.045940170940170943,0.03205128205128205,0.24358974358974358,0.014743589743589743,0.0,0.12286324786324786,0.00021367521367521368,Набоков,Дар
0.1072,0.09546666666666667,0.052977777777777776,0.0096,0.043555555555555556,0.03253333333333333,0.0,0.2056888888888889,0.009777777777777778,0.0272,0.05848888888888889,0.02897777777777778,0.1888,0.0192,0.0,0.11182222222222223,0.00871111111111111,Набоков,Другие берега
0.07363291824580401,0.07065511640498105,0.07038440714672442,0.01028695181375203,0.03627504060638874,0.028695181375203032,0.0005414185165132648,0.16269626421223607,0.005955603681645912,0.03519220357336221,0.0668651867893882,0.018678938819707634,0.27314564158094207,0.02598808879263671,0.0,0.11613427179209529,0.004872766648619383,Набоков,Дар
0.0771077107710771,0.07200720072007201,0.06030603060306031,0.009900990099009901,0.0354035403540354,0.0297029702970297,0.00030003000300030005,0.1626162616261626,0.0054005400540054005,0.030903090309030903,0.08250825082508251,0.0354035403540354,0.23402340234023403,0.0288028802880288,0.0,0.13561356135613561,0.0,Набоков,Соглядатай
0.06548323471400394,0.06785009861932939,0.06863905325443787,0.011045364891518738,0.03629191321499014,0.014201183431952662,0.0,0.14319526627218934,0.011439842209072978,0.029585798816568046,0.06785009861932939,0.03431952662721893,0.27416173570019725,0.01854043392504931,0.0,0.13648915187376726,0.020907297830374753,Набоков,Подвиг
0.10972130787798991,0.0934825543120474,0.05859117840684661,0.009874917709019092,0.040377441299100286,0.03247750713188501,0.0,0.20276497695852536,0.007461048935703314,0.028746982664033357,0.062102260258942284,0.02479701558042572,0.18323458415624314,0.021724818959842,0.0,0.11718235681369323,0.007461048935703314,Набоков,Другие берега
0.10019978484708775,0.09620408790533272,0.05517135392654065,0.007684032580298141,0.03442446595973567,0.030275088366374672,0.0007684032580298141,0.22283694482864608,0.006454587367450438,0.024281542953742123,0.059167050868295684,0.013062855386506839,0.21376978638389427,0.018902720147533424,0.0,0.11556785000768403,0.0012294452128477024,Набоков,Дар
0.08111308466548253,0.08427077165975923,0.057825143082691925,0.010459838168541543,0.04460232879415828,0.022498519834221433,0.00019735543714229328,0.17525162818235643,0.01144661535425301,0.024077363331359777,0.05052299190842708,0.0380895993684626,0.22952437339648707,0.02486678507992895,0.0,0.1259127688967831,0.01934083283994474,Набоков,Подвиг
0.05667870036101083,0.07292418772563176,0.06173285198555957,0.009025270758122744,0.03646209386281588,0.0148014440433213,0.0007220216606498195,0.15451263537906137,0.007942238267148015,0.02888086642599278,0.06209386281588448,0.044765342960288806,0.2732851985559567,0.0184115523465704,0.0,0.1444043321299639,0.013357400722021661,Набоков,Подвиг
0.11289961994187346,0.09568522244578583,0.061927118265146436,0.008271853342275877,0.037335121842164094,0.028616141292197632,0.000447127207690588,0.20098367985691928,0.008495416946121171,0.023921305611446456,0.0668455175497429,0.02034428794992175,0.18622848200312989,0.019002906326849988,0.0,0.12184216409568523,0.007154035323049408,Набоков,Другие берега
0.07571152252003316,0.07377728654324399,0.0674219397623653,0.008289582757667864,0.0364741641337386,0.02238187344570323,0.00027631942525559546,0.16689693285437968,0.005526388505111909,0.030671456203371097,0.05194805194805195,0.020447637468914065,0.28295109146172975,0.0182370820668693,0.0,0.13843603205305333,0.0005526388505111909,Набоков,Приглашение на казнь
0.07827102803738317,0.08177570093457943,0.06804906542056074,0.01197429906542056,0.03008177570093458,0.018691588785046728,0.0002920560747663551,0.15800233644859812,0.01080607476635514,0.035630841121495324,0.0709696261682243,0.03066588785046729,0.25934579439252337,0.018983644859813083,0.0,0.11769859813084112,0.008761682242990653,Набоков,Дар
0.0781510602811532,0.08958780081010245,0.06290207290922087,0.010721944245889922,0.041219918989754585,0.020252561353347628,0.0011913271384322134,0.1753633547772218,0.006433166547533953,0.0228734810578985,0.05742196807243269,0.02573266619013581,0.25399094591374793,0.022396950202525613,0.0,0.13033118894448414,0.0014295925661186562,Набоков,Дар
0.06831162896961389,0.08613205391820881,0.07059629883481837,0.014164953164267764,0.040210189627598814,0.026730637422892393,0.0006854009595613434,0.1658670322138451,0.007082476582133882,0.026502170436371944,0.07973497829563628,0.02170436371944254,0.2419465387251542,0.02695910440941284,0.0,0.12268677176148046,0.0006854009595613434,Набоков,Дар
0.07815723126289251,0.07701123080449232,0.056154022461608985,0.01031400412560165,0.03781801512720605,0.027274810909924365,0.00022920009168003668,0.17327526931010773,0.00618840247536099,0.02635801054320422,0.06486362594545038,0.03827641531056612,0.2539537015814806,0.025899610359844144,0.0,0.12239284895713959,0.0018336007334402934,Набоков,Дар
0.08095238095238096,0.06972789115646258,0.07551020408163266,0.009183673469387756,0.04149659863945578,0.02959183673469388,0.0,0.1435374149659864,0.003061224489795918,0.03197278911564626,0.10068027210884353,0.025170068027210883,0.23333333333333334,0.024829931972789116,0.0,0.13095238095238096,0.0,Набоков,Соглядатай
0.06589521054323369,0.08196721311475409,0.07007393121182899,0.006107360977177756,0.03310832529733205,0.018964963034394086,0.0025715204114432656,0.17743490838958534,0.007071681131468981,0.02571520411443266,0.05400192864030858,0.026036644165863067,0.29090324654451943,0.011250401800064288,0.0,0.12761170041787206,0.0012857602057216328,Набоков,Приглашение на казнь
0.059467455621301776,0.059763313609467454,0.06420118343195266,0.009171597633136094,0.035798816568047336,0.023668639053254437,0.0029585798816568047,0.1393491124260355,0.0035502958579881655,0.04467455621301775,0.06390532544378698,0.015384615384615385,0.3343195266272189,0.017159763313609466,0.0,0.12544378698224853,0.001183431952662722,Набоков,Приглашение на казнь
0.08739884393063584,0.08508670520231214,0.0515606936416185,0.006936416184971098,0.03375722543352601,0.023352601156069363,0.00046242774566473987,0.2009248554913295,0.008554913294797687,0.026589595375722544,0.0591907514450867,0.028901734104046242,0.25549132947976877,0.018497109826589597,0.0,0.11329479768786127,0.0,Набоков,Дар
0.05465587044534413,0.05465587044534413,0.06241565452091768,0.00775978407557355,0.03508771929824561,0.024291497975708502,0.004048582995951417,0.11099865047233469,0.005735492577597841,0.049257759784075573,0.0931174089068826,0.01417004048582996,0.3157894736842105,0.023616734143049933,0.0,0.14439946018893388,0.0,Набоков,Приглашение на казнь
0.05563002680965148,0.0653485254691689,0.057640750670241284,0.00938337801608579,0.03418230563002681,0.015080428954423592,0.0013404825737265416,0.15382037533512063,0.006367292225201072,0.025804289544235925,0.0596514745308311,0.03518766756032172,0.3042895442359249,0.019772117962466487,0.0,0.14443699731903487,0.012064343163538873,Набоков,Подвиг
0.06729758149316509,0.08517350157728706,0.057308096740273394,0.011041009463722398,0.04048370136698212,0.01708727655099895,0.0005257623554153522,0.157465825446898,0.007097791798107256,0.024710830704521555,0.0528391167192429,0.03732912723449001,0.2576235541535226,0.020767613038906414,0.0,0.13827549947423765,0.024973711882229233,Набоков,Подвиг
0.1143042701737295,0.10326351680467609,0.06251014775125832,0.00876765708718948,0.045624289657411915,0.036207176489689887,0.0,0.21529469069654164,0.009417113167722032,0.018509498295177788,0.06104887157006007,0.021107322617308005,0.17616496184445526,0.01509985387238188,0.0,0.11056989771066732,0.0021107322617308004,Набоков,Другие берега
0.05084745762711865,0.05736636245110821,0.06388526727509779,0.006953498478922208,0.02998696219035202,0.024771838331160364,0.0021729682746631897,0.11386353759235116,0.003042155584528466,0.047805302042590175,0.09256844850065189,0.020860495436766623,0.3446327683615819,0.015210777922642329,0.0,0.12603215993046502,0.0,Набоков,Приглашение на казнь
0.0633535660091047,0.06904400606980274,0.06449165402124431,0.011760242792109257,0.033004552352048556,0.010622154779969651,0.00037936267071320183,0.15515933232169954,0.007587253414264037,0.02276176024279211,0.05576631259484067,0.03452200303490137,0.30007587253414264,0.01479514415781487,0.0,0.1430197268588771,0.013657056145675266,Набоков,Подвиг
0.06772784019975031,0.08863920099875156,0.06928838951310862,0.008114856429463172,0.04431960049937578,0.016541822721598,0.0,0.16292134831460675,0.008426966292134831,0.020599250936329586,0.04900124843945069,0.04744069912609238,0.24282147315855182,0.013108614232209739,0.0,0.14388264669163545,0.017166042446941324,Набоков,Подвиг
0.06079214000614062,0.06079214000614062,0.0604851089960086,0.008903899293828677,0.03408044212465459,0.019649984648449494,0.00184218606079214,0.13847098556954252,0.003991403131716303,0.03960700030703101,0.0776788455634019,0.01903592262818545,0.3177770954866441,0.01934295363831747,0.0,0.13754989253914646,0.0,Набоков,Приглашение на казнь
0.08111050626020685,0.08083832335329341,0.06287425149700598,0.00979858464888405,0.03946652150244965,0.02150244964616222,0.0013609145345672292,0.1728361458900381,0.007893304300489928,0.023407729994556342,0.05362003266194883,0.027762656505171474,0.2702776265650517,0.020685900925421885,0.0,0.12547632008709853,0.0010887316276537834,Набоков,Дар
0.10980508852849279,0.10013390864454694,0.049843773248028564,0.007439369141496801,0.0367504835589942,0.03630412141050439,0.0,0.2044338640083321,0.01309328968903437,0.019342359767891684,0.05073649754500818,0.04166046719238209,0.19922630560928434,0.016366612111292964,0.0,0.09596786192530873,0.018895997619401875,Набоков,Другие берега
0.07881882770870337,0.08370337477797514,0.0597246891651865,0.012655417406749556,0.03507992895204263,0.03041740674955595,0.0006660746003552398,0.169404973357016,0.007992895204262877,0.02575488454706927,0.06993783303730018,0.02642095914742451,0.24977797513321492,0.02797513321492007,0.0,0.11967140319715808,0.0019982238010657193,Набоков,Дар
0.06826976229961304,0.06937534549474848,0.06605859590934218,0.009950248756218905,0.03731343283582089,0.019624101713653953,0.0008291873963515755,0.1630735212824765,0.006357103372028745,0.032061912658927584,0.06025428413488115,0.020729684908789386,0.28800442233278056,0.019071310116086235,0.0,0.13875069098949697,0.0002763957987838585,Набоков,Приглашение на казнь
0.11693895098882201,0.09458297506448839,0.056964746345657784,0.009028374892519347,0.04299226139294927,0.031384350816852966,0.0,0.21324161650902837,0.010963026655202063,0.021711092003439382,0.06040412725709372,0.023645743766122097,0.19239036973344797,0.015692175408426483,0.0,0.10662080825451418,0.0034393809114359416,Набоков,Другие берега
0.058383233532934134,0.05688622754491018,0.06347305389221557,0.010179640718562874,0.03473053892215569,0.022754491017964073,0.0038922155688622755,0.11916167664670659,0.004191616766467066,0.045209580838323354,0.08922155688622754,0.013173652694610778,0.3203592814371258,0.021856287425149702,0.0,0.13652694610778443,0.0,Набоков,Приглашение на казнь
0.11601915912719532,0.10040801844952989,0.05925137484477559,0.009402164271775768,0.03512506652474721,0.03317367394003903,0.00017739932588256165,0.21731417420613802,0.009579563597658328,0.020046123824729464,0.05286499911300337,0.026255100230619124,0.18680149015433742,0.018094731240021287,0.0,0.1151321624977825,0.0003547986517651233,Набоков,Другие берега
0.06343792633015007,0.07366984993178717,0.07162346521145975,0.009890859481582538,0.04638472032742155,0.02796725784447476,0.0006821282401091405,0.13744884038199182,0.004092769440654843,0.035811732605729875,0.08560709413369713,0.04809004092769441,0.24045020463847203,0.022510231923601638,0.0,0.13199181446111868,0.00034106412005457026,Набоков,Соглядатай
0.09683514407179972,0.09966934341048654,0.07022516139190679,0.00944733112895607,0.039836246260431425,0.02440560541646985,0.0001574555188159345,0.18926153361675327,0.007400409384348922,0.0269248937175248,0.05070067705873091,0.0136986301369863,0.2328767123287671,0.024090694378837978,0.0,0.11336797354747284,0.0011021886317115414,Набоков,Дар
0.07502612330198537,0.08317659352142111,0.05036572622779519,0.010240334378265412,0.030721003134796237,0.030512016718913272,0.0004179728317659352,0.18244514106583073,0.011494252873563218,0.030512016718913272,0.05621734587251829,0.049947753396029256,0.2564263322884012,0.025078369905956112,0.0,0.10741901776384535,0.0,Набоков,Дар
0.11250736304731986,0.09483604947967798,0.05301394070292558,0.012369919497349302,0.04594541527586884,0.03593167092087179,0.00019634792852935403,0.20263106224229335,0.008442960926762222,0.028077753779697623,0.06440212055762812,0.028470449636756334,0.180247398389947,0.02199096799528765,0.0,0.10995483997643825,0.0009817396426467701,Набоков,Другие берега
0.07188318981654811,0.0711344065892924,0.04829651815799326,0.011231748408835642,0.03369524522650692,0.027330587794833397,0.0007487832272557095,0.1763384500187196,0.011606140022463497,0.03182328715836765,0.053538000748783225,0.010108573567952079,0.30213403219767876,0.02283788843129914,0.0,0.1265443654062149,0.0007487832272557095,Набоков,Приглашение на казнь
0.06688524590163934,0.08131147540983606,0.07344262295081967,0.00819672131147541,0.04065573770491803,0.019672131147540985,0.0,0.19245901639344262,0.009180327868852459,0.026557377049180327,0.04360655737704918,0.02754098360655738,0.25311475409836065,0.015081967213114755,0.0,0.1419672131147541,0.0003278688524590164,Набоков,Приглашение на казнь
0.11217948717948718,0.0907451923076923,0.06009615384615385,0.011017628205128206,0.04487179487179487,0.03705929487179487,0.00020032051282051281,0.1955128205128205,0.009615384615384616,0.027844551282051284,0.0641025641025641,0.02564102564102564,0.18990384615384615,0.020432692307692308,0.0,0.10877403846153846,0.002003205128205128,Набоков,Другие берега
0.06763122476446837,0.07570659488559893,0.07738896366083446,0.008411843876177659,0.040376850605652756,0.0211978465679677,0.0,0.18775235531628534,0.00908479138627187,0.026917900403768506,0.03869448183041723,0.02860026917900404,0.2617765814266487,0.01278600269179004,0.0,0.14333781965006728,0.00033647375504710633,Набоков,Приглашение на казнь
0.08771929824561403,0.08333333333333333,0.0581140350877193,0.008991228070175439,0.032675438596491226,0.027850877192982456,0.0004385964912280702,0.20153508771929823,0.007456140350877193,0.03048245614035088,0.057236842105263155,0.02675438596491228,0.2418859649122807,0.022149122807017543,0.0,0.11337719298245615,0.0,Набоков,Дар
0.08221993833504625,0.07862281603288798,0.06140801644398767,0.009506680369989723,0.04367934224049332,0.018499486125385406,0.0010277492291880781,0.16289825282631037,0.007194244604316547,0.02183967112024666,0.050616649537512846,0.03802672147995889,0.24409044193216856,0.017985611510791366,0.0,0.13591983556012333,0.026464542651593013,Набоков,Подвиг
0.08617553433378808,0.08185538881309687,0.045020463847203276,0.010459299681673489,0.030923146884947704,0.030468394724874944,0.0,0.19326966803092316,0.008412914961346066,0.02796725784447476,0.05025011368804002,0.0482037289677126,0.2544338335607094,0.024329240563892678,0.0,0.10732150977717145,0.0009095043201455207,Набоков,Дар
0.061052631578947365,0.07508771929824562,0.06842105263157895,0.0077192982456140355,0.030877192982456142,0.02,0.002456140350877193,0.17298245614035088,0.008771929824561403,0.02631578947368421,0.05333333333333334,0.02526315789473684,0.30736842105263157,0.013333333333333334,0.0,0.1256140350877193,0.0014035087719298245,Набоков,Приглашение на казнь
0.11066920283589832,0.10461698080581014,0.059138855265433166,0.01054815839529656,0.044786443022652604,0.034411205256787133,0.0,0.216323707418295,0.00933771398927892,0.01832958671969566,0.06207850596576171,0.023344284973197304,0.1777624070551617,0.0155628566487982,0.0,0.11257132975964032,0.0005187618882932734,Набоков,Другие берега
0.07090909090909091,0.08272727272727273,0.06696969696969697,0.009393939393939394,0.03424242424242424,0.023636363636363636,0.0009090909090909091,0.16454545454545455,0.0069696969696969695,0.027575757575757576,0.06757575757575758,0.02212121212121212,0.2772727272727273,0.01606060606060606,0.0,0.1290909090909091,0.0,Набоков,Дар
0.11057901610796692,0.09120592076621681,0.058554636482368305,0.01044841097083152,0.04440574662603396,0.0348280365694384,0.00021767522855898998,0.19808445798868088,0.00979538528515455,0.027427078798432737,0.0672616456247279,0.023073574227252938,0.19155420113191118,0.018067043970396168,0.0,0.11232041793643883,0.0021767522855899,Набоков,Другие берега
0.10001894298162531,0.09717749573782913,0.06023868156847888,0.00757719265012313,0.03315021784428869,0.02140556923659784,0.00037885963250615644,0.22314832354612615,0.006630043568857738,0.02026899033907937,0.04603144534949801,0.024436446296647093,0.21708656942602766,0.016480394014017807,0.0,0.12597082780829702,0.0,Набоков,Дар
0.0802675585284281,0.0738826391000304,0.07266646397081179,0.010641532380662816,0.033140772271207056,0.023411371237458192,0.0006080875646093037,0.16996047430830039,0.004560656734569778,0.03557312252964427,0.061112800243235024,0.018242626938279112,0.2785041045910611,0.017026451809060504,0.0,0.12040133779264214,0.0,Набоков,Приглашение на казнь
0.11937716262975778,0.10397923875432526,0.05484429065743945,0.006747404844290658,0.03754325259515571,0.0342560553633218,0.0,0.207439446366782,0.01055363321799308,0.01730103806228374,0.05086505190311419,0.03477508650519031,0.19273356401384084,0.015051903114186851,0.0,0.1,0.01453287197231834,Набоков,Другие берега
0.09208712434518886,0.09429280397022333,0.06313757926661152,0.014061207609594707,0.0380479735318445,0.0242624758753791,0.00027570995312930797,0.19795974634684313,0.011028398125172319,0.02315963606286187,0.043837882547559964,0.019575406672180867,0.23490488006617039,0.012682657843948167,0.0,0.130686517783292,0.0,Набоков,Приглашение на казнь
0.08965728274173806,0.07711138310893513,0.05660954712362301,0.011627906976744186,0.03733170134638923,0.040085679314565484,0.0009179926560587516,0.18298653610771115,0.006731946144430845,0.03702570379436965,0.06150550795593635,0.02784577723378213,0.23623011015911874,0.02447980416156671,0.0,0.1003671970624235,0.009485924112607099,Набоков,Дар
0.0543956043956044,0.08296703296703296,0.06318681318681318,0.013186813186813187,0.045879120879120876,0.017582417582417582,0.001098901098901099,0.15412087912087913,0.008791208791208791,0.02967032967032967,0.06153846153846154,0.034340659340659344,0.24752747252747254,0.020604395604395604,0.0,0.14505494505494507,0.020054945054945057,Набоков,Подвиг
0.08918524692644302,0.08772660971035633,0.05292769326943113,0.008751823296520108,0.028130860595957492,0.03396540946030423,0.00020837674515524068,0.20816836841008543,0.009793707022296311,0.028130860595957492,0.05126067930818921,0.026880600125026046,0.2479683267347364,0.0245884559283184,0.0,0.10106272140029172,0.001250260470931444,Набоков,Дар
0.0870712401055409,0.09559569717881064,0.065354170895068,0.0075096407550233404,0.03024152628374264,0.02719707732900345,0.00040592652729855896,0.17982545159326163,0.010554089709762533,0.024964481428861377,0.06291861173127664,0.0385630200933631,0.23584331236046274,0.017048914146539477,0.0,0.11325350111629795,0.0036533387456870307,Набоков,Дар
0.05595498593310409,0.08033760550171928,0.06689590497030322,0.007502344482650828,0.04251328540168803,0.015004688965301657,0.0009377930603313535,0.15286026883401063,0.0087527352297593,0.027195998749609252,0.05626758361988121,0.03407314785870585,0.27070959674898404,0.015317286652078774,0.0,0.14754610815879962,0.018130665833072834,Набоков,Подвиг
0.0913855970829535,0.08318140382862352,0.051276207839562445,0.0068368277119416595,0.033272561531449404,0.024612579762989972,0.00022789425706472196,0.20305378304466729,0.007292616226071103,0.027575205104831357,0.0581130355515041,0.02666362807657247,0.25546946216955335,0.01982680036463081,0.0,0.11121239744758432,0.0,Набоков,Дар
0.0812451057165231,0.08398590446358653,0.05775254502740799,0.010180109631949883,0.04463586530931871,0.022122161315583398,0.00019577133907595928,0.1740407204385278,0.011550509005481598,0.02447141738449491,0.05070477682067345,0.03817541111981206,0.23022709475332812,0.02466718872357087,0.0,0.12627251370399373,0.019772905246671888,Набоков,Подвиг
0.07627118644067797,0.06864406779661017,0.05847457627118644,0.005508474576271186,0.03516949152542373,0.020338983050847456,0.000847457627118644,0.15296610169491526,0.006355932203389831,0.03855932203389831,0.07076271186440677,0.03728813559322034,0.29152542372881357,0.019067796610169493,0.0,0.11779661016949153,0.000423728813559322,Набоков,Дар
0.06600756033730736,0.0718232044198895,0.07036929339924397,0.008723466123873218,0.036347775516138416,0.01831927886013376,0.0005815644082582146,0.1715615004361733,0.006978772899098575,0.03140447804594359,0.0555394009886595,0.021808665309683048,0.2861296888630416,0.016574585635359115,0.0,0.13753998255306776,0.0002907822041291073,Набоков,Приглашение на казнь
0.07180851063829788,0.0737082066869301,0.067629179331307,0.0056990881458966565,0.030395136778115502,0.02013677811550152,0.0007598784194528875,0.1736322188449848,0.008358662613981762,0.02507598784194529,0.05357142857142857,0.02013677811550152,0.2993920972644377,0.011018237082066869,0.0,0.13867781155015196,0.0,Набоков,Приглашение на казнь
0.11642857142857142,0.10053571428571428,0.060714285714285714,0.010892857142857143,0.03553571428571429,0.033928571428571426,0.00017857142857142857,0.21089285714285713,0.009642857142857142,0.02107142857142857,0.05625,0.029285714285714286,0.18660714285714286,0.016964285714285713,0.0,0.11,0.0010714285714285715,Набоков,Другие берега
0.09568904593639575,0.0973851590106007,0.05653710247349823,0.007491166077738516,0.03519434628975265,0.03166077738515901,0.0007067137809187279,0.21809187279151943,0.00607773851590106,0.024593639575971733,0.06021201413427562,0.013710247349823321,0.21441696113074205,0.019646643109540635,0.0,0.1137809187279152,0.00480565371024735,Набоков,Дар
0.09488527724665392,0.08532504780114723,0.044216061185468454,0.009082217973231358,0.029158699808795412,0.03274378585086042,0.0,0.1950286806883365,0.008604206500956023,0.02844168260038241,0.04851816443594646,0.04660611854684513,0.24665391969407266,0.024378585086042064,0.0,0.10540152963671127,0.0009560229445506692,Набоков,Дар
0.05924764890282132,0.05799373040752351,0.07554858934169278,0.005015673981191223,0.038871473354231974,0.02006269592476489,0.00219435736677116,0.12288401253918495,0.005329153605015674,0.03761755485893417,0.08213166144200627,0.015360501567398118,0.30595611285266455,0.023197492163009405,0.0,0.14858934169278998,0.0,Набоков,Приглашение на казнь
0.11465583913379737,0.09377416860015468,0.051817478731631866,0.012180974477958236,0.04582366589327146,0.03905645784996133,0.00019334880123743234,0.2045630317092034,0.010247486465583914,0.027842227378190254,0.06361175560711524,0.025522041763341066,0.1776875483372003,0.022235112142304718,0.0,0.1094354215003867,0.0013534416086620263,Набоков,Другие берега
0.08795269770879527,0.09066272480906627,0.05814239960581424,0.009361911800936191,0.0450849963045085,0.01675289480167529,0.0004927322000492732,0.19068736141906872,0.007390983000739098,0.01823109140182311,0.04754865730475487,0.03301305740330131,0.21754126632175413,0.020694752402069475,0.0,0.13426952451342694,0.022172949002217297,Набоков,Подвиг
0.07397353240583644,0.07600950118764846,0.06141839158466237,0.009161859518154056,0.03495079742110621,0.022734984730234137,0.0006786562606040041,0.15914489311163896,0.007465218866644045,0.030539531727180182,0.0665083135391924,0.012555140821174076,0.29657278588394975,0.02002035968781812,0.0,0.12758737699355277,0.0006786562606040041,Набоков,Приглашение на казнь
0.08195754716981132,0.07606132075471699,0.07340801886792453,0.010908018867924528,0.03449292452830189,0.02152122641509434,0.00029481132075471697,0.17659198113207547,0.0050117924528301884,0.0330188679245283,0.052181603773584904,0.019162735849056603,0.27387971698113206,0.016214622641509434,0.0,0.1252948113207547,0.0,Набоков,Приглашение на казнь
0.11541929666366095,0.10207394048692515,0.057709648331830475,0.009918845807033363,0.03552750225428314,0.03408476104598738,0.0,0.21911632100991885,0.009558160504959423,0.019837691614066726,0.053381424706943195,0.02398557258791704,0.18431018935978358,0.019477006311992787,0.0,0.11559963931469792,0.0,Набоков,Другие берега
0.0766839378238342,0.07409326424870466,0.05181347150259067,0.008808290155440414,0.03626943005181347,0.030829015544041452,0.00025906735751295336,0.17564766839378237,0.006476683937823834,0.029533678756476684,0.0655440414507772,0.039378238341968914,0.26191709844559585,0.02849740932642487,0.0,0.11191709844559586,0.00233160621761658,Набоков,Дар
0.05886426592797784,0.0765235457063712,0.06752077562326869,0.005886426592797784,0.03150969529085872,0.018698060941828253,0.002770083102493075,0.1724376731301939,0.00796398891966759,0.027008310249307478,0.055401662049861494,0.027354570637119113,0.3060941828254848,0.011772853185595568,0.0,0.12880886426592797,0.0013850415512465374,Набоков,Приглашение на казнь
0.07022332506203474,0.07096774193548387,0.0672456575682382,0.004714640198511167,0.03821339950372209,0.018610421836228287,0.00024813895781637717,0.15558312655086848,0.005210918114143921,0.02977667493796526,0.06377171215880893,0.021588089330024814,0.29478908188585606,0.018610421836228287,0.0,0.13945409429280398,0.0009925558312655087,Набоков,Приглашение на казнь
0.08502105474233006,0.10166432725085221,0.06176057750150391,0.006817726087828354,0.03308602366151995,0.02466412672949669,0.0,0.20212552636855824,0.007619811509925807,0.025867254862642873,0.05233607379185883,0.026669340284740325,0.22598756767595748,0.01925005013033888,0.0,0.126930018046922,0.00020052135552436334,Набоков,Дар
0.07332585110362888,0.0718294051627385,0.07033295922184811,0.009726898615787506,0.04601571268237935,0.024691358024691357,0.0014964459408903852,0.14665170220725776,0.004863449307893753,0.03666292555181444,0.0710811821922933,0.049756827534605315,0.24579124579124578,0.021698466142910586,0.0,0.12607557052001497,0.0,Набоков,Соглядатай
0.058183340309753036,0.05609041439933026,0.052323147760569275,0.006278777731268313,0.02595228128924236,0.022603599832565928,0.0012557555462536626,0.15320217664294683,0.007534533277521975,0.03516115529510255,0.06739221431561322,0.022185014650481373,0.34491419003767265,0.013394725826705735,0.0,0.13311008790288822,0.0004185851820845542,Набоков,Приглашение на казнь
0.06917411888479748,0.09074171488690164,0.06443976854287217,0.008942661756970016,0.04734350341925302,0.014466070489216202,0.0007890583903208837,0.15228826933193057,0.008153603366649132,0.021567596002104155,0.05549710678590215,0.0386638611257233,0.24118884797475013,0.017359284587059442,0.0,0.14834297738032615,0.021041557075223566,Набоков,Подвиг
0.07799954117916953,0.08350539114475797,0.05276439550355586,0.012158752007341133,0.029593943565037854,0.025693966506079375,0.00022941041523285156,0.18536361550814406,0.01169993117687543,0.028905712319339298,0.04955264969029594,0.031199816471667814,0.25946317962835513,0.022482220692819455,0.0,0.12915806377609543,0.00022941041523285156,Набоков,Дар
0.06039126736603346,0.06095832151970513,0.06634533597958606,0.010774028919761838,0.036574992911823076,0.022682166146867026,0.0022682166146867026,0.13807768641905302,0.00396937907570173,0.04593138644740573,0.06492770059540687,0.015026935072299404,0.32775730082222854,0.017862205840657782,0.0,0.12531896796144032,0.0011341083073433513,Набоков,Приглашение на казнь
0.08488612836438923,0.08881987577639752,0.04803312629399586,0.008902691511387164,0.027950310559006212,0.02629399585921325,0.0006211180124223603,0.18695652173913044,0.012836438923395446,0.02422360248447205,0.06066252587991718,0.040372670807453416,0.25320910973084887,0.02111801242236025,0.0,0.11490683229813664,0.00020703933747412008,Набоков,Дар
0.10745140388768898,0.10475161987041037,0.05579553635709143,0.010979121670266379,0.04553635709143269,0.03257739380849532,0.0,0.2134629229661627,0.009359251259899209,0.01997840172786177,0.0642548596112311,0.029517638588912886,0.17764578833693304,0.01583873290136789,0.0,0.1124910007199424,0.0003599712023038157,Набоков,Другие берега
0.07622424108132063,0.0864170175049856,0.06071349434965655,0.011743851096831376,0.0350099711943275,0.030799911367161533,0.0008863283846665189,0.16818081099047197,0.008198537558165301,0.023709284289829383,0.07112785286948814,0.028362508309328606,0.24972302237979171,0.0268114336361622,0.0,0.12009749612231331,0.0019942388654996678,Набоков,Дар
0.11250244570534142,0.09430639796517315,0.05263157894736842,0.012326354920759147,0.04637057327333203,0.036587751907650165,0.00019565642731363725,0.2023087458423009,0.008413226374486401,0.027587556251222854,0.06476227744081393,0.02856583838779104,0.18078653883780083,0.021913519859127373,0.0,0.1097632557229505,0.0009782821365681863,Набоков,Другие берега
0.06732927220262905,0.07470343058672652,0.06636742545687721,0.01058031420327028,0.047451106123757615,0.029496633536389868,0.0003206155819172812,0.13914716255210002,0.0038473869830073742,0.035908945174735495,0.08432189804424495,0.04873356845142674,0.23982045527412632,0.023725553061878808,0.0,0.12792561718499518,0.0003206155819172812,Набоков,Соглядатай
0.08160322952710496,0.07670126874279123,0.06689734717416378,0.010092272202998846,0.036043829296424454,0.031718569780853516,0.0,0.1646482122260669,0.005190311418685121,0.027970011534025375,0.08621683967704728,0.025951557093425604,0.2234717416378316,0.029988465974625143,0.0,0.13350634371395617,0.0,Набоков,Соглядатай
0.06877662811929397,0.08186244674376142,0.07090687766281192,0.010955569080949483,0.03925745587340231,0.028606208155812538,0.0009129640900791236,0.1664637857577602,0.00426049908703591,0.030127814972611078,0.09373097991479001,0.005782105903834449,0.22976262933657943,0.02525867315885575,0.0,0.1433353621424224,0.0,Набоков,Соглядатай
0.08688118811881188,0.09207920792079208,0.057920792079207924,0.009653465346534653,0.0448019801980198,0.016831683168316833,0.00024752475247524753,0.19084158415841584,0.008415841584158416,0.018316831683168316,0.047524752475247525,0.03391089108910891,0.21707920792079208,0.02103960396039604,0.0,0.13193069306930694,0.022524752475247524,Набоков,Подвиг
0.0808276753960556,0.08373747171031361,0.06789524733268672,0.014548981571290009,0.03912059489169092,0.027481409634658907,0.0009699321047526673,0.17103136113805367,0.005496281926931782,0.02554154542515357,0.07953443258971872,0.0345942450695118,0.22276107339152926,0.02101519560297446,0.0,0.12544455221467832,0.0,Набоков,Соглядатай
0.08434559452523524,0.0872540633019675,0.05885372112917023,0.011633875106928999,0.0485885372112917,0.01762189905902481,0.0,0.17929854576561163,0.009067579127459367,0.02566295979469632,0.050983746792130025,0.028229255774165955,0.21676646706586827,0.02566295979469632,0.0,0.13276304533789562,0.023267750213857998,Набоков,Подвиг
0.06566241792197759,0.06875241405948243,0.06488991888760139,0.011201235998455001,0.0332174584781769,0.011587485515643106,0.0003862495171881035,0.1556585554268057,0.00772499034376207,0.023174971031286212,0.056778679026651215,0.03360370799536501,0.29934337582078024,0.013904982618771726,0.0,0.14020857473928158,0.013904982618771726,Набоков,Подвиг
0.06530139103554869,0.0660741885625966,0.054482225656877895,0.008887171561051005,0.028979907264296754,0.02511591962905719,0.0007727975270479134,0.15996908809891808,0.010819165378670788,0.03284389489953632,0.06646058732612056,0.020865533230293665,0.30409582689335396,0.014683153013910355,0.0,0.14026275115919629,0.0003863987635239567,Набоков,Приглашение на казнь
0.12686711930164887,0.09757516973811833,0.0498545101842871,0.007953443258971873,0.03937924345295829,0.03355965082444229,0.0003879728419010669,0.21416100872938895,0.011833171677982542,0.02114451988360815,0.05548011639185257,0.01571290009699321,0.19495635305528614,0.019398642095053348,0.0,0.10921435499515034,0.002521823472356935,Набоков,Другие берега
0.06587473002159827,0.0709143268538517,0.056155507559395246,0.010079193664506839,0.035277177825773935,0.02591792656587473,0.0007199424046076314,0.14974802015838734,0.0064794816414686825,0.03779697624190065,0.08387329013678906,0.03635709143268539,0.2775377969762419,0.02843772498200144,0.0,0.11303095752339813,0.0017998560115190785,Набоков,Дар
0.07559643575740155,0.07214716872664559,0.06668582926128198,0.008335728657660248,0.03621730382293763,0.024719747053751077,0.0008623167576889911,0.16211555044553033,0.006898534061511929,0.03046852543834435,0.054038516815176775,0.022995113538373097,0.287151480310434,0.017533774073009486,0.0,0.1336590974417936,0.0005748778384593274,Набоков,Приглашение на казнь
0.06732117812061711,0.06816269284712483,0.06339410939691445,0.009537166900420757,0.0361851332398317,0.020196353436185133,0.0011220196353436186,0.1576437587657784,0.0061711079943899015,0.03506311360448808,0.06479663394109397,0.01935483870967742,0.29312762973352036,0.019635343618513323,0.0,0.13800841514726508,0.00028050490883590464,Набоков,Приглашение на казнь
0.08596918085969181,0.10137875101378752,0.06001622060016221,0.007704785077047851,0.03223844282238443,0.02696674776966748,0.0,0.19748580697485807,0.006690997566909975,0.026561232765612328,0.056366585563665854,0.025952960259529603,0.2264801297648013,0.019870235198702353,0.0,0.12611516626115166,0.00020275750202757503,Набоков,Дар
0.10379746835443038,0.09113924050632911,0.06856540084388185,0.009915611814345991,0.03734177215189873,0.023839662447257385,0.0004219409282700422,0.2160337552742616,0.007805907172995781,0.01708860759493671,0.04535864978902954,0.016455696202531647,0.2291139240506329,0.015822784810126583,0.0,0.11582278481012659,0.0014767932489451476,Набоков,Дар
0.09196461481754516,0.10117950608182824,0.052340582381127904,0.009767784740140067,0.043494286767416145,0.016402506450423886,0.00036859565057132326,0.19166973829708808,0.01124216734242536,0.02156284555842241,0.043309988942130485,0.03335790637670476,0.2089937338739403,0.019904165130851456,0.0,0.1277183929229635,0.026723184666420936,Набоков,Подвиг
0.10053313023610053,0.09748667174409749,0.060167555217060166,0.007616146230007616,0.03313023610053313,0.021325209444021324,0.0003808073115003808,0.22334348819497335,0.006664127951256664,0.01999238385376999,0.0456968773800457,0.02456207159177456,0.21725057121096725,0.016374714394516376,0.0,0.12547600913937548,0.0,Набоков,Дар
0.10516285516285516,0.0984060984060984,0.05197505197505198,0.008662508662508662,0.040887040887040885,0.029972279972279973,0.00017325017325017325,0.20634095634095634,0.010048510048510048,0.0246015246015246,0.0595980595980596,0.028586278586278588,0.1962924462924463,0.01975051975051975,0.0,0.11243936243936244,0.007103257103257103,Набоков,Другие берега
0.061473087818696884,0.0631728045325779,0.06572237960339944,0.007082152974504249,0.040226628895184136,0.018130311614730877,0.0028328611898017,0.14844192634560907,0.006798866855524079,0.032577903682719546,0.06713881019830029,0.020679886685552408,0.3076487252124646,0.02379603399433428,0.0,0.13427762039660057,0.0,Набоков,Приглашение на казнь
0.07626748251748251,0.08479020979020979,0.054414335664335664,0.010926573426573426,0.030157342657342656,0.028627622377622376,0.00043706293706293706,0.18225524475524477,0.01048951048951049,0.03146853146853147,0.05506993006993007,0.050043706293706296,0.2541520979020979,0.023819930069930068,0.0,0.10708041958041958,0.0,Набоков,Дар
0.07658157602663707,0.073621901590825,0.073621901590825,0.009988901220865706,0.04624491305956345,0.024787273399926008,0.0011098779134295228,0.1513133555308916,0.005549389567147614,0.03625601183869774,0.06918238993710692,0.04439511653718091,0.23714391416944136,0.02182759896411395,0.0,0.12726600073991862,0.0011098779134295228,Набоков,Соглядатай
0.07552140504939626,0.08518111964873765,0.06147091108671789,0.012733260153677277,0.03534577387486279,0.030296377607025245,0.0006586169045005489,0.1672886937431394,0.007903402854006586,0.024807903402854006,0.07003293084522502,0.02854006586169045,0.24961580680570802,0.027442371020856202,0.0,0.12118551042810098,0.0019758507135016466,Набоков,Дар
0.07482993197278912,0.07551020408163266,0.05748299319727891,0.01020408163265306,0.03231292517006803,0.028231292517006804,0.0006802721088435374,0.18231292517006803,0.009863945578231292,0.031292517006802724,0.05272108843537415,0.012244897959183673,0.28741496598639454,0.01802721088435374,0.0,0.12687074829931974,0.0,Набоков,Приглашение на казнь
0.0763000852514919,0.06820119352088662,0.05839727195225917,0.005541346973572037,0.03495311167945439,0.020460358056265986,0.0008525149190110827,0.1534526854219949,0.00639386189258312,0.03751065643648764,0.07075873827791987,0.03836317135549872,0.29198635976129583,0.01918158567774936,0.0,0.11722080136402387,0.00042625745950554135,Набоков,Дар
0.07446808510638298,0.08238495794161306,0.06234537357743691,0.009153884215734785,0.045769421078673926,0.01855517070757051,0.0012370113805047005,0.16922315685304304,0.010638297872340425,0.025482434438396834,0.05244928253339931,0.03859475507174666,0.22958931222167245,0.023503216229589313,0.0,0.13854527461652646,0.01806036615536863,Набоков,Подвиг
0.08483075637275386,0.09569577935645633,0.05641454241537819,0.01065608023401588,0.041161721688257415,0.01838696197241956,0.0004178854993731718,0.18554116172168825,0.01065608023401588,0.024028416213957376,0.04743000417885499,0.03363978269954033,0.21771834517342248,0.021103217718345172,0.0,0.12599247806101127,0.02632678646050982,Набоков,Подвиг
0.07237005719970156,0.0815717483213131,0.07187266849042527,0.003481720964934096,0.03904501367818951,0.017905993533946778,0.000994777418552599,0.171101715991047,0.0074608306391444916,0.02710768465555832,0.06117881124098483,0.021636408853519026,0.2678438199452872,0.016165133051479732,0.0,0.14026361601591644,0.0,Набоков,Приглашение на казнь
0.05275498241500586,0.06760453302071122,0.06447831184056271,0.01016021883548261,0.039077764751856196,0.011723329425556858,0.0007815552950371239,0.14341539663931224,0.008597108245408363,0.03048065650644783,0.0668229777256741,0.04220398593200469,0.28096912856584605,0.015631105900742476,0.0,0.15240328253223914,0.012895662368112544,Набоков,Подвиг
0.08211233211233211,0.08852258852258853,0.058302808302808304,0.014652014652014652,0.032661782661782664,0.024114774114774116,0.0006105006105006105,0.18986568986568986,0.01098901098901099,0.025335775335775336,0.04975579975579975,0.01862026862026862,0.2622100122100122,0.014346764346764346,0.0,0.1278998778998779,0.0,Набоков,Приглашение на казнь
0.058402006449301325,0.05553565030455034,0.06915084199211752,0.004299534217126478,0.038337513436044426,0.011823719097097814,0.0017914725904693658,0.13041920458616982,0.005374417771408097,0.03582945180938732,0.06377642422070942,0.020781082049444642,0.3443210318882121,0.017198136868505912,0.0,0.1429595127194554,0.0,Набоков,Приглашение на казнь
0.07039274924471299,0.07522658610271904,0.07220543806646526,0.011782477341389729,0.028700906344410877,0.02054380664652568,0.0006042296072507553,0.14018126888217522,0.00906344410876133,0.04138972809667674,0.08157099697885196,0.027190332326283987,0.26978851963746225,0.022356495468277945,0.0,0.12900302114803625,0.0,Набоков,Дар
0.06609117885082277,0.08092797410304829,0.06339357971405449,0.009441596978688967,0.04612894523873752,0.017534394388993794,0.0002697599136768276,0.15673050984623685,0.009171837065012138,0.028594550849743727,0.05584030213110332,0.03371998920960345,0.2589695171297545,0.0205017534394389,0.0,0.13649851632047477,0.016185594820609658,Набоков,Подвиг
0.11344043887147336,0.10442789968652037,0.050940438871473356,0.007053291536050157,0.038205329153605014,0.03605015673981191,0.00019592476489028212,0.21963166144200627,0.008816614420062695,0.0219435736677116,0.06328369905956113,0.02664576802507837,0.17221786833855798,0.01841692789968652,0.0,0.11677115987460815,0.001959247648902821,Набоков,Другие берега
0.08260553129548763,0.0782387190684134,0.06186317321688501,0.009461426491994178,0.03711790393013101,0.025109170305676855,0.000363901018922853,0.19141193595342068,0.009825327510917031,0.026200873362445413,0.05203784570596798,0.013828238719068414,0.262372634643377,0.015283842794759825,0.0,0.1331877729257642,0.001091703056768559,Набоков,Приглашение на казнь
0.0901736052587224,0.08646553177144783,0.06859935951457947,0.012809708410584864,0.04196864992415304,0.02915894151356818,0.00016854879487611664,0.17680768582504636,0.007416146974549132,0.028484746334063712,0.06607112759143773,0.02561941682116973,0.22164166526209336,0.022922636103151862,0.0,0.12135513231080398,0.0003370975897522333,Набоков,Дар
0.06796116504854369,0.07216828478964402,0.06181229773462783,0.013592233009708738,0.032362459546925564,0.02815533980582524,0.000970873786407767,0.1533980582524272,0.006472491909385114,0.0343042071197411,0.08025889967637541,0.02912621359223301,0.270873786407767,0.030420711974110032,0.0,0.11553398058252427,0.0025889967637540453,Набоков,Дар
0.06613976705490848,0.06988352745424292,0.07196339434276207,0.008319467554076539,0.03951747088186356,0.018718801996672214,0.0,0.18718801996672213,0.014143094841930116,0.024126455906821963,0.0370216306156406,0.03993344425956739,0.27745424292845255,0.012063227953410981,0.0,0.13352745424292845,0.0,Набоков,Приглашение на казнь
0.09629821382345327,0.10108723789800673,0.07196479420139788,0.007507118819570282,0.03921822417809992,0.0243334196220554,0.0,0.18793683665544914,0.007248252653378203,0.024592285788247476,0.05216153248770386,0.019414962464405904,0.22896712399689362,0.02342738804038312,0.0,0.1148071447061869,0.0010354646647683149,Набоков,Дар
0.09260070052539404,0.08581436077057793,0.05363397548161121,0.00766199649737303,0.03393169877408056,0.024737302977232926,0.00043782837127845885,0.2059982486865149,0.0070052539404553416,0.026926444833625218,0.05647985989492119,0.026926444833625218,0.24802977232924694,0.01904553415061296,0.0,0.11077057793345009,0.0,Набоков,Дар
0.05279783393501805,0.060018050541516245,0.06633574007220217,0.010379061371841155,0.042418772563176894,0.016696750902527077,0.0009025270758122744,0.1177797833935018,0.010379061371841155,0.04061371841155235,0.08032490974729242,0.03655234657039711,0.27617328519855594,0.018501805054151624,0.0,0.14891696750902528,0.021209386281588447,Набоков,Подвиг
0.07563352826510722,0.07875243664717349,0.06666666666666667,0.01364522417153996,0.03625730994152047,0.02456140350877193,0.0011695906432748538,0.15867446393762183,0.005847953216374269,0.03469785575048733,0.07602339181286549,0.0304093567251462,0.23586744639376217,0.020662768031189084,0.0,0.14074074074074075,0.0003898635477582846,Набоков,Соглядатай
0.08706515471843168,0.08725735152796464,0.06496252162214107,0.014414760714972132,0.04055352681145493,0.02940611185854315,0.0003843936190659235,0.19162021910436286,0.005958101095521814,0.027676340572746493,0.059773207764751105,0.019411877762829138,0.22890640015375746,0.02421679800115318,0.0,0.1176244474341726,0.000768787238131847,Набоков,Дар
0.09593852908891329,0.0893523600439078,0.06322722283205269,0.008562019758507134,0.03732162458836443,0.025466520307354554,0.0002195389681668496,0.18902305159165753,0.007903402854006586,0.020417124039517013,0.043029637760702524,0.04544456641053787,0.24302963776070252,0.019538968166849614,0.0,0.11108671789242591,0.0004390779363336992,Набоков,Дар
0.09311348205625607,0.08001939864209505,0.06280310378273521,0.008971871968962172,0.038797284190106696,0.02594568380213385,0.00024248302618816683,0.17967992240543162,0.008729388942774006,0.02133850630455868,0.04413191076624636,0.04364694471387003,0.2507274490785645,0.02061105722599418,0.0,0.12099903006789525,0.00024248302618816683,Набоков,Дар
0.04828519855595668,0.05595667870036101,0.06362815884476535,0.007671480144404332,0.027978339350180504,0.02572202166064982,0.002256317689530686,0.10965703971119134,0.002707581227436823,0.050090252707581225,0.09566787003610108,0.02075812274368231,0.35153429602888087,0.014891696750902527,0.0,0.12319494584837545,0.0,Набоков,Приглашение на казнь
0.06806119263190759,0.08866687480487044,0.06806119263190759,0.008117389946924758,0.04339681548548236,0.017171401810802372,0.0,0.16390883546674992,0.009054011863877614,0.020293474867311895,0.049328754292850455,0.04589447393068998,0.24352169840774274,0.01404932875429285,0.0,0.14361536059943802,0.01685919450515142,Набоков,Подвиг
0.11016346837242359,0.10145700071073205,0.060056858564321254,0.00923951670220327,0.03624733475479744,0.0353589196872779,0.00017768301350390902,0.21819474058280028,0.010305614783226724,0.019722814498933903,0.05721393034825871,0.022388059701492536,0.1830135039090263,0.02007818052594172,0.0,0.1162046908315565,0.00017768301350390902,Набоков,Другие берега
0.12126015454725579,0.10105012878937983,0.05528036457301367,0.00851991281949673,0.03903308896374084,0.029324351099663165,0.00019813750743015652,0.21676243312859125,0.0077273627897761045,0.02060630077273628,0.053298989498712104,0.02100257578759659,0.19120269467010104,0.016049138101842678,0.0,0.11214582920546859,0.006538537745195166,Набоков,Другие берега
0.08991388118522843,0.08261567654357029,0.0659757699605897,0.014158517004816814,0.04218362282878412,0.030506495402131076,0.0005838563713326521,0.17559480367829514,0.0067143482703255,0.02773317763830098,0.07137644139541673,0.03109035177346373,0.2199678878995767,0.02554371624580353,0.0,0.11560356152386513,0.00043789227849948915,Набоков,Дар
0.07844990548204159,0.06947069943289225,0.05860113421550094,0.010869565217391304,0.03213610586011342,0.01890359168241966,0.000945179584120983,0.15075614366729678,0.007088846880907372,0.04678638941398866,0.07088846880907372,0.017485822306238186,0.31758034026465026,0.019376181474480152,0.0,0.09782608695652174,0.002835538752362949,Набоков,Дар
0.053497942386831275,0.06310013717421124,0.06904435299497028,0.008687700045724738,0.03566529492455418,0.018747142203932327,0.0013717421124828531,0.12985825331504344,0.010059442158207591,0.037951531778692274,0.07544581618655692,0.03429355281207133,0.26703246456332874,0.01828989483310471,0.0,0.15592135345221764,0.021033379058070414,Набоков,Подвиг
0.0895724949106537,0.07781045012440624,0.05292920153811355,0.01063107894141597,0.03664329337254015,0.03709567971047274,0.0006785795068988917,0.18434743270753223,0.007464374575887808,0.035738520696674964,0.0572268717484732,0.03505994118977607,0.2363718615697806,0.02375028274146121,0.0,0.11083465279348563,0.0038452838724270526,Набоков,Дар
0.09535485628660946,0.10093992644053944,0.07355946056395586,0.007900830949461927,0.03855060618444354,0.02424737774145212,0.0,0.1898923852336194,0.0073559460563955865,0.026290696090450892,0.049039640375970577,0.01798120147118921,0.23103119466012806,0.02315760795531944,0.0,0.113880942650865,0.0008173273395995096,Набоков,Дар
0.08114495798319328,0.07878151260504201,0.061186974789915964,0.009191176470588236,0.04332983193277311,0.018644957983193277,0.0010504201680672268,0.16517857142857142,0.0070903361344537815,0.022058823529411766,0.05042016806722689,0.03755252100840336,0.24343487394957983,0.01759453781512605,0.0,0.13760504201680673,0.025735294117647058,Набоков,Подвиг
0.08378500451671184,0.09191508581752485,0.06594399277326106,0.005871725383920506,0.04042457091237579,0.028455284552845527,0.00022583559168925022,0.1978319783197832,0.0076784101174345075,0.032068654019873535,0.06278229448961156,0.017841011743450767,0.22018970189701897,0.025293586269196026,0.0,0.11946702800361338,0.00022583559168925022,Набоков,Дар
0.08880139982502187,0.08114610673665791,0.05730533683289589,0.008967629046369203,0.033245844269466314,0.027340332458442695,0.0004374453193350831,0.20319335083114612,0.006780402449693788,0.030402449693788275,0.05708661417322835,0.027777777777777776,0.24343832020997375,0.02121609798775153,0.0,0.11286089238845144,0.0,Набоков,Дар
0.08110831234256927,0.07858942065491184,0.07128463476070529,0.010327455919395465,0.033501259445843826,0.02216624685138539,0.0005037783375314861,0.18186397984886649,0.005289672544080605,0.029974811083123425,0.04534005037783375,0.017632241813602016,0.2788413098236776,0.016876574307304788,0.0,0.12569269521410578,0.0010075566750629723,Набоков,Приглашение на казнь
0.12009156541644656,0.10494805423490051,0.05282620179609086,0.008100017608733932,0.04085226272231027,0.02870223630920937,0.00017608733932030288,0.22574396900862828,0.009508716323296355,0.019369607325233316,0.051241415742208134,0.01778482127135059,0.18982215178728648,0.016728297235428773,0.0,0.11128719845043142,0.002817397429124846,Набоков,Другие берега
0.06065945129624969,0.08029197080291971,0.066448527561037,0.013340045305814245,0.04882959979864083,0.01887742260256733,0.0010067958721369243,0.15504656430908634,0.00931286181726655,0.03196576894034735,0.06191794613642084,0.03599295242889504,0.23785552479234834,0.023408004027183488,0.0,0.13818273345079285,0.01686383085829348,Набоков,Подвиг
0.08641098484848485,0.09138257575757576,0.054924242424242424,0.010179924242424242,0.030303030303030304,0.025331439393939392,0.00023674242424242425,0.20454545454545456,0.010890151515151516,0.024384469696969696,0.050189393939393936,0.031486742424242424,0.23366477272727273,0.02225378787878788,0.0,0.12334280303030302,0.0004734848484848485,Набоков,Дар
0.07450738916256158,0.06958128078817734,0.06096059113300493,0.011391625615763547,0.03355911330049261,0.029864532019704435,0.0003078817733990148,0.1579433497536946,0.005849753694581281,0.03017241379310345,0.08466748768472906,0.03479064039408867,0.2395320197044335,0.028633004926108374,0.0,0.13793103448275862,0.0003078817733990148,Набоков,Соглядатай
0.11906570451955943,0.10235472844663882,0.05089251804025826,0.009874667679453095,0.041207747816179266,0.03703000379794911,0.000569692366122294,0.21933156095708317,0.0094948727687049,0.022028104823395366,0.056209646790733,0.021078617546524875,0.18515001898974554,0.018799848082035702,0.0,0.10444360045575389,0.0024686669198632737,Набоков,Другие берега
0.11304816678648455,0.102803738317757,0.056973400431344356,0.010064701653486701,0.035945363048166784,0.035046728971962614,0.0,0.21567217828900073,0.009705248023005032,0.019410496046010063,0.05751258087706686,0.023544212796549245,0.18457943925233644,0.019769949676491733,0.0,0.11574406901509705,0.00017972681524083394,Набоков,Другие берега
0.0766852195423624,0.07173778602350031,0.04081632653061224,0.0074211502782931356,0.025974025974025976,0.021645021645021644,0.0006184291898577613,0.18800247371675943,0.006802721088435374,0.027829313543599257,0.06802721088435375,0.015460729746444033,0.3129251700680272,0.014842300556586271,0.0,0.12059369202226346,0.0006184291898577613,Лукьяненко,Звезды - холодные игрушки
0.04542177361211247,0.05263157894736842,0.03749098774333093,0.006488824801730353,0.029560201874549386,0.022350396539293438,0.0014419610670511895,0.136986301369863,0.002883922134102379,0.04037490987743331,0.09444844989185291,0.03821196827685652,0.33669790915645276,0.021629416005767843,0.0,0.13338139870223503,0.0,Лукьяненко,Звезды - холодные игрушки
0.0681265206812652,0.07603406326034064,0.06751824817518248,0.012165450121654502,0.03710462287104623,0.029805352798053526,0.0006082725060827251,0.16727493917274938,0.006690997566909975,0.029805352798053526,0.06265206812652069,0.051094890510948905,0.23905109489051096,0.0170316301703163,0.0,0.13503649635036497,0.0,Лукьяненко,Дневной дозор
0.0815078960774325,0.08507386653082018,0.06011207335710647,0.0056036678553234845,0.048395313295975545,0.016811003565970453,0.0,0.16148751910341314,0.007131940906775344,0.04533876719307183,0.07437595517065716,0.03769740193581253,0.2205807437595517,0.01782985226693836,0.0,0.1380539989811513,0.0,Лукьяненко,Дневной дозор
0.05026809651474531,0.05630026809651475,0.057640750670241284,0.005361930294906166,0.02613941018766756,0.013404825737265416,0.0,0.1353887399463807,0.020107238605898123,0.04155495978552279,0.04222520107238606,0.06032171581769437,0.34785522788203754,0.01742627345844504,0.0,0.1260053619302949,0.0,Лукьяненко,Дневной дозор
0.06371359223300971,0.07827669902912622,0.05946601941747573,0.009708737864077669,0.03640776699029126,0.019417475728155338,0.0,0.16140776699029127,0.006067961165048544,0.05461165048543689,0.06128640776699029,0.05339805825242718,0.24757281553398058,0.01699029126213592,0.0,0.1316747572815534,0.0,Лукьяненко,Дневной дозор
0.07091737150292778,0.05660377358490566,0.05139882888744307,0.009759271307742356,0.029277813923227064,0.02342225113858165,0.0,0.16395575797007156,0.006506180871828237,0.038386467143786594,0.06506180871828236,0.022121014964216004,0.33311646063760575,0.013662979830839297,0.0,0.11581001951854261,0.0,Лукьяненко,Звезды - холодные игрушки
0.06376021798365122,0.06920980926430517,0.051771117166212535,0.008174386920980926,0.025068119891008173,0.022888283378746595,0.0,0.18201634877384196,0.009809264305177113,0.0326975476839237,0.06485013623978202,0.029427792915531336,0.311716621253406,0.01580381471389646,0.0,0.11280653950953679,0.0,Лукьяненко,Звезды - холодные игрушки
0.05702066999287242,0.06414825374198146,0.04775481111903065,0.007840342124019958,0.018531717747683536,0.021382751247327157,0.0,0.14183891660727013,0.010691375623663579,0.03991446899501069,0.07198859586600143,0.044191019244476125,0.3264433357091946,0.01639344262295082,0.0,0.13186029935851745,0.0,Лукьяненко,Звезды - холодные игрушки
0.07822410147991543,0.080338266384778,0.05391120507399577,0.009513742071881607,0.03646934460887949,0.0200845665961945,0.0,0.17019027484143764,0.009513742071881607,0.04704016913319239,0.046511627906976744,0.056553911205074,0.22938689217758984,0.017970401691331923,0.0,0.14429175475687103,0.0,Лукьяненко,Дневной дозор
0.06494413407821228,0.05307262569832402,0.04748603351955307,0.01606145251396648,0.023044692737430168,0.023743016759776536,0.0,0.1494413407821229,0.004189944134078212,0.036312849162011177,0.08449720670391062,0.02863128491620112,0.3344972067039106,0.017458100558659217,0.0,0.11662011173184357,0.0,Лукьяненко,Звезды - холодные игрушки
0.059486537257357544,0.07326236693800876,0.07576706324358172,0.00939261114589856,0.048215403882279274,0.020037570444583593,0.0,0.17031934877896054,0.005635566687539136,0.03506574827802129,0.07514088916718847,0.028177833437695678,0.2398246712586099,0.016906700062617408,0.0,0.14214151534126487,0.0006261740763932373,Лукьяненко,Дневной дозор
0.08918296892980437,0.08400460299194476,0.07825086306098965,0.0034522439585730723,0.043153049482163405,0.01611047180667434,0.0005753739930955121,0.1812428078250863,0.005753739930955121,0.045454545454545456,0.06444188722669736,0.012658227848101266,0.25143843498273877,0.014384349827387802,0.0,0.10989643268124281,0.0,Лукьяненко,Дневной дозор
0.07773851590106007,0.08056537102473499,0.07208480565371024,0.009187279151943463,0.03250883392226148,0.019787985865724382,0.0007067137809187279,0.22190812720848058,0.01060070671378092,0.0431095406360424,0.052296819787985865,0.009187279151943463,0.20848056537102475,0.014134275618374558,0.0,0.14770318021201415,0.0,Лукьяненко,Звезды - холодные игрушки
0.052984165651644335,0.0730816077953715,0.049939098660170524,0.0054811205846528625,0.02984165651644336,0.01705237515225335,0.0,0.17783191230207065,0.010353227771010963,0.029232643118148598,0.06638246041412911,0.031668696711327646,0.3118148599269184,0.010962241169305725,0.0,0.13337393422655297,0.0,Лукьяненко,Звезды - холодные игрушки
0.06790518898142217,0.06342088404868675,0.04868673926969891,0.008968609865470852,0.028827674567584883,0.016655989750160152,0.0006406149903907751,0.15823190262652145,0.0032030749519538757,0.048046124279308135,0.08584240871236387,0.03267136450992953,0.29019859064702114,0.017937219730941704,0.0,0.1287636130685458,0.0,Лукьяненко,Звезды - холодные игрушки
0.046699875466998754,0.058530510585305104,0.04919053549190536,0.007471980074719801,0.02303860523038605,0.0323785803237858,0.0,0.17372353673723537,0.0012453300124533001,0.040473225404732256,0.059153175591531756,0.028642590286425903,0.33623910336239105,0.014321295143212951,0.0,0.12889165628891655,0.0,Лукьяненко,Звезды - холодные игрушки
0.06312684365781711,0.08967551622418879,0.05663716814159292,0.012979351032448377,0.038348082595870206,0.024778761061946902,0.0,0.1935103244837758,0.007079646017699115,0.03480825958702065,0.07728613569321534,0.008849557522123894,0.23480825958702065,0.011209439528023599,0.0,0.14690265486725665,0.0,Лукьяненко,Звезды - холодные игрушки
0.06910569105691057,0.06300813008130081,0.04607046070460705,0.009485094850948509,0.03048780487804878,0.02168021680216802,0.0006775067750677507,0.15582655826558264,0.0047425474254742545,0.023712737127371274,0.07655826558265583,0.03319783197831978,0.287940379403794,0.011517615176151762,0.0,0.1659891598915989,0.0,Лукьяненко,Звезды - холодные игрушки
0.06698002350176263,0.07285546415981199,0.05934195064629847,0.005875440658049354,0.04289071680376028,0.020564042303172738,0.0,0.15334900117508812,0.006462984723854289,0.04700352526439483,0.0781433607520564,0.055229142185663924,0.23854289071680376,0.017038777908343124,0.0,0.13572267920094008,0.0,Лукьяненко,Дневной дозор
0.0542832909245123,0.05004240882103478,0.04919423240033927,0.005937234944868533,0.02205258693808312,0.02205258693808312,0.0,0.13486005089058525,0.0033927056827820186,0.043256997455470736,0.10008481764206956,0.03307888040712468,0.3418150975402884,0.009329940627650551,0.0,0.13061916878710772,0.0,Лукьяненко,Звезды - холодные игрушки
0.0777170613236187,0.07468123861566485,0.04796599878567092,0.006071645415907711,0.024893746205221615,0.019429265330904676,0.0006071645415907711,0.19247115968427445,0.006071645415907711,0.030358227079538554,0.06739526411657559,0.013357619914996965,0.30297510625379476,0.014571948998178506,0.0,0.12082574377656345,0.0006071645415907711,Лукьяненко,Звезды - холодные игрушки
0.08398220244716352,0.08064516129032258,0.06896551724137931,0.008898776418242492,0.04671857619577308,0.010011123470522803,0.0011123470522803114,0.18687430478309233,0.005005561735261402,0.042269187986651836,0.060066740823136816,0.02335928809788654,0.2324805339265851,0.016129032258064516,0.0,0.13348164627363737,0.0,Лукьяненко,Дневной дозор
0.05450581395348837,0.06613372093023256,0.029069767441860465,0.007267441860465116,0.02252906976744186,0.023255813953488372,0.0007267441860465116,0.16424418604651161,0.0007267441860465116,0.0377906976744186,0.07703488372093023,0.053052325581395346,0.3125,0.01308139534883721,0.0,0.1380813953488372,0.0,Лукьяненко,Звезды - холодные игрушки
0.06444565811032223,0.07700709994538503,0.04642271982523211,0.004915346805024577,0.033315128345166575,0.015292190060076462,0.0010922992900054614,0.19279082468596395,0.0070999453850355,0.04642271982523211,0.05789186237028946,0.019661387220098307,0.2878208629164391,0.01474604041507373,0.0,0.1310759148006554,0.0,Лукьяненко,Звезды - холодные игрушки
0.05331510594668489,0.06493506493506493,0.045112781954887216,0.009569377990430622,0.01845522898154477,0.02050580997949419,0.0,0.1339712918660287,0.00683526999316473,0.03759398496240601,0.07723855092276145,0.04237867395762133,0.3397129186602871,0.015037593984962405,0.0,0.13533834586466165,0.0,Лукьяненко,Звезды - холодные игрушки
0.051451187335092345,0.05079155672823219,0.032321899736147755,0.010554089709762533,0.025065963060686015,0.021767810026385226,0.0,0.15237467018469658,0.005936675461741424,0.032321899736147755,0.07717678100263853,0.03825857519788918,0.34630606860158314,0.020448548812664908,0.0,0.13522427440633245,0.0,Лукьяненко,Звезды - холодные игрушки
0.08396062536189924,0.08222350897510133,0.08048639258830341,0.005790387955993051,0.045744064852345105,0.013317892298784018,0.0,0.17718587145338738,0.003474232773595831,0.05153445280833816,0.06601042269832079,0.012738853503184714,0.24551244933410538,0.013317892298784018,0.0,0.11870295309785756,0.0,Лукьяненко,Дневной дозор
0.030605455755156354,0.06320691949434465,0.056553559547571526,0.008649367930805056,0.023286759813705923,0.0166333998669328,0.001996007984031936,0.12840984697272123,0.0053226879574184965,0.03526280771789754,0.08117099135063206,0.030605455755156354,0.3685961410512309,0.00998003992015968,0.0,0.13972055888223553,0.0,Лукьяненко,Звезды - холодные игрушки
0.07969009407858328,0.07138904261206419,0.07360265633646929,0.006640841173215274,0.04095185390149419,0.022689540675152185,0.0,0.17819590481460984,0.012174875484228001,0.045932484781405644,0.058107360265633644,0.01383508577753182,0.2506917542888766,0.020475926950747094,0.0,0.12562257885998893,0.0,Лукьяненко,Дневной дозор
0.05988409529942048,0.06503541532517708,0.044430135222150675,0.0070830650354153256,0.02446877012234385,0.019961365099806824,0.0,0.15389568576947843,0.012234385061171926,0.0360592401802962,0.06567933032839665,0.037990985189954925,0.3322601416613007,0.014810045074050225,0.0,0.12556342562781714,0.000643915003219575,Лукьяненко,Звезды - холодные игрушки
0.05581395348837209,0.07732558139534884,0.04244186046511628,0.012790697674418604,0.031395348837209305,0.018604651162790697,0.0,0.18255813953488373,0.004651162790697674,0.02732558139534884,0.05232558139534884,0.03662790697674419,0.3058139534883721,0.015697674418604653,0.0,0.13662790697674418,0.0,Лукьяненко,Звезды - холодные игрушки
0.06626905235255136,0.07223326706428099,0.038436050364479786,0.009940357852882704,0.030483764082173626,0.017229953611663355,0.0,0.18820410868124585,0.01126573889993373,0.041749502982107355,0.08614976805831677,0.02054340622929092,0.27899271040424123,0.00927766732935719,0.0,0.12922465208747516,0.0,Лукьяненко,Звезды - холодные игрушки
0.06321839080459771,0.07255747126436782,0.0610632183908046,0.007902298850574713,0.02586206896551724,0.01221264367816092,0.0007183908045977011,0.14798850574712644,0.009339080459770116,0.04956896551724138,0.08405172413793104,0.02514367816091954,0.3081896551724138,0.010775862068965518,0.0,0.12140804597701149,0.0,Лукьяненко,Дневной дозор
0.08207217694994179,0.08323632130384168,0.06344586728754366,0.006402793946449359,0.04540162980209546,0.012223515715948778,0.0011641443538998836,0.19441210710128057,0.006402793946449359,0.043655413271245634,0.0459837019790454,0.03317811408614668,0.23573923166472643,0.011641443538998836,0.0,0.1350407450523865,0.0,Лукьяненко,Дневной дозор
0.05196850393700787,0.048031496062992125,0.05433070866141732,0.009448818897637795,0.03622047244094488,0.03700787401574803,0.0,0.15748031496062992,0.004724409448818898,0.031496062992125984,0.09291338582677165,0.014173228346456693,0.3125984251968504,0.007086614173228346,0.0,0.14251968503937007,0.0,Лукьяненко,Звезды - холодные игрушки
0.08904933814681107,0.0740072202166065,0.07099879663056559,0.009025270758122744,0.039711191335740074,0.016245487364620937,0.0,0.15042117930204574,0.013237063778580024,0.049338146811071,0.05836341756919374,0.06438026474127558,0.24368231046931407,0.01022864019253911,0.0,0.11131167268351384,0.0,Лукьяненко,Дневной дозор
0.05325077399380805,0.06191950464396285,0.05944272445820433,0.005572755417956657,0.027244582043343655,0.01609907120743034,0.0,0.13808049535603714,0.011145510835913313,0.04272445820433437,0.05448916408668731,0.05820433436532508,0.3281733746130031,0.015479876160990712,0.0,0.1281733746130031,0.0,Лукьяненко,Дневной дозор
0.059163987138263666,0.06752411575562701,0.06173633440514469,0.00964630225080386,0.029581993569131833,0.02572347266881029,0.0006430868167202572,0.16591639871382638,0.013504823151125401,0.0360128617363344,0.08295819935691319,0.016720257234726688,0.2720257234726688,0.012861736334405145,0.0,0.1459807073954984,0.0,Лукьяненко,Звезды - холодные игрушки
0.05758426966292135,0.05407303370786517,0.054775280898876406,0.010533707865168539,0.023876404494382022,0.02598314606741573,0.0,0.14396067415730338,0.0028089887640449437,0.03300561797752809,0.07303370786516854,0.05758426966292135,0.31741573033707865,0.012640449438202247,0.0,0.1327247191011236,0.0,Лукьяненко,Звезды - холодные игрушки
0.07388854101440201,0.08766437069505323,0.045084533500313086,0.003757044458359424,0.027551659361302442,0.01628052598622417,0.0006261740763932373,0.234815278647464,0.007514088916718848,0.041327489041953665,0.05823418910457107,0.0068879148403256105,0.2567313713212273,0.011897307451471509,0.0,0.12711333750782716,0.0006261740763932373,Лукьяненко,Звезды - холодные игрушки
0.05832793259883344,0.05897602073882048,0.04860661049902787,0.011665586519766688,0.027867790019442645,0.01814646791963707,0.0006480881399870382,0.13545042125729098,0.007128969539857421,0.03888528839922229,0.08360337005832794,0.0304601425793908,0.33441348023331174,0.014906027219701879,0.0,0.13091380427738172,0.0,Лукьяненко,Звезды - холодные игрушки
0.06942752740560293,0.07917174177831912,0.0779537149817296,0.0097442143727162,0.044457978075517664,0.012789281364190013,0.0,0.1577344701583435,0.009135200974421437,0.03714981729598051,0.0876979293544458,0.015225334957369063,0.23690621193666261,0.016443361753958587,0.0,0.146163215590743,0.0,Лукьяненко,Дневной дозор
0.060550458715596334,0.07522935779816514,0.0801223241590214,0.011620795107033639,0.05015290519877676,0.021406727828746176,0.0,0.17003058103975535,0.005504587155963303,0.03241590214067278,0.07889908256880734,0.023241590214067277,0.23363914373088684,0.014678899082568808,0.0,0.1418960244648318,0.0006116207951070336,Лукьяненко,Дневной дозор
0.0783132530120482,0.06987951807228916,0.07289156626506024,0.008433734939759036,0.05,0.02469879518072289,0.0012048192771084338,0.1614457831325301,0.004216867469879518,0.045180722891566265,0.0819277108433735,0.03313253012048193,0.21807228915662652,0.014457831325301205,0.0,0.13614457831325302,0.0,Лукьяненко,Дневной дозор
0.06535141800246609,0.07706535141800247,0.054870530209617754,0.008631319358816275,0.027127003699136867,0.020345252774352653,0.0012330456226880395,0.17385943279901356,0.014180024660912454,0.028976572133168926,0.07398273736128237,0.016029593094944512,0.2965474722564735,0.008014796547472256,0.0,0.1337854500616523,0.0,Лукьяненко,Звезды - холодные игрушки
0.06144643828167482,0.07449700924415444,0.040783034257748776,0.0076128330614464385,0.031538879825992384,0.01794453507340946,0.001087547580206634,0.17672648178357803,0.008156606851549755,0.03969548667754214,0.06579662860250136,0.0255573681348559,0.29255029907558455,0.01957585644371941,0.0,0.1370309951060359,0.0,Лукьяненко,Звезды - холодные игрушки
0.0762081784386617,0.07187112763320942,0.040892193308550186,0.007434944237918215,0.02540272614622057,0.02168525402726146,0.0006195786864931846,0.18835192069392812,0.006815365551425031,0.02664188351920694,0.0687732342007435,0.015489467162329617,0.3141263940520446,0.01486988847583643,0.0,0.12019826517967781,0.0006195786864931846,Лукьяненко,Звезды - холодные игрушки
0.061764705882352944,0.06470588235294118,0.06911764705882353,0.014705882352941176,0.023529411764705882,0.01911764705882353,0.004411764705882353,0.15441176470588236,0.009558823529411765,0.030882352941176472,0.06838235294117648,0.03455882352941177,0.2985294117647059,0.013235294117647059,0.0,0.13308823529411765,0.0,Лукьяненко,Звезды - холодные игрушки
0.06625766871165645,0.07668711656441718,0.06809815950920245,0.012269938650306749,0.03619631901840491,0.02883435582822086,0.0006134969325153375,0.16748466257668712,0.006748466257668712,0.029447852760736196,0.0638036809815951,0.051533742331288344,0.2411042944785276,0.016564417177914112,0.0,0.1343558282208589,0.0,Лукьяненко,Дневной дозор
0.06451612903225806,0.05017921146953405,0.056630824372759854,0.010752688172043012,0.025089605734767026,0.02007168458781362,0.0,0.14121863799283155,0.01003584229390681,0.03942652329749104,0.08458781362007169,0.02007168458781362,0.34050179211469533,0.007885304659498209,0.0,0.12903225806451613,0.0,Лукьяненко,Звезды - холодные игрушки
0.05423940149625935,0.064214463840399,0.05423940149625935,0.007481296758104738,0.022443890274314215,0.024314214463840397,0.0,0.1433915211970075,0.003740648379052369,0.029301745635910224,0.08229426433915212,0.03054862842892768,0.3497506234413965,0.01059850374064838,0.0,0.12344139650872818,0.0,Лукьяненко,Звезды - холодные игрушки
0.06257521058965103,0.06799037304452467,0.048736462093862815,0.006618531889290012,0.028279181708784597,0.023465703971119134,0.0,0.17388688327316487,0.0048134777376654635,0.0457280385078219,0.06438026474127558,0.024067388688327317,0.30144404332129965,0.019253910950661854,0.0,0.12876052948255115,0.0,Лукьяненко,Звезды - холодные игрушки
0.043973941368078175,0.059174809989142235,0.05428881650380022,0.01031487513572204,0.02768729641693811,0.015743756786102063,0.0005428881650380022,0.17100977198697068,0.010857763300760043,0.04125950054288816,0.06351791530944625,0.016829533116178068,0.32084690553745926,0.013572204125950055,0.0,0.1503800217155266,0.0,Лукьяненко,Звезды - холодные игрушки
0.05991611743559017,0.07549430796884361,0.06291192330736968,0.007789095266626723,0.0341521869382864,0.02037147992810066,0.0005991611743559018,0.16596764529658478,0.008987417615338526,0.0341521869382864,0.06470940683043738,0.029958058717795086,0.3013780707010186,0.009586578789694428,0.0,0.12402636309167166,0.0,Лукьяненко,Звезды - холодные игрушки
0.06835592221567471,0.06305244549204478,0.060106069534472596,0.009428403064230996,0.03241013553329405,0.021803182086034177,0.0,0.13435474366529168,0.002357100766057749,0.03358868591632292,0.09723040659988215,0.02592810842663524,0.30524454920447847,0.011785503830288745,0.0,0.13435474366529168,0.0,Лукьяненко,Звезды - холодные игрушки
0.0738255033557047,0.06101281269066504,0.06162294081757169,0.006101281269066504,0.04087858450274558,0.025625381330079317,0.0,0.1464307504575961,0.003050640634533252,0.06711409395973154,0.0701647345942648,0.03843807199511898,0.25137278828553994,0.025625381330079317,0.0,0.12873703477730322,0.0,Лукьяненко,Дневной дозор
0.05928338762214984,0.054071661237785014,0.048859934853420196,0.008469055374592834,0.03452768729641694,0.019543973941368076,0.0013029315960912053,0.1700325732899023,0.003908794788273616,0.04299674267100977,0.07752442996742671,0.010423452768729642,0.31791530944625407,0.018892508143322474,0.0,0.13224755700325733,0.0,Лукьяненко,Звезды - холодные игрушки
0.07822277847309136,0.07759699624530664,0.04881101376720901,0.007509386733416771,0.028785982478097622,0.016270337922403004,0.0,0.2246558197747184,0.02127659574468085,0.028160200250312892,0.04943679599499374,0.011889862327909888,0.26783479349186484,0.009386733416770964,0.0,0.1295369211514393,0.0006257822277847309,Лукьяненко,Звезды - холодные игрушки
0.03912148249828414,0.06726149622512011,0.048730267673301304,0.00549073438572409,0.02059025394646534,0.022649279341111873,0.0006863417982155113,0.14207275223061083,0.004804392587508579,0.033630748112560054,0.06382978723404255,0.0425531914893617,0.36032944406314343,0.014413177762525738,0.0,0.1338366506520247,0.0,Лукьяненко,Звезды - холодные игрушки
0.07165109034267912,0.08473520249221184,0.0691588785046729,0.009345794392523364,0.041744548286604365,0.020560747663551402,0.0006230529595015577,0.16947040498442367,0.00809968847352025,0.038629283489096576,0.06355140186915888,0.024922118380062305,0.23800623052959502,0.019314641744548288,0.0,0.14018691588785046,0.0,Лукьяненко,Дневной дозор
0.0741421568627451,0.05698529411764706,0.05575980392156863,0.004901960784313725,0.03799019607843137,0.023284313725490197,0.0,0.14215686274509803,0.0030637254901960784,0.07598039215686274,0.06801470588235294,0.03431372549019608,0.27941176470588236,0.02389705882352941,0.0,0.11948529411764706,0.0006127450980392157,Лукьяненко,Дневной дозор
0.07590759075907591,0.08382838283828382,0.04092409240924092,0.0039603960396039604,0.023762376237623763,0.013201320132013201,0.0,0.25346534653465347,0.009240924092409241,0.039603960396039604,0.052805280528052806,0.009240924092409241,0.25346534653465347,0.014521452145214522,0.0,0.12607260726072608,0.0,Лукьяненко,Звезды - холодные игрушки
0.09085963003264418,0.06855277475516866,0.08215451577801959,0.009249183895538629,0.04515778019586507,0.017954298150163223,0.0,0.16594124047878128,0.012513601741022852,0.04733405875952122,0.04733405875952122,0.06311207834602829,0.23394994559303592,0.010337323177366704,0.0,0.10554951033732318,0.0,Лукьяненко,Дневной дозор
0.05512282804074296,0.0713001797483523,0.044337926902336726,0.007189934092270821,0.023367285799880167,0.01018573996405033,0.0,0.1749550629119233,0.01378070701018574,0.029958058717795086,0.04254044337926902,0.05152786099460755,0.3373277411623727,0.011983223487118035,0.0,0.12642300778909527,0.0,Лукьяненко,Звезды - холодные игрушки
0.07214665878178593,0.08160851567120048,0.08397397989355411,0.010644589000591367,0.04316972205795387,0.0254287403903016,0.0011827321111768185,0.15138971023063277,0.008870490833826138,0.04139562389118864,0.06741573033707865,0.027202838557066823,0.22826729745712596,0.018332347723240685,0.0,0.13897102306327616,0.0,Лукьяненко,Дневной дозор
0.05153901216893343,0.048675733715103794,0.05798138869005011,0.01145311381531854,0.025769506084466716,0.018611309949892626,0.0,0.1474588403722262,0.0071581961345740875,0.03722261989978525,0.09377236936292055,0.010737294201861132,0.34860415175375803,0.008589835361488905,0.0,0.1324266284896206,0.0,Лукьяненко,Звезды - холодные игрушки
0.0735632183908046,0.0735632183908046,0.05344827586206897,0.010344827586206896,0.026436781609195402,0.014367816091954023,0.0005747126436781609,0.19425287356321838,0.00632183908045977,0.029310344827586206,0.06321839080459771,0.032758620689655175,0.271264367816092,0.010919540229885057,0.0,0.1396551724137931,0.0,Лукьяненко,Звезды - холодные игрушки
0.06293302540415704,0.06062355658198614,0.05196304849884527,0.013279445727482679,0.03464203233256351,0.02424942263279446,0.0,0.13683602771362588,0.003464203233256351,0.034064665127020784,0.08833718244803695,0.04157043879907621,0.2921478060046189,0.016166281755196306,0.0,0.1397228637413395,0.0,Лукьяненко,Звезды - холодные игрушки
0.0654627539503386,0.07787810383747178,0.0716704288939052,0.005079006772009029,0.041196388261851014,0.027652370203160272,0.0,0.15857787810383747,0.0056433408577878106,0.04288939051918736,0.07844243792325056,0.016930022573363433,0.24492099322799096,0.01805869074492099,0.0,0.1455981941309255,0.0,Лукьяненко,Дневной дозор
0.05289672544080604,0.06360201511335013,0.04848866498740554,0.005037783375314861,0.02204030226700252,0.018891687657430732,0.0006297229219143577,0.1473551637279597,0.005037783375314861,0.020780856423173802,0.0743073047858942,0.03904282115869018,0.3602015113350126,0.00818639798488665,0.0,0.13350125944584382,0.0,Лукьяненко,Звезды - холодные игрушки
0.054333764553686936,0.0646830530401035,0.056921086675291076,0.007761966364812419,0.025226390685640362,0.018758085381630013,0.0,0.14165588615782665,0.005821474773609315,0.02910737386804657,0.08990944372574386,0.031047865459249677,0.3208279430789133,0.02199223803363519,0.0,0.13195342820181113,0.0,Лукьяненко,Звезды - холодные игрушки
0.06266149870801034,0.06718346253229975,0.040697674418604654,0.009689922480620155,0.020025839793281652,0.023255813953488372,0.0006459948320413437,0.1698966408268734,0.005813953488372093,0.029069767441860465,0.082687338501292,0.020025839793281652,0.3281653746770026,0.016795865633074936,0.0,0.12338501291989665,0.0,Лукьяненко,Звезды - холодные игрушки
0.05587301587301587,0.06603174603174604,0.05587301587301587,0.006984126984126984,0.027936507936507936,0.020317460317460317,0.0006349206349206349,0.15936507936507938,0.0031746031746031746,0.03746031746031746,0.06285714285714286,0.01904761904761905,0.3466666666666667,0.009523809523809525,0.0,0.12825396825396826,0.0,Лукьяненко,Звезды - холодные игрушки
0.051688490696071676,0.05513439007580979,0.07167470709855273,0.009648518263266712,0.028256374913852515,0.01791867677463818,0.0006891798759476223,0.12198483804272915,0.006202618883528601,0.052377670572019294,0.08683666436940041,0.04755341144038594,0.2935906271536871,0.01722949689869056,0.0,0.13852515506547208,0.0006891798759476223,Лукьяненко,Дневной дозор
0.06150206978119456,0.0514488468361916,0.047900650502661145,0.008870490833826138,0.04671791839148433,0.03134240094618569,0.0,0.1218214074512123,0.0029568302779420462,0.06505026611472502,0.1159077468953282,0.026020106445890007,0.2779420461265523,0.018332347723240685,0.0,0.12418687167356594,0.0,Лукьяненко,Дневной дозор
0.06342088404868675,0.06213965406790519,0.06021780909673286,0.016015374759769378,0.029468289557975657,0.023062139654067906,0.0,0.15823190262652145,0.008327994875080076,0.05573350416399744,0.07110826393337603,0.026905829596412557,0.28507367072389495,0.012812299807815503,0.0,0.12748238308776424,0.0,Лукьяненко,Звезды - холодные игрушки
0.07886904761904762,0.06919642857142858,0.05654761904761905,0.004464285714285714,0.03720238095238095,0.019345238095238096,0.0,0.125,0.003720238095238095,0.05282738095238095,0.09523809523809523,0.05357142857142857,0.25297619047619047,0.01636904761904762,0.0,0.13467261904761904,0.0,Лукьяненко,Дневной дозор
0.07559926244622003,0.06822372464658881,0.06883835279655809,0.005531653349723417,0.03503380454824831,0.019053472649047325,0.0,0.13767670559311618,0.005531653349723417,0.06146281499692686,0.0725261216963737,0.03318992009834051,0.2581438229870928,0.02519975414874001,0.0,0.13398893669330056,0.0,Лукьяненко,Дневной дозор
0.06565656565656566,0.058712121212121215,0.05555555555555555,0.008207070707070708,0.04419191919191919,0.018308080808080808,0.0006313131313131314,0.1275252525252525,0.008207070707070708,0.054292929292929296,0.06502525252525253,0.05808080808080808,0.2922979797979798,0.022095959595959596,0.0,0.12121212121212122,0.0,Лукьяненко,Дневной дозор
0.06923579359895493,0.07576747224036577,0.05355976485956891,0.008491182233834096,0.025473546701502287,0.019595035924232528,0.0013063357282821686,0.16917047681254083,0.013716525146962769,0.02612671456564337,0.07576747224036577,0.015676028739386023,0.3109079033311561,0.007184846505551927,0.0,0.1280209013716525,0.0,Лукьяненко,Звезды - холодные игрушки
0.08982683982683982,0.08658008658008658,0.060064935064935064,0.010281385281385282,0.04004329004329004,0.016774891774891776,0.0,0.170995670995671,0.0091991341991342,0.04383116883116883,0.0633116883116883,0.050865800865800864,0.22077922077922077,0.011904761904761904,0.0,0.12554112554112554,0.0,Лукьяненко,Дневной дозор
0.07014276846679081,0.07945375543140906,0.06517690875232775,0.011793916821849782,0.037243947858473,0.028553693358162633,0.0006207324643078833,0.16511483550589695,0.006207324643078833,0.031036623215394164,0.0633147113594041,0.0521415270018622,0.2377405338299193,0.01675977653631285,0.0,0.13469894475481067,0.0,Лукьяненко,Дневной дозор
0.07454200884396715,0.0574857864813645,0.07327858496525584,0.008843967150979154,0.034112444725205304,0.017687934301958308,0.0018951358180669614,0.13202779532533165,0.006317119393556538,0.04295641187618446,0.08464939987365762,0.033480732785849655,0.29311433986102337,0.01831964624131396,0.0,0.12065698041692988,0.0006317119393556538,Лукьяненко,Дневной дозор
0.07017543859649122,0.07142857142857142,0.08208020050125313,0.009398496240601503,0.040726817042606514,0.02756892230576441,0.0012531328320802004,0.13847117794486216,0.008145363408521303,0.040726817042606514,0.07769423558897243,0.02944862155388471,0.2525062656641604,0.016290726817042606,0.0,0.13408521303258145,0.0,Лукьяненко,Дневной дозор
0.06992230854605994,0.08435072142064373,0.08546059933407325,0.007214206437291898,0.03773584905660377,0.016648168701442843,0.0005549389567147614,0.18312985571587126,0.013873473917869035,0.04051054384017758,0.06714761376248612,0.01220865704772475,0.21864594894561598,0.024972253052164262,0.0005549389567147614,0.13706992230854606,0.0,Лукьяненко,Дневной дозор
0.06174496644295302,0.05167785234899329,0.05771812080536913,0.012751677852348993,0.03087248322147651,0.021476510067114093,0.0,0.16174496644295303,0.008053691275167786,0.03959731543624161,0.06174496644295302,0.022818791946308724,0.3275167785234899,0.016778523489932886,0.0,0.12550335570469798,0.0,Лукьяненко,Звезды - холодные игрушки
0.06253398586188146,0.07069059271343121,0.05600870038064165,0.008700380641653072,0.026101141924959218,0.02392604676454595,0.0,0.188689505165851,0.013050570962479609,0.029907558455682437,0.06035889070146819,0.028276237085372486,0.2903752039151713,0.02066340402392605,0.0,0.12071778140293637,0.0,Лукьяненко,Звезды - холодные игрушки
0.04741379310344827,0.0610632183908046,0.0668103448275862,0.005028735632183908,0.02586206896551724,0.02514367816091954,0.0,0.15373563218390804,0.008620689655172414,0.03735632183908046,0.08836206896551724,0.016522988505747127,0.3110632183908046,0.009339080459770116,0.0,0.14367816091954022,0.0,Лукьяненко,Звезды - холодные игрушки
0.059375,0.0625,0.0475,0.0075,0.023125,0.02,0.0,0.1625,0.008125,0.041875,0.066875,0.031875,0.336875,0.015625,0.0,0.11625,0.0,Лукьяненко,Звезды - холодные игрушки
0.06688311688311688,0.08246753246753247,0.06233766233766234,0.00909090909090909,0.04220779220779221,0.00974025974025974,0.0012987012987012987,0.16688311688311688,0.013636363636363636,0.05,0.08441558441558442,0.016233766233766232,0.21688311688311687,0.013636363636363636,0.0,0.16428571428571428,0.0,Лукьяненко,Дневной дозор
0.05765765765765766,0.055855855855855854,0.04744744744744745,0.0036036036036036037,0.02942942942942943,0.01981981981981982,0.0,0.14774774774774774,0.004804804804804805,0.04024024024024024,0.07807807807807808,0.02822822822822823,0.34474474474474476,0.011411411411411412,0.0,0.13093093093093094,0.0,Лукьяненко,Звезды - холодные игрушки
0.06747404844290658,0.06286043829296424,0.05074971164936563,0.0132641291810842,0.03460207612456748,0.02364475201845444,0.0,0.14129181084198386,0.0028835063437139563,0.03517877739331027,0.08765859284890427,0.03863898500576701,0.2889273356401384,0.016724336793540944,0.0,0.13610149942329874,0.0,Лукьяненко,Звезды - холодные игрушки
0.05643044619422572,0.0610236220472441,0.0557742782152231,0.013779527559055118,0.031496062992125984,0.02230971128608924,0.0006561679790026247,0.16010498687664043,0.00853018372703412,0.027559055118110236,0.07808398950131233,0.026246719160104987,0.27755905511811024,0.01837270341207349,0.0,0.1620734908136483,0.0,Лукьяненко,Звезды - холодные игрушки
0.06423173803526448,0.06801007556675064,0.05100755667506297,0.006297229219143577,0.02204030226700252,0.018261964735516372,0.0,0.1517632241813602,0.011335012594458438,0.0371536523929471,0.07493702770780857,0.02392947103274559,0.3318639798488665,0.010705289672544081,0.0,0.12720403022670027,0.0012594458438287153,Лукьяненко,Звезды - холодные игрушки
0.06896551724137931,0.08106473079249849,0.0780399274047187,0.009679370840895343,0.04295220810647308,0.013309134906231096,0.0,0.15910465819721717,0.008469449485783424,0.03508771929824561,0.08832425892316999,0.01693889897156685,0.2365396249243799,0.01693889897156685,0.0,0.14458560193587416,0.0,Лукьяненко,Дневной дозор
0.07100591715976332,0.0628698224852071,0.057692307692307696,0.005177514792899409,0.02440828402366864,0.025887573964497042,0.0,0.16937869822485208,0.0073964497041420114,0.036242603550295856,0.07174556213017752,0.023668639053254437,0.30177514792899407,0.013313609467455622,0.0,0.1294378698224852,0.0,Лукьяненко,Звезды - холодные игрушки
0.05827650340979541,0.06695598264104154,0.06013639181649101,0.009299442033477991,0.029758214507129573,0.02417854928704278,0.0012399256044637321,0.17854928704277742,0.006819590824550527,0.03347799132052077,0.05889646621202728,0.022318660880347178,0.2920024798512089,0.015499070055796652,0.0,0.1425914445133292,0.0,Лукьяненко,Дневной дозор
0.04197698036560596,0.06973595125253892,0.07176709546377792,0.008801624915368992,0.035206499661475966,0.013540961408259987,0.0006770480704129993,0.12593094109681788,0.006093432633716994,0.04739336492890995,0.0988490182802979,0.03588354773188896,0.28165199729180773,0.016926201760324982,0.0,0.14556533513879485,0.0,Лукьяненко,Дневной дозор
0.07560706401766004,0.07229580573951434,0.05353200883002208,0.011589403973509934,0.02759381898454746,0.017108167770419427,0.0,0.19812362030905079,0.004966887417218543,0.033112582781456956,0.06346578366445917,0.03200883002207505,0.2621412803532009,0.012141280353200883,0.0,0.13631346578366446,0.0,Лукьяненко,Звезды - холодные игрушки
0.06976744186046512,0.06912144702842377,0.044573643410852716,0.00904392764857881,0.029069767441860465,0.01744186046511628,0.0006459948320413437,0.1789405684754522,0.004521963824289405,0.043281653746770024,0.07881136950904392,0.0355297157622739,0.2771317829457364,0.015503875968992248,0.0,0.12661498708010335,0.0,Лукьяненко,Звезды - холодные игрушки
0.07324106113033449,0.07381776239907728,0.052479815455594,0.010380622837370242,0.0265282583621684,0.01441753171856978,0.0005767012687427913,0.19607843137254902,0.006343713956170703,0.02883506343713956,0.06228373702422145,0.03229527104959631,0.27162629757785467,0.010957324106113034,0.0,0.14013840830449828,0.0,Лукьяненко,Звезды - холодные игрушки
0.08341658341658342,0.07642357642357642,0.07342657342657342,0.00949050949050949,0.04595404595404595,0.017482517482517484,0.0,0.15684315684315683,0.013486513486513486,0.04495504495504495,0.08641358641358642,0.011488511488511488,0.2217782217782218,0.022477522477522476,0.0,0.13636363636363635,0.0,Лукьяненко,Дневной дозор
0.06060606060606061,0.06666666666666667,0.04579124579124579,0.00808080808080808,0.03569023569023569,0.015488215488215488,0.0,0.1744107744107744,0.010101010101010102,0.04242424242424243,0.08282828282828283,0.02154882154882155,0.29292929292929293,0.007407407407407408,0.0,0.13602693602693602,0.0,Лукьяненко,Звезды - холодные игрушки
0.0669772859638905,0.0629004076878276,0.052417006406523005,0.007571345369831101,0.027373325567850902,0.014560279557367502,0.0005824111822947001,0.17996505532906232,0.007571345369831101,0.030867792661619105,0.0634828188701223,0.032615026208503206,0.29994175888177055,0.0110658124635993,0.0,0.14210832847990681,0.0,Лукьяненко,Звезды - холодные игрушки
0.04886685552407932,0.06303116147308782,0.051699716713881017,0.0084985835694051,0.037535410764872525,0.024787535410764873,0.0,0.11756373937677053,0.00424929178470255,0.05240793201133145,0.08498583569405099,0.05807365439093484,0.2896600566572238,0.015580736543909348,0.0,0.14305949008498584,0.0,Лукьяненко,Дневной дозор
0.04389312977099236,0.06806615776081425,0.07315521628498728,0.00826972010178117,0.03307888040712468,0.01272264631043257,0.0006361323155216285,0.12340966921119594,0.0031806615776081423,0.05216284987277354,0.07061068702290077,0.05725190839694656,0.2862595419847328,0.019083969465648856,0.0,0.14821882951653945,0.0,Лукьяненко,Дневной дозор
0.07118871725990597,0.06581598388179986,0.04231027535258563,0.006715916722632639,0.027535258562793822,0.020147750167897917,0.000671591672263264,0.19543317662860982,0.002686366689053056,0.036937541974479515,0.08260577568838147,0.0335795836131632,0.2713230355943586,0.013431833445265278,0.0,0.12961719274680994,0.0,Лукьяненко,Звезды - холодные игрушки
0.04225352112676056,0.07654623392529088,0.047764849969381504,0.004286589099816289,0.02694427434170239,0.01224739742804654,0.0,0.18432333129210043,0.012859767299448868,0.02878138395590937,0.05572565829761176,0.034292712798530314,0.32455603184323334,0.007348438456827924,0.0,0.14145744029393753,0.000612369871402327,Лукьяненко,Звезды - холодные игрушки
0.05803571428571429,0.07366071428571429,0.07198660714285714,0.008370535714285714,0.03962053571428571,0.021205357142857144,0.0,0.15904017857142858,0.006696428571428571,0.04296875,0.08370535714285714,0.0033482142857142855,0.25223214285714285,0.02734375,0.0,0.15178571428571427,0.0,Лукьяненко,Дневной дозор
0.04735376044568245,0.05501392757660167,0.04944289693593315,0.011838440111420613,0.034122562674094706,0.02298050139275766,0.0006963788300835655,0.12325905292479108,0.004874651810584958,0.052924791086350974,0.06337047353760446,0.07242339832869081,0.31337047353760444,0.016016713091922007,0.0,0.13231197771587744,0.0,Лукьяненко,Дневной дозор
0.07402597402597402,0.06688311688311688,0.06233766233766234,0.007142857142857143,0.04350649350649351,0.01883116883116883,0.0006493506493506494,0.16493506493506493,0.01103896103896104,0.03636363636363636,0.05519480519480519,0.04220779220779221,0.2733766233766234,0.013636363636363636,0.0,0.12987012987012986,0.0,Лукьяненко,Дневной дозор
0.06780735107731306,0.07731305449936629,0.04752851711026616,0.004435994930291508,0.024081115335868188,0.017743979721166033,0.0,0.18124207858048164,0.008871989860583017,0.032953105196451206,0.060836501901140684,0.02091254752851711,0.3149556400506971,0.00697084917617237,0.0,0.13307984790874525,0.0012674271229404308,Лукьяненко,Звезды - холодные игрушки
0.056998556998557,0.049062049062049064,0.05772005772005772,0.011544011544011544,0.025974025974025976,0.020923520923520924,0.0,0.14213564213564214,0.00937950937950938,0.03896103896103896,0.08658008658008658,0.015151515151515152,0.34054834054834054,0.010101010101010102,0.0,0.1349206349206349,0.0,Лукьяненко,Звезды - холодные игрушки
0.044282881692002646,0.050892267019167214,0.056179775280898875,0.007270323859881031,0.031064111037673495,0.021810971579643092,0.0,0.12161269001982816,0.013879709187045605,0.058823529411764705,0.05023132848645076,0.06014540647719762,0.33509583608724386,0.018506278916060808,0.0,0.1302048909451421,0.0,Лукьяненко,Дневной дозор
0.05053908355795148,0.07142857142857142,0.06536388140161725,0.006064690026954178,0.028975741239892182,0.02223719676549865,0.0,0.15498652291105122,0.0033692722371967657,0.03234501347708895,0.08153638814016173,0.018867924528301886,0.3119946091644205,0.016172506738544475,0.0,0.13611859838274934,0.0,Лукьяненко,Звезды - холодные игрушки
0.05434782608695652,0.058823529411764705,0.043478260869565216,0.0076726342710997444,0.0319693094629156,0.017263427109974423,0.0019181585677749361,0.16879795396419436,0.0076726342710997444,0.0319693094629156,0.06457800511508952,0.03260869565217391,0.33695652173913043,0.0159846547314578,0.0,0.12595907928388747,0.0,Лукьяненко,Звезды - холодные игрушки
0.06751824817518248,0.09367396593673966,0.05961070559610705,0.015206812652068127,0.037712895377128956,0.023114355231143552,0.0,0.18248175182481752,0.006690997566909975,0.032846715328467155,0.08211678832116788,0.009732360097323601,0.21776155717761558,0.011557177615571776,0.0,0.1599756690997567,0.0,Лукьяненко,Звезды - холодные игрушки
0.061628760088041086,0.0652971386647102,0.06969919295671313,0.014673514306676448,0.022743947175348497,0.019809244314013204,0.004402054292002935,0.15480557593543653,0.009537784299339692,0.03008070432868672,0.06823184152604549,0.0359501100513573,0.2978723404255319,0.013206162876008804,0.0,0.13206162876008803,0.0,Лукьяненко,Звезды - холодные игрушки
0.07492354740061162,0.08409785932721713,0.07237512742099898,0.0056065239551478085,0.03618756371049949,0.019877675840978593,0.0010193679918450561,0.17686034658511723,0.013251783893985729,0.045361875637105,0.06982670744138635,0.016819571865443424,0.22477064220183487,0.022935779816513763,0.0,0.13608562691131498,0.0,Лукьяненко,Дневной дозор
0.059375,0.069375,0.0625,0.01125,0.01625,0.015625,0.0,0.154375,0.005625,0.0325,0.085625,0.02375,0.314375,0.01625,0.0,0.133125,0.0,Лукьяненко,Звезды - холодные игрушки
0.04463642908567315,0.05183585313174946,0.04103671706263499,0.005759539236861051,0.029517638588912886,0.02087832973362131,0.0014398848092152627,0.13606911447084233,0.003599712023038157,0.038876889848812095,0.09215262778977681,0.0367170626349892,0.3412526997840173,0.02159827213822894,0.0,0.13462922966162708,0.0,Лукьяненко,Звезды - холодные игрушки
0.05859872611464968,0.06496815286624204,0.04904458598726115,0.010828025477707006,0.02802547770700637,0.02802547770700637,0.0,0.1573248407643312,0.005095541401273885,0.035668789808917196,0.05605095541401274,0.08598726114649681,0.25796178343949044,0.017197452229299363,0.0,0.14522292993630573,0.0,Лукьяненко,Дневной дозор
0.05757776307081403,0.06618133686300463,0.05228325612177366,0.007941760423560556,0.024487094639311716,0.029781601588352084,0.0,0.14559894109861019,0.005956320317670417,0.04037061548643282,0.05956320317670417,0.08405029781601589,0.26538716082064856,0.017207147584381206,0.0,0.14361350099272005,0.0,Лукьяненко,Дневной дозор
0.0668364099299809,0.07765754296626352,0.07065563335455124,0.009548058561425843,0.036919159770846595,0.010821133036282623,0.0,0.158497772119669,0.004455760661998727,0.046467218332272436,0.06938255887969447,0.036919159770846595,0.24633991088478677,0.01782304264799491,0.0,0.14767663908338638,0.0,Лукьяненко,Дневной дозор
0.06237721021611002,0.07367387033398821,0.06237721021611002,0.007858546168958742,0.05157170923379175,0.023084479371316306,0.0004911591355599214,0.14931237721021612,0.0054027504911591355,0.04567779960707269,0.093811394891945,0.019646365422396856,0.23772102161100198,0.02455795677799607,0.0,0.14194499017681728,0.0004911591355599214,Лукьяненко,Дневной дозор
0.05807275047862157,0.07083599234205488,0.07338864071474155,0.007657945118059987,0.05169112954690491,0.01914486279514997,0.0,0.16464582003828973,0.006381620931716656,0.041480536056158264,0.08040842373962986,0.03254626675175495,0.23420548819400128,0.018506700701978303,0.0,0.14039566049776644,0.0006381620931716656,Лукьяненко,Дневной дозор
0.049026192075218265,0.06917394224311618,0.06380120886501008,0.010745466756212223,0.020147750167897917,0.0167897918065816,0.0,0.1430490261920752,0.006044325050369375,0.0315648085963734,0.08999328408327736,0.0241773002014775,0.3297515110812626,0.01544660846205507,0.0,0.1302887844190732,0.0,Лукьяненко,Звезды - холодные игрушки
0.07428571428571429,0.08761904761904762,0.05714285714285714,0.008888888888888889,0.0419047619047619,0.012063492063492064,0.0012698412698412698,0.16825396825396827,0.013968253968253968,0.04825396825396826,0.08317460317460318,0.015873015873015872,0.21333333333333335,0.013333333333333334,0.0,0.16063492063492063,0.0,Лукьяненко,Дневной дозор
0.06301531213191991,0.09540636042402827,0.05830388692579505,0.013545347467608953,0.03769140164899882,0.025323910482921083,0.0,0.1896348645465253,0.0088339222614841,0.03356890459363958,0.07656065959952886,0.0088339222614841,0.2232037691401649,0.011778563015312132,0.0,0.15429917550058891,0.0,Лукьяненко,Звезды - холодные игрушки
0.08006912442396313,0.06451612903225806,0.04838709677419355,0.010944700460829493,0.021889400921658985,0.01728110599078341,0.0,0.2171658986175115,0.013824884792626729,0.032834101382488476,0.0771889400921659,0.012096774193548387,0.2672811059907834,0.013248847926267281,0.0,0.12327188940092165,0.0,Лукьяненко,Звезды - холодные игрушки
0.05706702057067021,0.0577305905773059,0.055076310550763105,0.008626410086264101,0.027869940278699403,0.019907100199071003,0.0006635700066357001,0.12408759124087591,0.0046449900464499,0.038487060384870604,0.0962176509621765,0.027869940278699403,0.33311214333112144,0.014598540145985401,0.0,0.13404114134041142,0.0,Лукьяненко,Звезды - холодные игрушки
0.0609597924773022,0.07522697795071336,0.0648508430609598,0.011024643320363165,0.035667963683527884,0.017509727626459144,0.0,0.16601815823605706,0.009079118028534372,0.046044098573281456,0.0622568093385214,0.04669260700389105,0.26588845654993515,0.013618677042801557,0.0,0.12127107652399481,0.0038910505836575876,Лукьяненко,Дневной дозор
0.08728557013118063,0.08375378405650857,0.058022199798183655,0.005549949545913219,0.04339051463168517,0.017658930373360242,0.0,0.16750756811301715,0.008072653884964682,0.044399596367305755,0.06609485368314834,0.04389505549949546,0.21745711402623613,0.01866801210898083,0.0,0.13824419778002017,0.0,Лукьяненко,Дневной дозор
0.0805489260143198,0.08233890214797136,0.06980906921241051,0.010143198090692125,0.041766109785202864,0.010143198090692125,0.0005966587112171838,0.18615751789976134,0.0053699284009546535,0.03937947494033413,0.06026252983293556,0.020883054892601432,0.2392601431980907,0.017899761336515514,0.0,0.13544152744630072,0.0,Лукьяненко,Дневной дозор
0.05227655986509275,0.06127037661607645,0.06127037661607645,0.014052838673412029,0.039910061832490164,0.02866779089376054,0.0016863406408094434,0.13378302417088253,0.007869589657110737,0.06127037661607645,0.09443507588532883,0.01517706576728499,0.27093872962338394,0.02023608768971332,0.0,0.13715570545250141,0.0,Лукьяненко,Дневной дозор
0.06329113924050633,0.07383966244725738,0.06540084388185655,0.008438818565400843,0.04588607594936709,0.027953586497890294,0.0005274261603375527,0.15981012658227847,0.005274261603375527,0.046413502109704644,0.08544303797468354,0.018459915611814346,0.23154008438818566,0.024789029535864978,0.0,0.14240506329113925,0.0005274261603375527,Лукьяненко,Дневной дозор
0.08200589970501475,0.06607669616519174,0.0696165191740413,0.010029498525073746,0.030678466076696165,0.015339233038348082,0.0011799410029498525,0.15457227138643068,0.00471976401179941,0.04070796460176991,0.05073746312684366,0.05368731563421829,0.2737463126843658,0.014749262536873156,0.0,0.13215339233038348,0.0,Лукьяненко,Дневной дозор
0.06546426185704743,0.07682030728122913,0.05811623246492986,0.015364061456245824,0.03406813627254509,0.024716098864395457,0.0006680026720106881,0.17234468937875752,0.008016032064128256,0.0447561790247161,0.09352037408149633,0.008016032064128256,0.24114896459585838,0.014028056112224449,0.0,0.14295257181028725,0.0,Лукьяненко,Звезды - холодные игрушки
0.047963206307490146,0.07227332457293036,0.03679369250985545,0.00985545335085414,0.024967148488830485,0.017739816031537452,0.000657030223390276,0.16951379763469118,0.00788436268068331,0.03810775295663601,0.06438896189224705,0.035479632063074903,0.3291721419185282,0.00985545335085414,0.0,0.13534822601839686,0.0,Лукьяненко,Звезды - холодные игрушки
0.03835978835978836,0.06084656084656084,0.04365079365079365,0.005291005291005291,0.01455026455026455,0.01455026455026455,0.0006613756613756613,0.1746031746031746,0.011904761904761904,0.021164021164021163,0.05489417989417989,0.04894179894179894,0.373015873015873,0.012566137566137565,0.0,0.125,0.0,Лукьяненко,Звезды - холодные игрушки
0.06870229007633588,0.06811509101585438,0.05695830886670581,0.012918379330593071,0.0182031708749266,0.012331180270111567,0.0,0.18731650029359953,0.014679976512037582,0.030534351145038167,0.07809747504403992,0.017028772753963594,0.2865531415149736,0.01644157369348209,0.0,0.13211978860833823,0.0,Лукьяненко,Звезды - холодные игрушки
0.05708908406524467,0.054579673776662486,0.056461731493099125,0.01191969887076537,0.0370138017565872,0.020075282308657464,0.0006273525721455458,0.12923462986198245,0.00878293601003764,0.05081555834378921,0.07841907151819323,0.054579673776662486,0.28670012547051443,0.02070263488080301,0.0,0.1329987452948557,0.0,Лукьяненко,Дневной дозор
0.07598039215686274,0.06862745098039216,0.05392156862745098,0.00980392156862745,0.028186274509803922,0.018995098039215685,0.0,0.17401960784313725,0.004901960784313725,0.028186274509803922,0.0778186274509804,0.031862745098039214,0.2867647058823529,0.014705882352941176,0.0,0.12622549019607843,0.0,Лукьяненко,Звезды - холодные игрушки
0.08914956011730206,0.08387096774193549,0.07859237536656892,0.010557184750733138,0.04105571847507331,0.012316715542521995,0.0005865102639296188,0.1565982404692082,0.00469208211143695,0.04633431085043988,0.04516129032258064,0.06334310850439882,0.21818181818181817,0.02287390029325513,0.0,0.12668621700879765,0.0,Лукьяненко,Дневной дозор
0.07202039515615041,0.07074569789674952,0.055449330783938815,0.010197578075207138,0.02804333970681963,0.022307202039515615,0.0012746972594008922,0.17909496494582536,0.012746972594008922,0.021669853409815167,0.06883365200764818,0.015933715742511154,0.31676226896112175,0.006373486297004461,0.0,0.11854684512428298,0.0,Лукьяненко,Звезды - холодные игрушки
0.06142506142506143,0.07002457002457002,0.05835380835380835,0.007371007371007371,0.033783783783783786,0.020884520884520884,0.0006142506142506142,0.16584766584766586,0.009213759213759214,0.03992628992628992,0.055896805896805894,0.0386977886977887,0.2764127764127764,0.017813267813267815,0.0,0.14373464373464373,0.0,Лукьяненко,Дневной дозор
0.07949029126213593,0.08313106796116505,0.060072815533980584,0.010315533980582525,0.038834951456310676,0.027305825242718445,0.0,0.20509708737864077,0.012135922330097087,0.04004854368932039,0.05339805825242718,0.026092233009708737,0.22694174757281554,0.013349514563106795,0.0,0.12378640776699029,0.0,Лукьяненко,Звезды - холодные игрушки
0.04220183486238532,0.07706422018348624,0.047706422018348627,0.004281345565749235,0.02691131498470948,0.011620795107033639,0.0,0.18409785932721712,0.012844036697247707,0.027522935779816515,0.05565749235474006,0.03425076452599388,0.3253822629969419,0.007339449541284404,0.0,0.14250764525993884,0.0006116207951070336,Лукьяненко,Звезды - холодные игрушки
0.08674568965517242,0.07704741379310345,0.0490301724137931,0.015086206896551725,0.034482758620689655,0.017780172413793104,0.0,0.2009698275862069,0.009698275862068966,0.03125,0.05549568965517242,0.021551724137931036,0.2613146551724138,0.012392241379310345,0.0,0.1271551724137931,0.0,Лукьяненко,Звезды - холодные игрушки
0.03727926749509483,0.06605624591236102,0.05493786788750817,0.007194244604316547,0.02419882275997384,0.014388489208633094,0.001962066710268149,0.12949640287769784,0.004578155657292348,0.034009156311314584,0.07521255722694571,0.03662524525833878,0.3701765860039241,0.010464355788096796,0.0,0.13342053629823414,0.0,Лукьяненко,Звезды - холодные игрушки
0.04935064935064935,0.06103896103896104,0.053246753246753244,0.005844155844155844,0.02012987012987013,0.016883116883116882,0.0006493506493506494,0.1603896103896104,0.00909090909090909,0.023376623376623377,0.07142857142857142,0.033766233766233764,0.3538961038961039,0.01103896103896104,0.0,0.12987012987012986,0.0,Лукьяненко,Звезды - холодные игрушки
0.06905370843989769,0.07544757033248081,0.06010230179028133,0.010230179028132993,0.026214833759590793,0.016624040920716114,0.0006393861892583121,0.13682864450127877,0.005115089514066497,0.052429667519181586,0.08823529411764706,0.028132992327365727,0.28452685421994883,0.015345268542199489,0.0,0.13107416879795397,0.0,Лукьяненко,Дневной дозор
0.05362116991643454,0.06197771587743733,0.04874651810584958,0.00766016713091922,0.037604456824512536,0.027158774373259052,0.0,0.1190807799442897,0.004874651810584958,0.052924791086350974,0.08426183844011143,0.059192200557103065,0.2917827298050139,0.016016713091922007,0.0,0.13509749303621169,0.0,Лукьяненко,Дневной дозор
0.05867819641754169,0.06300185299567634,0.04879555281037678,0.0074119827053736875,0.02470660901791229,0.019147621988882025,0.0,0.16615194564546015,0.0067943174799258805,0.04076590487955528,0.06732550957381099,0.030265596046942556,0.3384805435453984,0.013588634959851761,0.0,0.11488573193329216,0.0,Лукьяненко,Звезды - холодные игрушки
0.05458089668615984,0.0539311241065627,0.04613385315139701,0.008447043534762833,0.02079272254710851,0.021442495126705652,0.000649772579597141,0.14944769330734242,0.007147498375568551,0.04093567251461988,0.0792722547108512,0.021442495126705652,0.3521767381416504,0.02079272254710851,0.0,0.12280701754385964,0.0,Лукьяненко,Звезды - холодные игрушки
0.06340819022457067,0.07397622192866579,0.06472919418758256,0.011228533685601057,0.03368560105680317,0.01915455746367239,0.0,0.16380449141347425,0.008586525759577279,0.04491413474240423,0.06010568031704095,0.05019815059445178,0.2701453104359313,0.013210039630118891,0.0,0.11889035667107001,0.003963011889035667,Лукьяненко,Дневной дозор
0.0667139815471966,0.0511000709723208,0.046132008516678494,0.0063875088715401,0.017033356990773598,0.0269694819020582,0.0007097232079489,0.1660752306600426,0.0021291696238466998,0.03761533002129169,0.0695528743789922,0.029098651525904896,0.35131298793470545,0.009226401703335699,0.0,0.11994322214336409,0.0,Лукьяненко,Звезды - холодные игрушки
0.06997282608695653,0.06385869565217392,0.04551630434782609,0.009510869565217392,0.030570652173913044,0.022418478260869564,0.0006793478260869565,0.15692934782608695,0.004755434782608696,0.02377717391304348,0.07608695652173914,0.03328804347826087,0.28532608695652173,0.01154891304347826,0.0,0.16576086956521738,0.0,Лукьяненко,Звезды - холодные игрушки
0.06622148024485253,0.07067334446299388,0.06176961602671119,0.01001669449081803,0.027267668336115748,0.023928770172509738,0.0,0.1880912632164719,0.009460211463550361,0.028937117417918753,0.06232609905397885,0.027267668336115748,0.2810239287701725,0.020589872008903727,0.0,0.12242626599888703,0.0,Лукьяненко,Звезды - холодные игрушки
0.07137809187279152,0.06501766784452297,0.0558303886925795,0.009187279151943463,0.02402826855123675,0.01696113074204947,0.0007067137809187279,0.17950530035335688,0.0049469964664310955,0.028975265017667843,0.07208480565371024,0.02120141342756184,0.28197879858657243,0.007067137809187279,0.0,0.16113074204946998,0.0,Лукьяненко,Звезды - холодные игрушки
0.0737874097007224,0.08101135190918472,0.07275541795665634,0.005675954592363261,0.03663570691434469,0.02063983488132095,0.0010319917440660474,0.17337461300309598,0.012899896800825593,0.04695562435500516,0.07017543859649122,0.017027863777089782,0.22807017543859648,0.024251805985552117,0.0,0.13570691434468524,0.0,Лукьяненко,Дневной дозор
0.044275774826059454,0.07463630613535736,0.05439595192915876,0.005060088551549652,0.024667931688804556,0.013915243516761544,0.0,0.17900063251106893,0.008222643896268185,0.03225806451612903,0.056293485135989876,0.026565464895635674,0.3308032890575585,0.007590132827324478,0.0,0.14168247944339027,0.0006325110689437065,Лукьяненко,Звезды - холодные игрушки
0.07105263157894737,0.06263157894736843,0.0668421052631579,0.009473684210526316,0.03894736842105263,0.02157894736842105,0.0,0.13263157894736843,0.007894736842105263,0.04631578947368421,0.06368421052631579,0.06473684210526316,0.26631578947368423,0.015789473684210527,0.0,0.13210526315789473,0.0,Лукьяненко,Дневной дозор
0.06319018404907975,0.05276073619631902,0.05828220858895705,0.011656441717791411,0.03558282208588957,0.02147239263803681,0.0006134969325153375,0.1325153374233129,0.010429447852760737,0.04969325153374233,0.07423312883435583,0.05644171779141104,0.2791411042944785,0.018404907975460124,0.0,0.13558282208588956,0.0,Лукьяненко,Дневной дозор
0.07617964752700399,0.056281978396816375,0.04832291074474133,0.009096077316657191,0.030130756111426946,0.019897669130187607,0.0,0.1625923820352473,0.007390562819783968,0.03808982376350199,0.05173393973848778,0.07845366685616828,0.27799886299033544,0.014212620807276862,0.0,0.129619101762365,0.0,Лукьяненко,Дневной дозор
0.053156146179401995,0.06777408637873754,0.04584717607973422,0.0106312292358804,0.02458471760797342,0.015946843853820596,0.0,0.1461794019933555,0.009302325581395349,0.0345514950166113,0.07375415282392027,0.027906976744186046,0.3514950166112957,0.009966777408637873,0.0,0.12890365448504984,0.0,Лукьяненко,Звезды - холодные игрушки
0.06440903054448871,0.07171314741035857,0.053784860557768925,0.0099601593625498,0.025896414342629483,0.014608233731739707,0.0,0.15272244355909695,0.00796812749003984,0.033200531208499334,0.07171314741035857,0.021248339973439574,0.33266932270916333,0.01195219123505976,0.0,0.12815405046480743,0.0,Лукьяненко,Звезды - холодные игрушки
0.04604810996563574,0.04879725085910653,0.061168384879725084,0.009621993127147767,0.02611683848797251,0.01993127147766323,0.0006872852233676976,0.12577319587628866,0.008247422680412371,0.032989690721649485,0.08453608247422681,0.037800687285223365,0.35807560137457045,0.018556701030927835,0.0,0.12164948453608247,0.0,Лукьяненко,Звезды - холодные игрушки
0.06901311249137336,0.06556245686680469,0.06349206349206349,0.006901311249137336,0.025534851621808144,0.020703933747412008,0.0006901311249137336,0.1746031746031746,0.004830917874396135,0.033126293995859216,0.07453416149068323,0.020703933747412008,0.2795031055900621,0.011732229123533472,0.0,0.14906832298136646,0.0,Лукьяненко,Звезды - холодные игрушки
0.09365708622398414,0.07185332011892963,0.05302279484638256,0.01635282457879088,0.03865213082259663,0.023290386521308225,0.0,0.19226957383548068,0.005946481665014866,0.03221010901883053,0.06491575817641229,0.023290386521308225,0.25074331020812685,0.012388503468780971,0.0,0.12140733399405351,0.0,Лукьяненко,Звезды - холодные игрушки
0.047142857142857146,0.052142857142857144,0.05857142857142857,0.008571428571428572,0.022857142857142857,0.02,0.0007142857142857143,0.15214285714285714,0.011428571428571429,0.029285714285714286,0.08,0.03357142857142857,0.34,0.014285714285714285,0.0,0.12928571428571428,0.0,Лукьяненко,Звезды - холодные игрушки
0.06304347826086956,0.06594202898550725,0.03188405797101449,0.005072463768115942,0.01884057971014493,0.021014492753623187,0.0007246376811594203,0.18115942028985507,0.002898550724637681,0.035507246376811595,0.07318840579710145,0.04855072463768116,0.30579710144927535,0.008695652173913044,0.0,0.13768115942028986,0.0,Лукьяненко,Звезды - холодные игрушки
0.07240704500978473,0.0821917808219178,0.05283757338551859,0.0136986301369863,0.033920417482061316,0.02217873450750163,0.0,0.1761252446183953,0.006523157208088715,0.03522504892367906,0.09197651663405088,0.0091324200913242,0.23874755381604695,0.010437051532941943,0.0,0.15459882583170254,0.0,Лукьяненко,Звезды - холодные игрушки
0.07350216182828907,0.08770846201358863,0.06794317479925881,0.00926497838171711,0.03767757875231625,0.019765287214329835,0.0006176652254478073,0.16676961087090797,0.0067943174799258805,0.04076590487955528,0.062384187770228534,0.025941939468807906,0.24088943792464484,0.019765287214329835,0.0,0.14021000617665225,0.0,Лукьяненко,Дневной дозор
0.06831228473019518,0.06486796785304248,0.05970149253731343,0.012055109070034443,0.030424799081515498,0.016647531572904706,0.000574052812858783,0.14925373134328357,0.007462686567164179,0.03960964408725603,0.05912743972445465,0.06486796785304248,0.2743972445464983,0.01951779563719862,0.0,0.13318025258323765,0.0,Лукьяненко,Дневной дозор
0.06796116504854369,0.07637540453074433,0.05825242718446602,0.009708737864077669,0.025889967637540454,0.016828478964401296,0.0006472491909385113,0.13527508090614887,0.005177993527508091,0.05242718446601942,0.08867313915857605,0.026537216828478965,0.28867313915857606,0.016181229773462782,0.0,0.1313915857605178,0.0,Лукьяненко,Дневной дозор
0.06184486373165619,0.06341719077568134,0.059748427672955975,0.013626834381551363,0.04350104821802935,0.029874213836477988,0.0005241090146750524,0.139937106918239,0.006289308176100629,0.05450733752620545,0.09433962264150944,0.01519916142557652,0.2641509433962264,0.02148846960167715,0.0,0.13155136268343814,0.0,Лукьяненко,Дневной дозор
0.06569343065693431,0.05961070559610705,0.057177615571776155,0.007907542579075427,0.043795620437956206,0.020072992700729927,0.0006082725060827251,0.12956204379562045,0.0072992700729927005,0.05291970802919708,0.06447688564476886,0.06143552311435523,0.28832116788321166,0.021897810218978103,0.0006082725060827251,0.11861313868613138,0.0,Лукьяненко,Дневной дозор
0.08174692049272117,0.07334826427771557,0.07334826427771557,0.008958566629339306,0.04703247480403135,0.013437849944008958,0.0022396416573348264,0.1612541993281075,0.008958566629339306,0.04647256438969765,0.0509518477043673,0.06886898096304592,0.22508398656215006,0.021836506159014557,0.0,0.11646136618141098,0.0,Лукьяненко,Дневной дозор
0.04818435754189944,0.0691340782122905,0.05656424581005587,0.00558659217877095,0.023044692737430168,0.02164804469273743,0.0006983240223463687,0.15991620111731844,0.004888268156424581,0.040502793296089384,0.06284916201117319,0.019553072625698324,0.34916201117318435,0.007681564245810056,0.0,0.13058659217877094,0.0,Лукьяненко,Звезды - холодные игрушки
0.06885456885456885,0.0888030888030888,0.04504504504504504,0.003861003861003861,0.02445302445302445,0.01287001287001287,0.0,0.2516087516087516,0.008365508365508366,0.043114543114543116,0.05405405405405406,0.009009009009009009,0.2438867438867439,0.014800514800514801,0.0,0.13127413127413126,0.0,Лукьяненко,Звезды - холодные игрушки
0.0677382319173364,0.060849598163030996,0.05109070034443169,0.00975889781859931,0.030424799081515498,0.02123995407577497,0.0,0.17106773823191734,0.008036739380022962,0.03673938002296211,0.05510907003444317,0.0809414466130884,0.264638346727899,0.013777267508610792,0.0,0.1285878300803674,0.0,Лукьяненко,Дневной дозор
0.07390084190832553,0.06548175865294668,0.0519176800748363,0.01637043966323667,0.04349859681945744,0.029466791393826006,0.0004677268475210477,0.13938260056127222,0.002806361085126286,0.04069223573433115,0.09541627689429373,0.0313376987839102,0.2722170252572498,0.018709073900841908,0.0,0.11833489242282506,0.0,Лукьяненко,Дневной дозор
0.05256154357950765,0.07385229540918163,0.06187624750499002,0.00998003992015968,0.03792415169660679,0.011976047904191617,0.0006653359946773121,0.13972055888223553,0.007984031936127744,0.04856952761144378,0.09181636726546906,0.02661343978709248,0.2528276779773786,0.015302727877578177,0.0,0.16833000665335995,0.0,Лукьяненко,Дневной дозор
0.07003444316877153,0.09070034443168772,0.06716417910447761,0.009184845005740528,0.04075774971297359,0.02066590126291619,0.001722158438576349,0.1796785304247991,0.009184845005740528,0.04190585533869116,0.06371986222732491,0.022388059701492536,0.22847301951779564,0.017795637198622274,0.0,0.13662456946039037,0.0,Лукьяненко,Дневной дозор
0.08588957055214724,0.06932515337423313,0.05460122699386503,0.014723926380368098,0.033128834355828224,0.016564417177914112,0.0006134969325153375,0.150920245398773,0.006748466257668712,0.05828220858895705,0.050920245398773004,0.04294478527607362,0.2656441717791411,0.02147239263803681,0.0,0.12822085889570553,0.0,Лукьяненко,Дневной дозор
0.0785413744740533,0.05750350631136045,0.056100981767180924,0.012622720897615708,0.023842917251051893,0.016830294530154277,0.0,0.16760168302945302,0.006311360448807854,0.033660589060308554,0.07433380084151472,0.0182328190743338,0.3022440392706872,0.010518934081346423,0.0,0.14165497896213183,0.0,Лукьяненко,Звезды - холодные игрушки
0.06771463119709795,0.06952841596130592,0.07980652962515115,0.018742442563482467,0.04534461910519952,0.019347037484885126,0.0,0.1656590084643289,0.006650544135429262,0.036275695284159616,0.07255139056831923,0.015114873035066506,0.24727932285368803,0.01995163240628779,0.0,0.13603385731559856,0.0,Лукьяненко,Дневной дозор
0.08254127063531766,0.07653826913456728,0.07403701850925462,0.010005002501250625,0.04602301150575288,0.018009004502251125,0.0,0.15657828914457228,0.013506753376688344,0.04502251125562781,0.08704352176088044,0.01150575287643822,0.22111055527763882,0.022511255627813906,0.0,0.135567783891946,0.0,Лукьяненко,Дневной дозор
0.06267806267806268,0.08034188034188035,0.06552706552706553,0.009116809116809116,0.03076923076923077,0.015954415954415956,0.0005698005698005698,0.18176638176638177,0.010826210826210826,0.039886039886039885,0.08148148148148149,0.009686609686609686,0.25811965811965815,0.015954415954415956,0.0,0.13732193732193732,0.0,Лукьяненко,Дневной дозор
0.06182472989195678,0.06302521008403361,0.06362545018007203,0.010804321728691477,0.030612244897959183,0.02220888355342137,0.0,0.13025210084033614,0.0024009603841536613,0.03481392557022809,0.09903961584633854,0.022809123649459785,0.31032412965186074,0.011404561824729893,0.0,0.1368547418967587,0.0,Лукьяненко,Звезды - холодные игрушки
0.06537691794529686,0.07404936624416278,0.057371581054036024,0.01667778519012675,0.035356904603068715,0.02401601067378252,0.00066711140760507,0.16877918612408271,0.0066711140760507,0.04469646430953969,0.09606404269513008,0.008005336891260841,0.2448298865910607,0.01467645096731154,0.0,0.142761841227485,0.0,Лукьяненко,Звезды - холодные игрушки
0.06109324758842444,0.0752411575562701,0.05466237942122187,0.008360128617363344,0.041157556270096464,0.02122186495176849,0.0,0.14983922829581994,0.0038585209003215433,0.05337620578778135,0.0707395498392283,0.05980707395498392,0.2617363344051447,0.014790996784565916,0.0,0.12411575562700965,0.0,Лукьяненко,Дневной дозор
0.0646186440677966,0.0746822033898305,0.0646186440677966,0.009004237288135594,0.045550847457627115,0.028072033898305086,0.0005296610169491525,0.1673728813559322,0.005296610169491525,0.04608050847457627,0.08315677966101695,0.018008474576271187,0.2298728813559322,0.023305084745762712,0.0,0.1393008474576271,0.0005296610169491525,Лукьяненко,Дневной дозор
0.07391569945021381,0.0708613317043372,0.07025045815516189,0.005497861942577886,0.03481979230299328,0.01832620647525962,0.0,0.14050091631032377,0.004886988393402566,0.06108735491753207,0.07513744654856444,0.032376298106292,0.25595601710445937,0.023213194868662187,0.0,0.13317043372021992,0.0,Лукьяненко,Дневной дозор
0.08023106546854943,0.06867779204107831,0.05263157894736842,0.005776636713735558,0.03979460847240052,0.024390243902439025,0.0012836970474967907,0.17715019255455713,0.010269576379974325,0.03530166880616174,0.057766367137355584,0.038510911424903725,0.2625160462130937,0.016046213093709884,0.0,0.12965340179717585,0.0,Лукьяненко,Дневной дозор
0.060534124629080116,0.07833827893175074,0.08071216617210683,0.011869436201780416,0.048071216617210685,0.019584569732937686,0.0,0.16201780415430267,0.005341246290801187,0.032640949554896145,0.08724035608308606,0.024925816023738872,0.23204747774480713,0.01543026706231454,0.0,0.1406528189910979,0.0005934718100890207,Лукьяненко,Дневной дозор
0.04107981220657277,0.0534037558685446,0.051643192488262914,0.007629107981220657,0.022300469483568074,0.015258215962441314,0.0011737089201877935,0.1596244131455399,0.011150234741784037,0.04107981220657277,0.06514084507042253,0.02464788732394366,0.3532863849765258,0.009389671361502348,0.0,0.1431924882629108,0.0,Лукьяненко,Звезды - холодные игрушки
0.07857581338244321,0.07243707796193984,0.07918968692449356,0.004910988336402701,0.04665438919582566,0.017188459177409455,0.0006138735420503376,0.15592387968078575,0.0055248618784530384,0.06015960712093309,0.07612031921424187,0.011663597298956415,0.23511356660527932,0.020871700429711478,0.0,0.13505217925107427,0.0,Лукьяненко,Дневной дозор
0.0398576512455516,0.06263345195729537,0.04412811387900356,0.00498220640569395,0.019217081850533807,0.022775800711743774,0.0,0.14590747330960854,0.0035587188612099642,0.030604982206405694,0.06405693950177936,0.04697508896797153,0.36512455516014236,0.016370106761565837,0.0,0.13380782918149467,0.0,Лукьяненко,Звезды - холодные игрушки
0.05381471389645776,0.04427792915531335,0.052452316076294275,0.006811989100817439,0.025885558583106268,0.01907356948228883,0.0,0.16825613079019072,0.005449591280653951,0.0326975476839237,0.06403269754768393,0.027247956403269755,0.38419618528610355,0.009536784741144414,0.0,0.10626702997275204,0.0,Лукьяненко,Звезды - холодные игрушки
0.08465608465608465,0.0770135214579659,0.04938271604938271,0.012933568489124045,0.0393885949441505,0.027630805408583186,0.0,0.1934156378600823,0.009994121105232217,0.03997648442092887,0.058788947677836566,0.029394473838918283,0.23515579071134626,0.00823045267489712,0.0,0.13403880070546736,0.0,Лукьяненко,Звезды - холодные игрушки
0.07443563148261134,0.06162294081757169,0.06040268456375839,0.006101281269066504,0.03965832824893228,0.025015253203172667,0.0,0.14887126296522268,0.003050640634533252,0.06650396583282489,0.07199511897498474,0.037827943868212324,0.2507626601586333,0.026235509456985967,0.0,0.12751677852348994,0.0,Лукьяненко,Дневной дозор
0.05868118572292801,0.0647307924984876,0.05565638233514821,0.010889292196007259,0.03508771929824561,0.0205686630369026,0.0006049606775559589,0.1336963097398669,0.006049606775559589,0.04900181488203267,0.06836055656382335,0.05565638233514821,0.2909860859044162,0.018753781004234724,0.0,0.13127646702964307,0.0,Лукьяненко,Дневной дозор
0.06658291457286432,0.0678391959798995,0.06155778894472362,0.007537688442211055,0.0207286432160804,0.020100502512562814,0.0,0.17964824120603015,0.0043969849246231155,0.03329145728643216,0.05778894472361809,0.013819095477386936,0.32097989949748745,0.009422110552763818,0.0,0.13630653266331658,0.0,Лукьяненко,Звезды - холодные игрушки
0.059343434343434344,0.0707070707070707,0.050505050505050504,0.010732323232323232,0.026515151515151516,0.010101010101010102,0.0006313131313131314,0.1717171717171717,0.011363636363636364,0.032196969696969696,0.06060606060606061,0.01893939393939394,0.3333333333333333,0.017676767676767676,0.0,0.12563131313131312,0.0,Лукьяненко,Звезды - холодные игрушки
0.047556142668428,0.05812417437252312,0.06340819022457067,0.009247027741083224,0.03236459709379128,0.023778071334214,0.002642007926023778,0.16380449141347425,0.008586525759577279,0.03830911492734478,0.06010568031704095,0.018494055482166448,0.3058124174372523,0.015191545574636724,0.0,0.1525759577278732,0.0,Лукьяненко,Дневной дозор
0.04691689008042895,0.07506702412868632,0.06166219839142091,0.00804289544235925,0.03284182305630027,0.021447721179624665,0.0,0.1628686327077748,0.0020107238605898124,0.03284182305630027,0.08512064343163539,0.012064343163538873,0.30294906166219837,0.012734584450402145,0.0,0.14343163538873996,0.0,Лукьяненко,Звезды - холодные игрушки
0.06134185303514377,0.06773162939297124,0.06389776357827476,0.010223642172523962,0.030670926517571886,0.02428115015974441,0.0006389776357827476,0.16613418530351437,0.0134185303514377,0.03769968051118211,0.08242811501597444,0.015335463258785943,0.26773162939297124,0.012779552715654952,0.0,0.14568690095846645,0.0,Лукьяненко,Звезды - холодные игрушки
0.0796197266785502,0.08318478906714201,0.06951871657754011,0.010101010101010102,0.0421865715983363,0.010101010101010102,0.0005941770647653001,0.1859774212715389,0.0053475935828877,0.0398098633392751,0.06060606060606061,0.020796197266785502,0.23826500297088532,0.017825311942959002,0.0,0.13606654783125371,0.0,Лукьяненко,Дневной дозор
0.046957671957671955,0.06812169312169312,0.036375661375661374,0.00992063492063492,0.023809523809523808,0.017195767195767195,0.0006613756613756613,0.16865079365079366,0.006613756613756613,0.036375661375661374,0.06283068783068783,0.032407407407407406,0.34656084656084657,0.009259259259259259,0.0,0.13425925925925927,0.0,Лукьяненко,Звезды - холодные игрушки
0.05853994490358127,0.06060606060606061,0.048898071625344354,0.008264462809917356,0.027548209366391185,0.01790633608815427,0.0006887052341597796,0.17011019283746556,0.006887052341597796,0.026859504132231406,0.07231404958677685,0.030991735537190084,0.3209366391184573,0.010330578512396695,0.0,0.13911845730027547,0.0,Лукьяненко,Звезды - холодные игрушки
0.07544052863436124,0.06497797356828194,0.04790748898678414,0.011013215859030838,0.01817180616740088,0.01762114537444934,0.0,0.1987885462555066,0.013766519823788546,0.03248898678414097,0.08259911894273128,0.012665198237885462,0.276431718061674,0.01486784140969163,0.0,0.13325991189427314,0.0,Лукьяненко,Звезды - холодные игрушки
0.07218419415059116,0.07405102675793404,0.0522713130056005,0.0074673304293715,0.03671437461107654,0.02613565650280025,0.001866832607342875,0.1804604853764779,0.009956440572495333,0.04044803982576229,0.06347230864965775,0.04107031736154325,0.24144368388301182,0.01431238332296204,0.0,0.13814561294337274,0.0,Лукьяненко,Дневной дозор
0.059045226130653265,0.0678391959798995,0.06281407035175879,0.011306532663316583,0.016959798994974875,0.015703517587939697,0.0,0.15766331658291458,0.00628140703517588,0.028894472361809045,0.0885678391959799,0.024497487437185928,0.31155778894472363,0.015703517587939697,0.0,0.13316582914572864,0.0,Лукьяненко,Звезды - холодные игрушки
0.06429883649724434,0.05878750765462339,0.04715248009797918,0.004898958971218616,0.031230863441518677,0.02020820575627679,0.0,0.15799142682180037,0.005511328842620943,0.03919167176974893,0.07225964482547459,0.023882424984690752,0.3306797305572566,0.012859767299448868,0.0,0.131047152480098,0.0,Лукьяненко,Звезды - холодные игрушки
0.05514705882352941,0.05220588235294118,0.05808823529411765,0.006617647058823529,0.030147058823529412,0.0125,0.0,0.11176470588235295,0.006617647058823529,0.04779411764705882,0.0875,0.05367647058823529,0.3220588235294118,0.0125,0.0,0.14338235294117646,0.0,Лукьяненко,Дневной дозор
0.06962025316455696,0.07848101265822785,0.05569620253164557,0.008860759493670886,0.036075949367088606,0.016455696202531647,0.0006329113924050633,0.1759493670886076,0.014556962025316455,0.03354430379746835,0.060126582278481014,0.03481012658227848,0.28544303797468357,0.014556962025316455,0.0,0.11455696202531646,0.0006329113924050633,Лукьяненко,Звезды - холодные игрушки
0.07834101382488479,0.0819252432155658,0.05632360471070148,0.011776753712237584,0.03789042498719918,0.024065540194572452,0.0005120327700972862,0.18433179723502305,0.006144393241167435,0.041474654377880185,0.04915514592933948,0.051715309779825906,0.22990271377368152,0.014336917562724014,0.0,0.13210445468509985,0.0,Лукьяненко,Дневной дозор
0.06638418079096045,0.04731638418079096,0.036016949152542374,0.009887005649717515,0.038135593220338986,0.03389830508474576,0.0,0.1652542372881356,0.0035310734463276836,0.041666666666666664,0.08403954802259887,0.043785310734463276,0.298728813559322,0.014124293785310734,0.0,0.1172316384180791,0.0,Лукьяненко,Звезды - холодные игрушки
0.04721030042918455,0.06723891273247497,0.06223175965665236,0.00715307582260372,0.027181688125894134,0.01859799713876967,0.001430615164520744,0.16452074391988555,0.007868383404864092,0.04864091559370529,0.0815450643776824,0.012160228898426323,0.30758226037195996,0.008583690987124463,0.0,0.1380543633762518,0.0,Лукьяненко,Дневной дозор
0.052489905787348586,0.06796769851951548,0.06864064602960969,0.010094212651413189,0.03230148048452221,0.020188425302826378,0.002018842530282638,0.13055181695827725,0.01278600269179004,0.04912516823687752,0.06258411843876177,0.0423956931359354,0.2839838492597577,0.02086137281292059,0.0,0.1440107671601615,0.0,Лукьяненко,Дневной дозор
0.059431524547803614,0.06847545219638243,0.07687338501291989,0.00904392764857881,0.04521963824289406,0.01744186046511628,0.0012919896640826874,0.16149870801033592,0.0071059431524547806,0.04780361757105943,0.07881136950904392,0.012919896640826873,0.2571059431524548,0.01614987080103359,0.0,0.1375968992248062,0.003229974160206718,Лукьяненко,Дневной дозор
0.05555555555555555,0.04967320261437908,0.047058823529411764,0.00980392156862745,0.03333333333333333,0.01895424836601307,0.00130718954248366,0.16732026143790849,0.00392156862745098,0.03790849673202614,0.07973856209150326,0.013071895424836602,0.330718954248366,0.01895424836601307,0.0,0.1326797385620915,0.0,Лукьяненко,Звезды - холодные игрушки
0.07495538370017847,0.06067816775728733,0.0594883997620464,0.007733491969066032,0.04045211183819155,0.026174895895300417,0.0,0.15110053539559787,0.003569303985722784,0.06305770374776919,0.0725758477096966,0.0380725758477097,0.24687685901249257,0.027364663890541343,0.0,0.12790005948839978,0.0,Лукьяненко,Дневной дозор
0.060784313725490195,0.06535947712418301,0.05359477124183006,0.00849673202614379,0.032679738562091505,0.016339869281045753,0.00065359477124183,0.17058823529411765,0.009150326797385621,0.04379084967320261,0.0718954248366013,0.02287581699346405,0.30915032679738563,0.00718954248366013,0.0,0.12745098039215685,0.0,Лукьяненко,Звезды - холодные игрушки
0.0421335723890632,0.056028686687584046,0.05244285073957866,0.010757507844016136,0.03854773644105782,0.027790228597041687,0.001344688480502017,0.1344688480502017,0.0031376064545047063,0.037203047960555805,0.10398924249215598,0.021963245181532944,0.2837292693859256,0.016584491259524877,0.0,0.1698789780367548,0.0,Горький,Мать
0.055884286653517426,0.08481262327416174,0.04930966469428008,0.007560815253122946,0.03451676528599606,0.01873767258382643,0.0009861932938856016,0.16699539776462854,0.006245890861275477,0.02925706771860618,0.09631821170282709,0.018408941485864562,0.26429980276134124,0.015450361604207758,0.0,0.15121630506245892,0.0,Горький,В людях
0.051772202309836715,0.07726005575467941,0.053365193150139385,0.005575467941059339,0.0362405416168857,0.026682596575069693,0.0011947431302270011,0.19155714854639586,0.007168458781362007,0.025089605734767026,0.07208283552369574,0.023894862604540025,0.24930306650736758,0.012743926722421346,0.0,0.16606929510155316,0.0,Горький,Мать
0.049723756906077346,0.06583793738489871,0.06123388581952118,0.004604051565377533,0.03913443830570902,0.02117863720073665,0.0009208103130755065,0.14318600368324125,0.001841620626151013,0.0423572744014733,0.0943830570902394,0.02255985267034991,0.2937384898710866,0.013812154696132596,0.0,0.14548802946593,0.0,Горький,В людях
0.06418533991644512,0.08355488036460311,0.05507026205848842,0.006456513482719331,0.03494113178883403,0.01595138625142423,0.001139384732244588,0.17584504367641474,0.0037979491074819596,0.03608051652107862,0.07861754652487657,0.015571591340676035,0.2669958222559818,0.01785036080516521,0.0,0.14356247626281807,0.00037979491074819596,Горький,В людях
0.06269925611052073,0.0696068012752391,0.06057385759829968,0.005844845908607864,0.03772582359192349,0.022316684378320937,0.0010626992561105207,0.15462274176408078,0.008501594048884165,0.04675876726886291,0.0669500531349628,0.019128586609989374,0.2863974495217853,0.01487778958554729,0.0,0.14293304994686504,0.0,Горький,Челкаш
0.029310344827586206,0.06091954022988506,0.07988505747126437,0.008620689655172414,0.03505747126436782,0.010344827586206896,0.0005747126436781609,0.11839080459770115,0.0028735632183908046,0.034482758620689655,0.09080459770114943,0.034482758620689655,0.296551724137931,0.009195402298850575,0.0,0.18850574712643678,0.0,Горький,Мать
0.08739544274588981,0.07931929622151716,0.05884049610614364,0.006057109893279493,0.0400922988174214,0.021055667724257283,0.002019036631093164,0.2050764349581771,0.0023074704355350445,0.02047880011537352,0.08220363426593597,0.004614940871070089,0.2316123449668301,0.018459763484280356,0.0,0.14046726276319585,0.0,Горький,В людях
0.07138590203106332,0.0884109916367981,0.0630227001194743,0.008363201911589008,0.03614097968936679,0.022700119474313024,0.0008960573476702509,0.1681600955794504,0.0062724014336917565,0.03016726403823178,0.10185185185185185,0.005973715651135006,0.23387096774193547,0.021505376344086023,0.0,0.14097968936678615,0.0002986857825567503,Горький,В людях
0.031806615776081425,0.05597964376590331,0.06806615776081425,0.005089058524173028,0.043256997455470736,0.018447837150127225,0.001272264631043257,0.13104325699745548,0.003816793893129771,0.041348600508905854,0.0871501272264631,0.014631043256997456,0.30407124681933845,0.01717557251908397,0.0006361323155216285,0.1762086513994911,0.0,Горький,Мать
0.04898828541001065,0.06762513312034078,0.055378061767838126,0.005324813631522897,0.04579339723109691,0.013312034078807242,0.002129925452609159,0.1501597444089457,0.005324813631522897,0.027689030883919063,0.10063897763578275,0.021299254526091587,0.30085197018104365,0.009584664536741214,0.0,0.14589989350372737,0.0,Горький,В людях
0.0561990561990562,0.07078507078507079,0.06306306306306306,0.005577005577005577,0.05062205062205062,0.022737022737022737,0.000858000858000858,0.1655941655941656,0.00429000429000429,0.036036036036036036,0.0888030888030888,0.021879021879021878,0.24624624624624625,0.011583011583011582,0.0,0.15572715572715573,0.0,Горький,Мать
0.05512622359608449,0.06903657908294693,0.06027820710973725,0.0061823802163833074,0.03760947964966512,0.015455950540958269,0.0005151983513652757,0.17001545595054096,0.0072127769191138585,0.03194229778464709,0.0824317362184441,0.00927357032457496,0.2792375064399794,0.0072127769191138585,0.0005151983513652757,0.16795466254507985,0.0,Горький,Мать
0.0546448087431694,0.06607054148037754,0.06756085444610035,0.007451564828614009,0.037257824143070044,0.025832091405861898,0.0,0.15946348733233978,0.0009935419771485345,0.03427719821162444,0.09687034277198212,0.015896671634376552,0.26726279185295576,0.008445106805762544,0.0,0.15797317436661698,0.0,Горький,Мать
0.046216060080878106,0.060658578856152515,0.0681686886192952,0.007510109763142692,0.038128249566724434,0.025418833044482957,0.0011554015020219526,0.13056036972848065,0.004043905257076834,0.043327556325823226,0.09532062391681109,0.016175621028307337,0.28134026574234544,0.014442518775274409,0.0,0.16753321779318314,0.0,Горький,Мать
0.057926829268292686,0.0625,0.06808943089430894,0.009654471544715448,0.036585365853658534,0.03353658536585366,0.007621951219512195,0.16971544715447154,0.005589430894308943,0.04573170731707317,0.07621951219512195,0.012703252032520325,0.2682926829268293,0.012703252032520325,0.0,0.133130081300813,0.0,Горький,Челкаш
0.05235988200589971,0.08517699115044247,0.056784660766961655,0.007743362831858407,0.03908554572271387,0.02064896755162242,0.0022123893805309734,0.20833333333333334,0.00663716814159292,0.03392330383480826,0.07743362831858407,0.006268436578171091,0.2551622418879056,0.011799410029498525,0.0,0.1364306784660767,0.0,Горький,В людях
0.0555956678700361,0.06823104693140794,0.0703971119133574,0.007220216606498195,0.047292418772563176,0.018050541516245487,0.0018050541516245488,0.1379061371841155,0.0021660649819494585,0.04007220216606498,0.10758122743682311,0.01407942238267148,0.2667870036101083,0.013718411552346571,0.0,0.14909747292418774,0.0,Горький,В людях
0.048484848484848485,0.05606060606060606,0.06363636363636363,0.007070707070707071,0.03585858585858586,0.024242424242424242,0.00202020202020202,0.1606060606060606,0.005050505050505051,0.031818181818181815,0.09595959595959595,0.013636363636363636,0.2787878787878788,0.012626262626262626,0.0,0.16414141414141414,0.0,Горький,Мать
0.05784526391901663,0.06941431670281996,0.07664497469269703,0.006869125090383225,0.046276211135213303,0.023138105567606652,0.00036153289949385393,0.15798987707881418,0.006146059291395517,0.023138105567606652,0.11822125813449023,0.005784526391901663,0.2306579898770788,0.01735357917570499,0.0,0.1601590744757773,0.0,Горький,Мать
0.05884319625543297,0.07957204948177866,0.06954195921096623,0.005349381477766633,0.04045469742561016,0.020060180541624874,0.001671681711802073,0.16850551654964896,0.006352390504847877,0.037111334002006016,0.09595453025743898,0.008358408559010365,0.2474088933467068,0.021731862253426947,0.0,0.13908391842193246,0.0,Горький,В людях
0.05239179954441914,0.06947608200455581,0.06909643128321943,0.006074411541381929,0.045937737281700836,0.020121488230827638,0.0011389521640091116,0.13971146545178437,0.002277904328018223,0.037965072133637055,0.11389521640091116,0.015565679574791193,0.265375854214123,0.016324981017463932,0.0,0.14464692482915717,0.0,Горький,В людях
0.04521181915272339,0.06977572089711641,0.050907796368814526,0.006051975792096832,0.041295834816660736,0.018511925952296192,0.001423994304022784,0.1431114275542898,0.007475970096119616,0.03773584905660377,0.10857956568173727,0.016019935920256318,0.28693485226059096,0.012815948736205056,0.0,0.15379138483446067,0.000355998576005696,Горький,В людях
0.07240522063393412,0.08203853325046613,0.05966438781852082,0.0074580484773151025,0.040087010565568675,0.022063393412057177,0.002175264139216905,0.17992541951522684,0.007147296457426973,0.02517091361093847,0.0839030453697949,0.0052827843380981974,0.24456183965195774,0.01678060907395898,0.0,0.15133623368551896,0.0,Горький,В людях
0.05944215820759031,0.06401463191586648,0.0745313214449017,0.007315957933241884,0.039323273891175126,0.02423411065386374,0.0009144947416552355,0.17146776406035666,0.0004572473708276177,0.02880658436213992,0.0877914951989026,0.015546410608139003,0.25651577503429357,0.011431184270690443,0.0,0.15820759030635573,0.0,Горький,Мать
0.04746691008671839,0.0730260155180283,0.07485166590597901,0.006389776357827476,0.041077133728890915,0.020994979461433135,0.0009128251939753537,0.16476494751255136,0.004564125969876769,0.03194888178913738,0.08808763121862163,0.017800091282519397,0.25741670470104977,0.009584664536741214,0.0,0.16111364673664993,0.0,Горький,Мать
0.05081081081081081,0.06432432432432432,0.053513513513513515,0.008648648648648649,0.043243243243243246,0.014594594594594595,0.003243243243243243,0.15135135135135136,0.004324324324324324,0.02810810810810811,0.10270270270270271,0.02216216216216216,0.29783783783783785,0.009189189189189189,0.0,0.14594594594594595,0.0,Горький,В людях
0.04433497536945813,0.059113300492610835,0.07093596059113301,0.0049261083743842365,0.041379310344827586,0.02167487684729064,0.001477832512315271,0.1458128078817734,0.002955665024630542,0.04433497536945813,0.09064039408866995,0.025123152709359605,0.2768472906403941,0.010344827586206896,0.0,0.16009852216748768,0.0,Горький,Мать
0.042923433874709975,0.05916473317865429,0.06902552204176333,0.0034802784222737818,0.0382830626450116,0.02088167053364269,0.0,0.1554524361948956,0.004640371229698376,0.033642691415313224,0.08700696055684455,0.016821345707656612,0.29350348027842227,0.0063805104408352666,0.0,0.1687935034802784,0.0,Горький,Мать
0.0567557671182717,0.0692054192603442,0.07579641157085316,0.006590992310508971,0.04503844745514463,0.023068473086781397,0.0003661662394727206,0.15745148297326986,0.006224826071036251,0.024533138044672283,0.11790552911021604,0.005858659831563529,0.23178322958623215,0.01757597949469059,0.0,0.1618454778469425,0.0,Горький,Мать
0.045346062052505964,0.07100238663484487,0.053102625298329355,0.008353221957040573,0.041766109785202864,0.019689737470167064,0.00477326968973747,0.1658711217183771,0.0053699284009546535,0.02684964200477327,0.07995226730310262,0.022673031026252982,0.28758949880668255,0.007159904534606206,0.0,0.16050119331742244,0.0,Горький,Челкаш
0.06664647076643442,0.07634050287791579,0.05846713117237201,0.00545289306270827,0.040290820963344444,0.019085125719478947,0.0009088155104513784,0.17782490154498637,0.004241139048773099,0.027567403817025143,0.09936382914268403,0.012420478642835504,0.23810966373826115,0.02059981823689791,0.0,0.15268100575583157,0.0,Горький,В людях
0.07230392156862746,0.06372549019607843,0.059640522875817,0.003676470588235294,0.03349673202614379,0.015522875816993464,0.0032679738562091504,0.16666666666666666,0.004084967320261438,0.0428921568627451,0.09354575163398693,0.004084967320261438,0.2798202614379085,0.012663398692810458,0.0,0.14460784313725492,0.0,Горький,В людях
0.04497843499691929,0.05976586568083796,0.0640788662969809,0.0073937153419593345,0.03820086260012323,0.02341343191620456,0.0006161429451632779,0.13123844731977818,0.004313000616142945,0.04497843499691929,0.09118915588416512,0.015403573629081947,0.2902033271719039,0.012322858903265557,0.0,0.17190388170055454,0.0,Горький,Мать
0.07195767195767196,0.06084656084656084,0.07354497354497354,0.007407407407407408,0.04126984126984127,0.025925925925925925,0.0010582010582010583,0.14973544973544972,0.00582010582010582,0.03650793650793651,0.0835978835978836,0.009523809523809525,0.2661375661375661,0.01164021164021164,0.0,0.15502645502645504,0.0,Горький,Мать
0.07161629434954007,0.0683311432325887,0.07128777923784495,0.005913272010512484,0.05223390275952694,0.027923784494086726,0.000328515111695138,0.1721419185282523,0.006898817345597897,0.024967148488830485,0.08508541392904073,0.01741130091984231,0.22700394218134035,0.018396846254927726,0.0,0.1504599211563732,0.0,Горький,Мать
0.06054960409874243,0.07964601769911504,0.07172799254774104,0.005123428039124359,0.033535165346995806,0.019562179785747556,0.0004657661853749418,0.18258034466697717,0.006520726595249185,0.020027945971122497,0.08430367955286447,0.012575687005123428,0.24219841639496972,0.010246856078248719,0.0,0.17093619003260363,0.0,Горький,Мать
0.047058823529411764,0.059358288770053474,0.07914438502673797,0.009625668449197862,0.034224598930481284,0.0213903743315508,0.0005347593582887701,0.14278074866310161,0.0074866310160427805,0.029946524064171122,0.09518716577540107,0.0213903743315508,0.27700534759358286,0.011764705882352941,0.0,0.16310160427807488,0.0,Горький,Мать
0.04821150855365474,0.06117159149818559,0.05650596163815448,0.003110419906687403,0.03421461897356143,0.01607050285121825,0.002073613271124935,0.17262830482115085,0.007776049766718507,0.0321410057024365,0.08553654743390357,0.03110419906687403,0.2773457750129601,0.015552099533437015,0.0,0.1565578019699326,0.0,Горький,Мать
0.05103387593488781,0.06951165860096789,0.07611086669599648,0.007479102507699076,0.04575450945886494,0.027716673999120107,0.0017597888253409592,0.1570611526616806,0.003959524857017158,0.03563572371315442,0.09018917729872415,0.013198416190057193,0.2551693796744391,0.01583809942806863,0.0,0.14958205015398152,0.0,Горький,Мать
0.056824838898652606,0.06736965436438196,0.061511423550087874,0.011716461628588167,0.0492091388400703,0.028119507908611598,0.004100761570005858,0.16520210896309315,0.0029291154071470417,0.038078500292911543,0.06795547744581136,0.014645577035735208,0.27240773286467485,0.013473930872876391,0.0,0.14645577035735208,0.0,Горький,Челкаш
0.07564145284905031,0.07497500833055648,0.06897700766411197,0.00433188937020993,0.036654448517160945,0.027657447517494167,0.0006664445184938354,0.16594468510496502,0.006997667444185272,0.02732422525824725,0.07230923025658113,0.020993002332555816,0.263245584805065,0.01299566811062979,0.0,0.14128623792069311,0.0,Горький,В людях
0.055222602739726026,0.06078767123287671,0.06506849315068493,0.0059931506849315065,0.04238013698630137,0.03339041095890411,0.0029965753424657533,0.14554794520547945,0.004280821917808219,0.028253424657534245,0.0954623287671233,0.02226027397260274,0.2607020547945205,0.02011986301369863,0.0,0.15753424657534246,0.0,Горький,Мать
0.06912878787878787,0.08301767676767677,0.05997474747474747,0.008207070707070708,0.03787878787878788,0.02335858585858586,0.0031565656565656565,0.18181818181818182,0.005366161616161616,0.030303030303030304,0.08617424242424243,0.00946969696969697,0.23926767676767677,0.015782828282828284,0.0,0.14709595959595959,0.0,Горький,В людях
0.050715746421267895,0.05971370143149284,0.0752556237218814,0.006543967280163599,0.049079754601226995,0.0196319018404908,0.0,0.14519427402862986,0.0049079754601227,0.032310838445807774,0.09038854805725971,0.023721881390593048,0.2584867075664622,0.014314928425357873,0.0,0.16973415132924335,0.0,Горький,Мать
0.07486797141969556,0.07611059335197266,0.05747126436781609,0.012426219322771047,0.04007455731593663,0.027958993476234855,0.0015532774153463808,0.1693072382727555,0.00403852127990059,0.031065548306927617,0.10872941907424666,0.01460080770425598,0.22336129232680957,0.022367194780987885,0.0,0.13606710158434296,0.0,Горький,В людях
0.056613484302624806,0.06536284096757591,0.0761708697889861,0.011322696860524962,0.041173443129181676,0.02624806999485332,0.007205352547606794,0.16417910447761194,0.005661348430262481,0.04529078744209985,0.07153885743695317,0.011837364899639732,0.2660833762223366,0.013381369016984045,0.0,0.13793103448275862,0.0,Горький,Челкаш
0.07074340527577938,0.06594724220623502,0.05795363709032774,0.0035971223021582736,0.032773780975219824,0.015587529976019185,0.0031974420463629096,0.16706634692246203,0.003996802557953637,0.0407673860911271,0.09392486011191047,0.004796163069544364,0.27857713828936853,0.012789768185451638,0.0,0.14828137490007995,0.0,Горький,В людях
0.05714285714285714,0.06554621848739496,0.07260504201680672,0.0067226890756302525,0.05445378151260504,0.021848739495798318,0.0003361344537815126,0.15831932773109245,0.005714285714285714,0.02689075630252101,0.08974789915966387,0.020504201680672268,0.24067226890756302,0.015798319327731094,0.0,0.16369747899159665,0.0,Горький,Мать
0.047949162333911034,0.06181398035817447,0.06990179087232813,0.008087810514153668,0.03870595031773541,0.02484113229347198,0.0011554015020219526,0.1340265742345465,0.00462160600808781,0.04274985557481225,0.09358752166377816,0.016175621028307337,0.2772963604852686,0.013287117273252455,0.0,0.1658001155401502,0.0,Горький,Мать
0.07985888389993585,0.07633098139833226,0.07344451571520205,0.006735086593970494,0.04361770365618987,0.02245028864656831,0.00032071840923669016,0.16196279666452854,0.003848620910840282,0.03720333547145606,0.09878127004490057,0.014111610006414367,0.22963438101347017,0.01796023091725465,0.0,0.1337395766516998,0.0,Горький,В людях
0.04395008138903961,0.05534454693434617,0.074877916440586,0.0032555615843733042,0.04449267498643516,0.021161150298426478,0.0,0.15952251763429193,0.0048833423765599565,0.030927835051546393,0.0781334780249593,0.016820401519262073,0.2951709169831796,0.00705371676614216,0.0,0.16440586001085186,0.0,Горький,Мать
0.06126561870213623,0.060056428859330914,0.06811769447803305,0.004433696090286175,0.041112454655380895,0.03345425231761386,0.0032245062474808546,0.1483272873841193,0.005239822652156389,0.029423619508262798,0.08988311164852882,0.019750100765820233,0.25755743651753327,0.018540910923014912,0.0,0.1596130592503023,0.0,Горький,Мать
0.04588457899716178,0.056291390728476824,0.05345316934720908,0.004730368968779565,0.03784295175023652,0.019394512771996216,0.000946073793755913,0.14191106906338694,0.007568590350047304,0.04257332071901608,0.0912961210974456,0.024124881740775782,0.3032166508987701,0.01892147587511826,0.0,0.15184484389782402,0.0,Горький,Мать
0.0546236559139785,0.06064516129032258,0.07870967741935483,0.006881720430107527,0.043440860215053764,0.02064516129032258,0.0008602150537634409,0.15397849462365593,0.005161290322580645,0.02924731182795699,0.09204301075268817,0.017204301075268817,0.25806451612903225,0.013763440860215054,0.0,0.16473118279569893,0.0,Горький,Мать
0.0779896013864818,0.08422876949740035,0.05268630849220104,0.005545927209705373,0.03500866551126516,0.016637781629116118,0.0010398613518197574,0.18960138648180241,0.007279029462738302,0.02218370883882149,0.07521663778162911,0.01386481802426343,0.26031195840554594,0.013518197573656845,0.0,0.14488734835355285,0.0,Горький,В людях
0.05333333333333334,0.07061728395061728,0.07012345679012345,0.009876543209876543,0.03851851851851852,0.029135802469135802,0.006913580246913581,0.16641975308641976,0.005925925925925926,0.04098765432098765,0.07950617283950617,0.013827160493827161,0.26666666666666666,0.011851851851851851,0.0,0.1362962962962963,0.0,Горький,Челкаш
0.03961885656970913,0.0667001003009027,0.05265797392176529,0.008525576730190571,0.03811434302908726,0.02106318956870612,0.0005015045135406219,0.16449348044132397,0.00802407221664995,0.024072216649949848,0.0757271815446339,0.03009027081243731,0.2823470411233701,0.01053159478435306,0.0,0.17753259779338015,0.0,Горький,Мать
0.03664921465968586,0.05340314136125655,0.07277486910994764,0.0036649214659685864,0.04554973821989529,0.01780104712041885,0.0015706806282722514,0.15340314136125655,0.005235602094240838,0.03769633507853403,0.08115183246073299,0.017277486910994764,0.29581151832460734,0.006806282722513089,0.0,0.1712041884816754,0.0,Горький,Мать
0.06176582038651004,0.06252368321333839,0.05949223190602501,0.0060629026146267525,0.04812428950359985,0.034103827207275485,0.0007578628268283441,0.1720348616900341,0.0022735884804850324,0.03296703296703297,0.0867752936718454,0.01818870784388026,0.24554755589238347,0.01667298219022357,0.0,0.15270935960591134,0.0,Горький,Мать
0.05030559473436765,0.05923836389280677,0.0615890926187118,0.007522331922896097,0.03714151386929948,0.0230371415138693,0.0014104372355430183,0.16031969910672308,0.003291020216267043,0.03149976492712741,0.08885754583921016,0.025858015984955338,0.27174424071462155,0.017865538316878232,0.0,0.15984955336154208,0.0004701457451810061,Горький,Мать
0.04696591853699086,0.07564422277639235,0.05569409808811305,0.010390689941812137,0.04156275976724855,0.0199501246882793,0.0016625103906899418,0.17248545303408147,0.00457190357439734,0.02493765586034913,0.085619285120532,0.017871986699916874,0.2572734829592685,0.012468827930174564,0.0,0.17290108063175394,0.0,Горький,Мать
0.04995499549954995,0.07245724572457246,0.06480648064806481,0.0036003600360036,0.039603960396039604,0.02115211521152115,0.00045004500450045,0.15256525652565256,0.0054005400540054005,0.034653465346534656,0.10126012601260126,0.020702070207020702,0.25967596759675965,0.012151215121512151,0.0,0.16111611161116113,0.00045004500450045,Горький,Мать
0.03994673768308921,0.06968486462494451,0.06258322237017311,0.004438526409232135,0.039502885042166,0.019529516200621395,0.0004438526409232135,0.16511318242343542,0.006657789613848202,0.02929427430093209,0.079005770084332,0.02885042166000888,0.2663115845539281,0.009320905459387484,0.0,0.17931646693297826,0.0,Горький,Мать
0.0684248039914469,0.07056307911617961,0.05131860299358518,0.003920171062009979,0.03848895224518888,0.023521026372059873,0.0014255167498218105,0.19957234497505347,0.006414825374198147,0.025302922309337134,0.07804704205274413,0.011760513186029936,0.2587312900926586,0.017106200997861726,0.0003563791874554526,0.1450463292943692,0.0,Горький,В людях
0.06265313265663283,0.0864543227161358,0.05775288764438222,0.009100455022751138,0.03605180259012951,0.021351067553377668,0.0021001050052502626,0.20966048302415122,0.008750437521876094,0.028701435071753587,0.07525376268813441,0.0077003850192509625,0.25306265313265663,0.011550577528876444,0.0,0.12985649282464123,0.0,Горький,В людях
0.04156107450582869,0.05778003041054232,0.055245818550430814,0.0040547389761784085,0.03598580841358338,0.021794221996958945,0.0015205271160669033,0.12620375063355296,0.0030410542321338066,0.046122655854029394,0.10390268626457172,0.021287379624936646,0.30157121135326914,0.017739483020780537,0.0,0.16218955904713633,0.0,Горький,Мать
0.04406428201140487,0.06168999481596682,0.06739243131156039,0.00414722654224987,0.0383618455158113,0.01866251944012442,0.0005184033177812338,0.15241057542768274,0.002592016588906169,0.03473302229134267,0.09694142042509073,0.01347848626231208,0.29704510108864696,0.011923276308968377,0.0,0.15603939865215138,0.0,Горький,Мать
0.056630824372759854,0.06989247311827956,0.07060931899641577,0.0064516129032258064,0.04659498207885305,0.01863799283154122,0.0017921146953405018,0.14014336917562725,0.0025089605734767025,0.03870967741935484,0.10716845878136201,0.015412186379928316,0.26415770609318995,0.013261648745519713,0.0,0.14802867383512544,0.0,Горький,В людях
0.06203007518796992,0.05921052631578947,0.0625,0.006578947368421052,0.03712406015037594,0.020676691729323307,0.0009398496240601503,0.14943609022556392,0.005639097744360902,0.03148496240601504,0.09586466165413533,0.020676691729323307,0.27725563909774437,0.011278195488721804,0.0,0.15930451127819548,0.0,Горький,Мать
0.06856187290969899,0.07892976588628763,0.056856187290969896,0.006020066889632107,0.048160535117056855,0.02274247491638796,0.00033444816053511704,0.16856187290969898,0.006688963210702341,0.03411371237458194,0.10301003344481606,0.009364548494983277,0.23010033444816053,0.02040133779264214,0.0,0.14615384615384616,0.0,Горький,В людях
0.05821107430194037,0.06625650733554188,0.05821107430194037,0.005679129200189304,0.04259346900141978,0.019876952200662566,0.000473260766682442,0.1769995267392333,0.005679129200189304,0.03218173213440606,0.08376715570279224,0.02602934216753431,0.26171320397539044,0.017037387600567912,0.0,0.14529105537150971,0.0,Горький,Мать
0.060851926977687626,0.05922920892494929,0.06734279918864097,0.006085192697768763,0.042190669371196754,0.034482758620689655,0.002839756592292089,0.15537525354969575,0.005679513184584178,0.025963488843813387,0.08356997971602434,0.020689655172413793,0.25963488843813387,0.01744421906693712,0.0,0.15862068965517243,0.0,Горький,Мать
0.045368620037807186,0.06994328922495274,0.055450535601764335,0.007561436672967864,0.04221802142407057,0.020163831127914304,0.004410838059231254,0.16824196597353497,0.003780718336483932,0.0258349086326402,0.074354127284184,0.023314429741650915,0.28607435412728416,0.007561436672967864,0.0,0.1657214870825457,0.0,Горький,Челкаш
0.07233273056057866,0.07323688969258589,0.056962025316455694,0.003315250150693189,0.040988547317661245,0.029837251356238697,0.0012055455093429777,0.20373719107896324,0.0045207956600361665,0.028933092224231464,0.06751054852320675,0.013863773357444244,0.2549728752260398,0.015069318866787222,0.0003013863773357444,0.13321277878239904,0.0,Горький,В людях
0.06399132321041215,0.06670281995661605,0.06182212581344902,0.0070498915401301515,0.031453362255965296,0.026030368763557483,0.007592190889370932,0.17516268980477223,0.010303687635574838,0.037418655097613884,0.06453362255965293,0.016811279826464208,0.28524945770065074,0.0113882863340564,0.0,0.13449023861171366,0.0,Горький,Челкаш
0.06833642547928262,0.08596165739022882,0.06740878169449598,0.006493506493506494,0.03927025355596784,0.021026592455163882,0.0012368583797155227,0.1663574520717378,0.007111935683364255,0.03525046382189239,0.0943104514533086,0.007730364873222016,0.24211502782931354,0.023191094619666047,0.0,0.1341991341991342,0.0,Горький,В людях
0.049796747967479675,0.05741869918699187,0.061991869918699184,0.006097560975609756,0.036077235772357726,0.022865853658536585,0.0010162601626016261,0.15802845528455284,0.0040650406504065045,0.03404471544715447,0.09654471544715447,0.012195121951219513,0.2860772357723577,0.011178861788617886,0.0,0.16260162601626016,0.0,Горький,Мать
0.036036036036036036,0.07477477477477477,0.057207207207207206,0.0045045045045045045,0.036936936936936934,0.018018018018018018,0.0009009009009009009,0.1662162162162162,0.005855855855855856,0.03153153153153153,0.09009009009009009,0.02702702702702703,0.2702702702702703,0.009009009009009009,0.0,0.17117117117117117,0.00045045045045045046,Горький,Мать
0.048409405255878286,0.05716920239741816,0.06592899953895805,0.006915629322268326,0.03642231443061319,0.023052097740894423,0.0009220839096357768,0.14983863531581373,0.002305209774089442,0.03411710465652374,0.08990318118948824,0.029045643153526972,0.27431996311664364,0.019363762102351315,0.0,0.16182572614107885,0.0004610419548178884,Горький,Мать
0.057623049219687875,0.06282513005202081,0.06282513005202081,0.004401760704281713,0.042817126850740295,0.03321328531412565,0.0028011204481792717,0.15366146458583432,0.006002400960384154,0.028411364545818326,0.09123649459783914,0.021608643457382955,0.25690276110444177,0.01840736294517807,0.0,0.15726290516206481,0.0,Горький,Мать
0.05152979066022544,0.0644122383252818,0.0821256038647343,0.005367686527106817,0.04508856682769726,0.017176596886741814,0.001610305958132045,0.16049382716049382,0.0026838432635534087,0.039184111647879764,0.07783145464304884,0.013955984970477724,0.2716049382716049,0.013419216317767043,0.0,0.15351583467525495,0.0,Горький,Мать
0.05098622999627838,0.08373650911797544,0.0543356903609974,0.008187569780424266,0.03982136211388165,0.02084108671380722,0.002232973576479345,0.2050614067733532,0.006698920729438035,0.03423892817268329,0.08075921101600297,0.006326758466691477,0.25604763676963155,0.013025679196129512,0.0,0.13770003721622628,0.0,Горький,В людях
0.037383177570093455,0.057724024189114896,0.056074766355140186,0.006047278724573941,0.03628367234744365,0.01594282572842221,0.0005497526113249038,0.15173172072567345,0.004947773501924134,0.03628367234744365,0.07971412864211105,0.032985156679494226,0.3007146783947224,0.012094557449147883,0.0,0.17152281473336997,0.0,Горький,Мать
0.06769139816730713,0.07389890629618681,0.06207508128879693,0.0038427431274017146,0.04286136565178835,0.02926396689328998,0.0014779781259237363,0.19154596511971622,0.0038427431274017146,0.0325155187703222,0.07123854566952409,0.0162577593851611,0.25657700266036065,0.015370972509606859,0.0,0.13154005320721254,0.0,Горький,В людях
0.042688910696761534,0.06231599607458292,0.06231599607458292,0.007850834151128557,0.037782139352306184,0.018645731108930325,0.0014720314033366045,0.13297350343473993,0.004906771344455349,0.03925417075564279,0.09568204121687929,0.02747791952894995,0.27919528949950934,0.01717369970559372,0.0,0.17026496565260058,0.0,Горький,Мать
0.054441260744985676,0.06361031518624642,0.055587392550143264,0.004584527220630372,0.03553008595988539,0.015472779369627506,0.0028653295128939827,0.15988538681948425,0.006303724928366762,0.033810888252149,0.07965616045845272,0.016045845272206302,0.295702005730659,0.008022922636103151,0.0,0.16848137535816618,0.0,Горький,Мать
0.06682242990654205,0.06448598130841121,0.06588785046728972,0.00794392523364486,0.037383177570093455,0.020560747663551402,0.0014018691588785046,0.14953271028037382,0.005607476635514018,0.0308411214953271,0.08411214953271028,0.02149532710280374,0.2761682242990654,0.008411214953271028,0.0,0.15934579439252336,0.0,Горький,Мать
0.05522041763341067,0.06357308584686774,0.07378190255220418,0.007424593967517401,0.03944315545243619,0.02459396751740139,0.0009280742459396752,0.16241299303944315,0.0004640371229698376,0.032018561484918794,0.09234338747099768,0.01716937354988399,0.2589327146171694,0.01160092807424594,0.0,0.16009280742459397,0.0,Горький,Мать
0.06227483273288729,0.07359752959341224,0.06124549665465775,0.008749356664951106,0.033968090581574885,0.03088008234688626,0.007720020586721565,0.17858980957282553,0.007720020586721565,0.03860010293360782,0.06690684508492023,0.016469377251672673,0.26865671641791045,0.010293360782295419,0.0,0.13432835820895522,0.0,Горький,Челкаш
0.07020946470131885,0.08029480217222654,0.05973622963537626,0.0065942591155934835,0.0321955003878976,0.016679596586501165,0.0007757951900698216,0.18231186966640806,0.003878975950349108,0.03413498836307215,0.07796741660201707,0.01047323506594259,0.2622187742435997,0.017067494181536073,0.0,0.14507370054305663,0.0003878975950349108,Горький,В людях
0.06528189910979229,0.07368941641938674,0.0702274975272008,0.00741839762611276,0.050445103857566766,0.026211671612265085,0.0034619188921859545,0.17260138476755688,0.0034619188921859545,0.03560830860534125,0.06181998021760633,0.013353115727002967,0.25568743818001977,0.01582591493570722,0.0,0.14490603363006924,0.0,Горький,Челкаш
0.05298329355608592,0.07589498806682578,0.07064439140811456,0.006205250596658711,0.03436754176610979,0.021479713603818614,0.00047732696897374703,0.17804295942720763,0.005727923627684964,0.022911694510739856,0.08878281622911695,0.016229116945107397,0.2486873508353222,0.00954653937947494,0.0,0.16801909307875895,0.0,Горький,Мать
0.05973715651135006,0.06093189964157706,0.06610911987256073,0.004380724810832338,0.04380724810832338,0.03424930306650737,0.0031859816806053365,0.1509358821186778,0.005973715651135006,0.029470330545599364,0.09159697331740342,0.020708880923934688,0.2536837913181999,0.017921146953405017,0.0,0.1573078454798885,0.0,Горький,Мать
0.054835493519441676,0.06929212362911266,0.07477567298105683,0.007477567298105683,0.036889332003988036,0.020438683948155532,0.0009970089730807576,0.15204386839481554,0.006480558325024925,0.028913260219341975,0.0847457627118644,0.019940179461615155,0.2647058823529412,0.010967098703888335,0.0,0.1674975074775673,0.0,Горький,Мать
0.04441190824792582,0.055636896046852125,0.056612981942410934,0.01268911664226452,0.037579306979014154,0.02635431918008785,0.0009760858955588092,0.13421181063933627,0.0029282576866764276,0.035627135187896536,0.10932162030258663,0.01805758906783797,0.27574426549536357,0.015617374328940947,0.0,0.17423133235724744,0.0,Горький,Мать
0.032432432432432434,0.05243243243243243,0.07405405405405406,0.003243243243243243,0.04216216216216216,0.01027027027027027,0.0016216216216216215,0.1518918918918919,0.006486486486486486,0.03945945945945946,0.07837837837837838,0.02054054054054054,0.30972972972972973,0.008648648648648649,0.0,0.16864864864864865,0.0,Горький,Мать
0.07875678937839468,0.06940253470126735,0.060350030175015085,0.004526252263126132,0.03952926976463488,0.02595051297525649,0.0015087507543753772,0.17350633675316837,0.006035003017501509,0.0356065178032589,0.07362703681351841,0.022631261315630657,0.26433313216656606,0.010259505129752565,0.0,0.13397706698853348,0.0,Горький,В людях
0.04537418974661167,0.06835592221567471,0.054213317619328225,0.0058927519151443725,0.03830288744843842,0.021803182086034177,0.0058927519151443725,0.16028285209192694,0.008249852681202121,0.03182086034177961,0.09133765468473777,0.021803182086034177,0.2922804949911609,0.010017678255745434,0.0,0.14437242192103714,0.0,Горький,Челкаш
0.07215654300856095,0.06359559722788423,0.05951895637994293,0.0036689767631471666,0.03342845495311863,0.015491235222176927,0.003261312678353037,0.1663269465960049,0.0040766408479412965,0.04321239298817774,0.09417040358744394,0.004484304932735426,0.2796575621687729,0.012637586628618018,0.0,0.1443130860171219,0.0,Горький,В людях
0.057067271352985637,0.07407407407407407,0.07558578987150416,0.006424792139077854,0.050642479213907785,0.022675736961451247,0.0003779289493575208,0.17838246409674982,0.008692365835222978,0.021919879062736205,0.09750566893424037,0.009070294784580499,0.2222222222222222,0.015117157974300832,0.0,0.1602418745275888,0.0,Горький,Мать
0.04855337545726638,0.07449285001662787,0.06484868639840373,0.008313934153641503,0.040571998669770536,0.02494180246092451,0.0009976720984369804,0.1459926837379448,0.0029930162953109413,0.03658131027602261,0.13335550382440972,0.013967409378117725,0.23079481210508812,0.020618556701030927,0.0,0.152643831060858,0.0003325573661456601,Горький,В людях
0.04704152884968762,0.06541712605659684,0.04704152884968762,0.005880191106210952,0.04336640940830577,0.017640573318632856,0.001470047776552738,0.151414920984932,0.006615214994487321,0.04373392135244395,0.10621095185593532,0.011760382212421904,0.2895994119808894,0.013230429988974642,0.0,0.1492098493201029,0.0003675119441381845,Горький,В людях
0.05062126092959043,0.061205706396686606,0.06028531983433042,0.007823285780027611,0.04233778186838472,0.021629084215370454,0.0009203865623561896,0.14358030372756558,0.008283479061205707,0.03819604233778187,0.09848136217211229,0.017487344684767602,0.2788771283939254,0.015646571560055222,0.0,0.15462494247583985,0.0,Горький,Мать
0.055609756097560976,0.06195121951219512,0.0702439024390244,0.006829268292682927,0.03804878048780488,0.018536585365853658,0.000975609756097561,0.15317073170731707,0.004878048780487805,0.02975609756097561,0.09121951219512195,0.015609756097560976,0.2819512195121951,0.01121951219512195,0.0,0.16,0.0,Горький,Мать
0.054970224461749886,0.07146129180027486,0.053595968850206135,0.006871278057718736,0.04168575355016033,0.017865322950068714,0.0,0.16536875858909758,0.00641319285387082,0.026110856619331196,0.0842876775080165,0.023820430600091615,0.26660558863948697,0.01832340815391663,0.0,0.16262024736601008,0.0,Горький,Мать
0.060765718299964876,0.0737618545837724,0.06462943449244819,0.00597119775201967,0.037934668071654375,0.020021074815595362,0.0017562346329469617,0.17386722866174922,0.005619950825430277,0.026694766420793818,0.07516684229012996,0.018616087109237796,0.2623814541622761,0.01791359325605901,0.0,0.15489989462592202,0.0,Горький,В людях
0.07869205892921308,0.06899029823931009,0.05138339920948617,0.005749191519942508,0.03557312252964427,0.02551203736974488,0.00035932446999640676,0.1864893999281351,0.006108515989938915,0.029464606539705354,0.0801293568091987,0.019403521379805964,0.2738052461372619,0.014732303269852677,0.0,0.12360761767876392,0.0,Горький,В людях
0.05104831358249772,0.06791248860528715,0.05834092980856882,0.007748404740200547,0.03691886964448496,0.015952597994530537,0.0022789425706472195,0.13354603463992706,0.004557885141294439,0.04056517775752051,0.08158614402917047,0.03555150410209663,0.304922515952598,0.010483135824977211,0.0,0.14858705560619873,0.0,Горький,В людях
0.04634678298800436,0.05997818974918211,0.059432933478735,0.0027262813522355507,0.03598691384950927,0.015812431842966195,0.0021810250817884407,0.17011995637949837,0.007633587786259542,0.03162486368593239,0.08396946564885496,0.029443838604143947,0.2824427480916031,0.014176663031624863,0.0,0.15812431842966193,0.0,Горький,Мать
0.05665591893136803,0.07692307692307693,0.058037770612620915,0.006448641179180101,0.037309995393827726,0.015200368493781667,0.00046061722708429296,0.1566098572086596,0.0055274067250115156,0.04375863657300783,0.09580838323353294,0.008751727314601566,0.27360663288807,0.010594196222938737,0.0,0.15384615384615385,0.00046061722708429296,Горький,В людях
0.05717488789237668,0.0766068759342302,0.05717488789237668,0.007473841554559043,0.03811659192825112,0.02466367713004484,0.002242152466367713,0.1554559043348281,0.006352765321375187,0.03587443946188341,0.08968609865470852,0.02765321375186846,0.27279521674140506,0.01382660687593423,0.0,0.13490284005979072,0.0,Горький,В людях
0.05728241563055062,0.06971580817051509,0.06261101243339254,0.006216696269982238,0.05106571936056838,0.023978685612788632,0.0008880994671403197,0.16829484902309058,0.004440497335701598,0.034191829484902306,0.08792184724689166,0.020870337477797513,0.24600355239786856,0.011101243339253997,0.0,0.15541740674955595,0.0,Горький,Мать
0.05894519131334023,0.0718717683557394,0.06101344364012409,0.012409513960703205,0.033092037228541885,0.031023784901758014,0.009307135470527405,0.17735263702171664,0.0077559462254395035,0.037745604963805586,0.0672182006204757,0.01499482936918304,0.27249224405377453,0.00982419855222337,0.0,0.13495346432264738,0.0,Горький,Челкаш
0.048160535117056855,0.0745819397993311,0.06488294314381271,0.008361204013377926,0.04080267558528428,0.024080267558528427,0.001003344481605351,0.14481605351170568,0.0036789297658862876,0.03645484949832776,0.13210702341137123,0.014381270903010033,0.23210702341137124,0.020066889632107024,0.0,0.15418060200668895,0.00033444816053511704,Горький,В людях
0.037750688163586316,0.0739284309870232,0.05701926858041683,0.01061738104600865,0.045615414864333466,0.015729453401494297,0.0011797090051120724,0.1553283523397562,0.0031458906802988595,0.03539127015336217,0.11561148250098309,0.011797090051120724,0.2591427447896186,0.020841525756979944,0.0,0.15690129767990563,0.0,Горький,В людях
0.04862888482632541,0.0789762340036563,0.05923217550274223,0.008775137111517367,0.038025594149908595,0.02230347349177331,0.002559414990859232,0.19122486288848264,0.005850091407678245,0.0340036563071298,0.08921389396709324,0.0040219378427787935,0.25630712979890313,0.015356489945155392,0.0,0.14552102376599635,0.0,Горький,В людях
0.050110864745011086,0.07361419068736141,0.06031042128603104,0.004434589800443459,0.03991130820399113,0.01951219512195122,0.0004434589800443459,0.15698447893569845,0.004434589800443459,0.03592017738359202,0.09977827050997783,0.02483370288248337,0.2545454545454545,0.012860310421286032,0.0,0.16186252771618626,0.0004434589800443459,Горький,Мать
0.05691462805791313,0.06989515726410385,0.07239141288067898,0.00798801797304044,0.036944583125312035,0.020469296055916127,0.000998502246630055,0.1527708437343984,0.006989515726410384,0.028457314028956564,0.08487269096355467,0.019470793809286072,0.2636045931103345,0.010983524712930605,0.0,0.1672491263105342,0.0,Горький,Мать
0.06466729147141519,0.07622617931896282,0.05716963448922212,0.005310840362386754,0.041237113402061855,0.01936894720399875,0.0006248047485160887,0.16932208684786004,0.0043736332396126214,0.029678225554514215,0.10559200249921899,0.012496094970321775,0.24117463292721025,0.021243361449547016,0.0,0.15151515151515152,0.0,Горький,В людях
0.06297953964194374,0.0748081841432225,0.06745524296675191,0.00639386189258312,0.04124040920716113,0.01918158567774936,0.0012787723785166241,0.18414322250639387,0.005115089514066497,0.02589514066496164,0.09462915601023018,0.005434782608695652,0.24520460358056265,0.021419437340153454,0.0,0.14482097186700768,0.0,Горький,В людях
0.04820875718708536,0.06634232640424591,0.06766917293233082,0.007518796992481203,0.039805395842547546,0.02344095532950022,0.0013268465280849183,0.14727996461742593,0.0030959752321981426,0.03007518796992481,0.10614772224679346,0.007076514816452897,0.26758071649712517,0.017249004865103935,0.0,0.16718266253869968,0.0,Горький,Мать
0.057741935483870965,0.07612903225806451,0.06516129032258064,0.00903225806451613,0.04903225806451613,0.01870967741935484,0.0022580645161290325,0.16096774193548388,0.005483870967741935,0.03225806451612903,0.08161290322580646,0.024516129032258065,0.24870967741935485,0.015806451612903227,0.0,0.15258064516129033,0.0,Горький,В людях
0.030892448512585814,0.05491990846681922,0.057780320366132724,0.007437070938215103,0.03318077803203661,0.014874141876430207,0.0005720823798627002,0.11956521739130435,0.005148741418764302,0.036613272311212815,0.08867276887871854,0.038901601830663615,0.32379862700228834,0.012013729977116704,0.0,0.17505720823798626,0.0005720823798627002,Горький,Мать
0.061711079943899017,0.08730715287517532,0.05785413744740533,0.009817671809256662,0.03681626928471248,0.02244039270687237,0.0021037868162692847,0.2114305750350631,0.008064516129032258,0.0273492286115007,0.07538569424964937,0.007363253856942496,0.2507012622720898,0.011570827489481066,0.0,0.13008415147265076,0.0,Горький,В людях
0.05445116681071737,0.060933448573898014,0.07778738115816768,0.007346585998271392,0.044511668107173726,0.020743301642178046,0.000864304235090752,0.15384615384615385,0.0056179775280898875,0.02895419187554019,0.09334485738980121,0.017718236819360415,0.2571305099394987,0.013396715643906655,0.0,0.1633535004321521,0.0,Горький,Мать
0.059178743961352656,0.07085346215780998,0.0607890499194847,0.004830917874396135,0.03864734299516908,0.030595813204508857,0.0012077294685990338,0.18961352657004832,0.005233494363929146,0.027777777777777776,0.07447665056360708,0.019726247987117553,0.2471819645732689,0.01247987117552335,0.0,0.1574074074074074,0.0,Горький,Мать
0.0660377358490566,0.06848357791754019,0.052061495457721874,0.0041928721174004195,0.041928721174004195,0.023759608665269043,0.001397624039133473,0.19566736547868624,0.006638714185883997,0.02830188679245283,0.07826694619147449,0.011530398322851153,0.2575122292103424,0.01781970649895178,0.00034940600978336826,0.14605171208944795,0.0,Горький,В людях
0.07567017305734645,0.07024092297251443,0.04513064133016627,0.00508992195453003,0.03698676620291822,0.025110281642348152,0.0006786562606040041,0.2005429250084832,0.00848320325755005,0.023752969121140142,0.07770614183915847,0.019681031557516118,0.26976586359009164,0.013573125212080081,0.0,0.12758737699355277,0.0,Горький,В людях
0.059038901601830666,0.06361556064073226,0.06453089244851258,0.007780320366132723,0.038443935926773455,0.019679633867276888,0.0009153318077803204,0.1588100686498856,0.005034324942791762,0.030205949656750573,0.09336384439359267,0.016933638443935927,0.2773455377574371,0.009153318077803204,0.0,0.1551487414187643,0.0,Горький,Мать
0.06634819532908705,0.06050955414012739,0.0737791932059448,0.009023354564755838,0.040339702760084924,0.02388535031847134,0.0010615711252653928,0.14437367303609341,0.00583864118895966,0.03927813163481953,0.08917197452229299,0.009554140127388535,0.2653927813163482,0.01326963906581741,0.0,0.15817409766454352,0.0,Горький,Мать
0.06792144026186579,0.08387888707037643,0.052782324058919805,0.006955810147299509,0.040098199672667756,0.015548281505728314,0.0012274959083469722,0.17635024549918166,0.004500818330605565,0.03436988543371522,0.08306055646481178,0.015548281505728314,0.26759410801963995,0.01718494271685761,0.0,0.132569558101473,0.0004091653027823241,Горький,В людях
0.03399122807017544,0.06359649122807018,0.07839912280701754,0.006030701754385965,0.03782894736842105,0.01864035087719298,0.0010964912280701754,0.13267543859649122,0.0021929824561403508,0.03453947368421053,0.09758771929824561,0.027412280701754384,0.27905701754385964,0.008771929824561403,0.0,0.17817982456140352,0.0,Горький,Мать
0.06068332483426823,0.059153493115757266,0.07496175420703723,0.006119326874043855,0.038755736868944415,0.030086690464048955,0.0,0.1514533401325854,0.0025497195308516064,0.031106578276389598,0.09331973482916879,0.014278429372768995,0.2728199898011219,0.006119326874043855,0.0,0.15859255481896992,0.0,Горький,Мать
0.058987459359033906,0.06967022758941012,0.0557361820715281,0.006502554575011612,0.039479795633999074,0.019507663725034836,0.00046446818392940084,0.1681374825824431,0.006502554575011612,0.028797027403622853,0.07524384579656293,0.024152345564328843,0.2689270784951231,0.018578727357176035,0.0,0.15931258708778448,0.0,Горький,Мать
0.050287907869481764,0.06833013435700576,0.072552783109405,0.005758157389635317,0.042610364683301344,0.025335892514395393,0.0011516314779270633,0.14510556621881,0.004606525911708253,0.026871401151631478,0.11861804222648753,0.0049904030710172746,0.24836852207293666,0.015738963531669866,0.0,0.16967370441458735,0.0,Горький,Мать
0.04283447911158118,0.053939714436805924,0.05764145954521417,0.0026441036488630354,0.03120042305658382,0.017451084082496033,0.0010576414595452142,0.15547329455314648,0.004759386567953464,0.024325753569539928,0.08778424114225278,0.03437334743521946,0.2966684294024326,0.008989952406134321,0.0,0.1808566895822316,0.0,Горький,Мать
0.07465618860510806,0.06758349705304519,0.06168958742632613,0.007858546168958742,0.04479371316306483,0.03339882121807466,0.0003929273084479371,0.18349705304518665,0.003536345776031434,0.030648330058939095,0.08958742632612966,0.018860510805500982,0.23261296660117878,0.016895874263261296,0.0,0.13398821218074655,0.0,Горький,Мать
0.07587412587412587,0.08111888111888112,0.05454545454545454,0.005944055944055944,0.03566433566433566,0.01853146853146853,0.0006993006993006993,0.18776223776223777,0.006643356643356644,0.024825174825174826,0.07342657342657342,0.013986013986013986,0.25944055944055944,0.014335664335664336,0.0,0.1472027972027972,0.0,Горький,В людях
0.05551086082059534,0.07441673370876911,0.06315366049879324,0.007240547063555913,0.039420756234915526,0.01407884151246983,0.002011263073209976,0.14963797264682221,0.0056315366049879325,0.041432019308125505,0.10740144810941271,0.007642799678197908,0.2674979887369268,0.015285599356395816,0.0,0.14923572003218022,0.00040225261464199515,Горький,В людях
0.07020946470131885,0.08029480217222654,0.05973622963537626,0.0065942591155934835,0.0321955003878976,0.016679596586501165,0.0007757951900698216,0.18231186966640806,0.003878975950349108,0.03413498836307215,0.07796741660201707,0.01047323506594259,0.2622187742435997,0.017067494181536073,0.0,0.14507370054305663,0.0003878975950349108,Горький,В людях
0.06970784213223988,0.0584315735520246,0.07227063044592516,0.007688364941055869,0.038954382368016405,0.027678113787801127,0.0010251153254741158,0.14556637621732446,0.005638134290107637,0.03946694003075346,0.08662224500256278,0.011276268580215274,0.2706304459251666,0.011276268580215274,0.0,0.15376729882111737,0.0,Горький,Мать
0.039651837524177946,0.05560928433268859,0.0551257253384913,0.011121856866537718,0.04061895551257253,0.02804642166344294,0.0009671179883945841,0.13297872340425532,0.0024177949709864605,0.04061895551257253,0.109284332688588,0.0183752417794971,0.27949709864603484,0.016924564796905222,0.0,0.16876208897485492,0.0,Горький,Мать
0.047031158142269255,0.06584362139917696,0.06349206349206349,0.007642563198118754,0.03527336860670194,0.0205761316872428,0.001763668430335097,0.14814814814814814,0.00940623162845385,0.052322163433274546,0.06878306878306878,0.021164021164021163,0.3009994121105232,0.011757789535567314,0.0,0.1457965902410347,0.0,Горький,Челкаш
0.042884990253411304,0.05799220272904483,0.057504873294346975,0.004873294346978557,0.03996101364522417,0.02290448343079922,0.0014619883040935672,0.13255360623781676,0.003898635477582846,0.040448343079922025,0.10087719298245613,0.025828460038986353,0.28654970760233917,0.02046783625730994,0.0,0.1617933723196881,0.0,Горький,Мать
0.05581761006289308,0.07193396226415094,0.05817610062893082,0.004323899371069182,0.03773584905660377,0.02869496855345912,0.0011792452830188679,0.1906446540880503,0.0047169811320754715,0.026729559748427674,0.07075471698113207,0.02240566037735849,0.25196540880503143,0.01179245283018868,0.0,0.16312893081761007,0.0,Горький,Мать
0.05846007604562738,0.06749049429657794,0.0556083650190114,0.004752851711026616,0.04230038022813688,0.019961977186311788,0.0009505703422053232,0.17728136882129278,0.006653992395437262,0.03231939163498099,0.08555133079847908,0.025190114068441065,0.26093155893536124,0.01758555133079848,0.0,0.1449619771863118,0.0,Горький,Мать
0.040226628895184136,0.05212464589235127,0.057790368271954676,0.009631728045325779,0.03172804532577904,0.017563739376770537,0.0022662889518413596,0.13371104815864024,0.00396600566572238,0.035694050991501414,0.10991501416430595,0.01643059490084986,0.31218130311614734,0.012464589235127478,0.0,0.16373937677053824,0.0005665722379603399,Горький,Мать
0.0663265306122449,0.07908163265306123,0.06313775510204081,0.00510204081632653,0.038584183673469385,0.024872448979591837,0.0006377551020408163,0.16996173469387754,0.006377551020408163,0.028698979591836735,0.08131377551020408,0.02806122448979592,0.24904336734693877,0.017538265306122448,0.0,0.1412627551020408,0.0,Горький,В людях
0.03905013192612137,0.06174142480211082,0.04802110817941953,0.00474934036939314,0.03852242744063324,0.014775725593667546,0.0005277044854881266,0.15514511873350922,0.005277044854881266,0.03746701846965699,0.08021108179419525,0.03324538258575198,0.3013192612137203,0.01424802110817942,0.0,0.16569920844327177,0.0,Горький,Мать
0.04696132596685083,0.06952117863720074,0.0787292817679558,0.0055248618784530384,0.04465930018416206,0.024861878453038673,0.001841620626151013,0.15791896869244937,0.004143646408839779,0.037753222836095765,0.08517495395948435,0.013351749539594844,0.2610497237569061,0.01565377532228361,0.0,0.15285451197053407,0.0,Горький,Мать
0.07311827956989247,0.07465437788018434,0.05683563748079877,0.003379416282642089,0.041781874039938556,0.029185867895545316,0.001228878648233487,0.20245775729646698,0.005529953917050691,0.02795698924731183,0.06820276497695853,0.014439324116743472,0.2534562211981567,0.014746543778801843,0.00030721966205837174,0.1327188940092166,0.0,Горький,В людях
0.04601571268237935,0.0712682379349046,0.052749719416386086,0.007856341189674524,0.04264870931537598,0.02132435465768799,0.004489337822671156,0.16554433221099887,0.005611672278338945,0.026374859708193043,0.07800224466891134,0.024691358024691357,0.2845117845117845,0.006734006734006734,0.0,0.16217732884399552,0.0,Горький,Челкаш
0.07220708446866485,0.07602179836512261,0.05722070844686648,0.0021798365122615805,0.04168937329700272,0.02997275204359673,0.0008174386920980927,0.1874659400544959,0.004904632152588556,0.03433242506811989,0.07493188010899182,0.0220708446866485,0.25258855585831064,0.012806539509536785,0.0,0.1307901907356948,0.0,Горький,В людях
0.06587009803921569,0.07904411764705882,0.0661764705882353,0.006740196078431373,0.03952205882352941,0.018688725490196078,0.0012254901960784314,0.18627450980392157,0.005208333333333333,0.023590686274509803,0.09252450980392157,0.006740196078431373,0.2426470588235294,0.021139705882352942,0.0,0.14460784313725492,0.0,Горький,В людях
0.043043478260869565,0.06956521739130435,0.06347826086956522,0.004782608695652174,0.0408695652173913,0.018695652173913044,0.0,0.15869565217391304,0.00608695652173913,0.03260869565217391,0.08260869565217391,0.029130434782608697,0.2639130434782609,0.008695652173913044,0.0,0.17782608695652175,0.0,Горький,Мать
0.050340651021953065,0.07305071915215745,0.06283118849356548,0.006434519303557911,0.03860711582134747,0.020060560181680544,0.0011355034065102195,0.17789553368660105,0.003785011355034065,0.026873580620741862,0.08289174867524603,0.007948523845571537,0.2736563209689629,0.013247539742619227,0.0,0.16086298258894777,0.0003785011355034065,Горький,В людях
0.060876623376623376,0.05965909090909091,0.06696428571428571,0.006087662337662338,0.04220779220779221,0.03449675324675325,0.002840909090909091,0.15665584415584416,0.005681818181818182,0.02556818181818182,0.08279220779220779,0.020698051948051948,0.2597402597402597,0.0174512987012987,0.0,0.15827922077922077,0.0,Горький,Мать
0.04164222873900293,0.05219941348973607,0.06041055718475073,0.008211143695014663,0.03401759530791789,0.012316715542521995,0.0005865102639296188,0.13020527859237538,0.0064516129032258064,0.04516129032258064,0.09618768328445748,0.025806451612903226,0.30674486803519063,0.012903225806451613,0.0,0.16656891495601173,0.0005865102639296188,Горький,Мать
0.06668744157058273,0.07697101900903708,0.061078217513244,0.015269554378311,0.03957619196011219,0.028669367404175757,0.001869741352446245,0.16017450919289497,0.004362729822374571,0.03085073231536304,0.11000311623558741,0.014646307260828918,0.22873169211592395,0.023060143346837023,0.0,0.13804923652228107,0.0,Горький,В людях
0.049273858921161824,0.05912863070539419,0.05964730290456432,0.006224066390041493,0.03423236514522822,0.022821576763485476,0.001037344398340249,0.16338174273858921,0.004149377593360996,0.03112033195020747,0.09232365145228216,0.012448132780082987,0.29045643153526973,0.011410788381742738,0.0,0.16234439834024897,0.0,Горький,Мать
0.06016597510373444,0.06690871369294606,0.06016597510373444,0.007261410788381743,0.04564315352697095,0.017634854771784232,0.001037344398340249,0.1690871369294606,0.0015560165975103733,0.032157676348547715,0.07987551867219916,0.021784232365145227,0.27800829875518673,0.00933609958506224,0.0,0.14937759336099585,0.0,Горький,Мать
0.0587467362924282,0.08191906005221933,0.06951697127937337,0.005548302872062663,0.03981723237597911,0.0195822454308094,0.0013054830287206266,0.16514360313315926,0.006201044386422976,0.03655352480417755,0.09954308093994778,0.00881201044386423,0.24673629242819844,0.022193211488250653,0.0,0.13838120104438642,0.0,Горький,В людях
0.05896686159844054,0.06627680311890838,0.07017543859649122,0.008771929824561403,0.03898635477582846,0.018518518518518517,0.0004873294346978557,0.12378167641325535,0.005360623781676413,0.0384990253411306,0.10136452241715399,0.019005847953216373,0.27582846003898637,0.01608187134502924,0.0,0.15789473684210525,0.0,Горький,Мать
0.06586513329848406,0.0705697856769472,0.059592263460533194,0.006272869837950863,0.03763721902770518,0.02247778358599059,0.0010454783063251437,0.15525352848928384,0.00836382645060115,0.04600104547830632,0.06638787245164662,0.01881860951385259,0.2848928384736017,0.014636696288552013,0.0,0.14218504966021955,0.0,Горький,Челкаш
0.05092250922509225,0.07490774907749077,0.06088560885608856,0.006273062730627306,0.03985239852398524,0.01918819188191882,0.0007380073800738007,0.16125461254612547,0.005535055350553505,0.042435424354243544,0.1029520295202952,0.012177121771217712,0.2523985239852399,0.015867158671586716,0.0,0.15461254612546124,0.0,Горький,В людях
0.05669366364935684,0.06908051453072891,0.05574082896617437,0.007146260123868509,0.04192472606002858,0.01953311100524059,0.0004764173415912339,0.1572177227251072,0.006193425440686041,0.026202953787517864,0.09242496426869938,0.02191519771319676,0.2777513101476894,0.010004764173415913,0.0,0.15769414006669843,0.0,Горький,Мать
0.057318321392016376,0.0609007164790174,0.07420675537359263,0.01023541453428864,0.040429887410440124,0.018935516888433982,0.0005117707267144319,0.11463664278403275,0.00511770726714432,0.03940634595701126,0.10542476970317298,0.021494370522006142,0.28710337768679633,0.01586489252814739,0.0,0.14841351074718526,0.0,Горький,Мать
0.05597579425113464,0.07677760968229955,0.05786686838124055,0.007564296520423601,0.03819969742813918,0.024205748865355523,0.0018910741301059002,0.15279878971255673,0.006429652042360061,0.03668683812405446,0.09039334341906202,0.02798789712556732,0.27420574886535554,0.01361573373676248,0.0,0.13540090771558244,0.0,Горький,В людях
0.06733358984224702,0.08849557522123894,0.06040784917275875,0.011542901115813775,0.04078491727587533,0.02193151212004617,0.00038476337052712584,0.18237783762985763,0.005001923816852636,0.019622931896883418,0.09003462870334744,0.011158137745286649,0.22893420546363985,0.014621008080030782,0.0,0.15736821854559446,0.0,Горький,Мать
0.07448325017818959,0.08089807555238775,0.0541696364932288,0.005702066999287242,0.036350677120456164,0.018175338560228082,0.0007127583749109052,0.18602993585174626,0.007127583749109052,0.025302922309337134,0.0759087669280114,0.013898788310762652,0.26122594440484675,0.0135424091233072,0.0,0.14647184604419103,0.0,Горький,В людях
0.04392324093816631,0.0767590618336887,0.05799573560767591,0.00511727078891258,0.04221748400852878,0.020042643923240937,0.0008528784648187633,0.16801705756929639,0.006396588486140725,0.029850746268656716,0.08912579957356077,0.026865671641791045,0.25756929637526654,0.009381663113006396,0.0,0.16545842217484008,0.00042643923240938164,Горький,Мать
0.04781491002570694,0.05809768637532134,0.05861182519280206,0.009768637532133676,0.042673521850899745,0.024678663239074552,0.0005141388174807198,0.1506426735218509,0.005655526992287918,0.038560411311053984,0.10179948586118252,0.02416452442159383,0.27249357326478146,0.018508997429305913,0.0,0.14601542416452443,0.0,Горький,Мать
0.04838709677419355,0.053763440860215055,0.054838709677419356,0.00913978494623656,0.037096774193548385,0.02204301075268817,0.0005376344086021505,0.1478494623655914,0.007526881720430108,0.03602150537634408,0.1010752688172043,0.02849462365591398,0.2854838709677419,0.017204301075268817,0.0,0.15053763440860216,0.0,Горький,Мать
0.03877973112719752,0.06359875904860393,0.04860392967942089,0.005170630816959669,0.03722854188210962,0.016546018614270942,0.000517063081695967,0.15460186142709412,0.007238883143743537,0.03929679420889348,0.08531540847983454,0.02843846949327818,0.29317476732161324,0.017580144777662874,0.0,0.1639089968976215,0.0,Горький,Мать
0.04474610356963298,0.0628456510809452,0.06033182503770739,0.006535947712418301,0.0392156862745098,0.01860231271995978,0.0015082956259426848,0.1583710407239819,0.004524886877828055,0.03770739064856712,0.0889894419306184,0.020110608345902465,0.27802916038210157,0.015082956259426848,0.0,0.16339869281045752,0.0,Горький,Мать
0.05831265508684864,0.06658395368072788,0.05996691480562448,0.004962779156327543,0.03763440860215054,0.016542597187758478,0.0,0.19933829611248965,0.004962779156327543,0.026468155500413565,0.07113316790736146,0.01488833746898263,0.2572373862696443,0.009925558312655087,0.0,0.17204301075268819,0.0,Горький,Мать
0.05343980343980344,0.06818181818181818,0.06511056511056511,0.009213759213759214,0.033783783783783786,0.020884520884520884,0.006756756756756757,0.16339066339066338,0.009828009828009828,0.03562653562653563,0.07186732186732187,0.020884520884520884,0.2880835380835381,0.010442260442260442,0.0,0.14250614250614252,0.0,Горький,Челкаш
0.06195488721804511,0.07187969924812031,0.0712781954887218,0.006616541353383459,0.05353383458646616,0.024661654135338346,0.0003007518796992481,0.1681203007518797,0.006616541353383459,0.023157894736842106,0.08902255639097745,0.01924812030075188,0.22706766917293233,0.01774436090225564,0.0,0.15879699248120302,0.0,Горький,Мать
0.06020558002936858,0.06510034263338228,0.0548213411649535,0.006852667645619187,0.04356338717572198,0.020068526676456193,0.0004894762604013706,0.17474302496328928,0.004894762604013705,0.034752814488497305,0.08174253548702888,0.027900146842878122,0.2643171806167401,0.017131669114047968,0.0,0.14341654429760156,0.0,Горький,Мать
0.06465517241379311,0.06935736677115988,0.06230407523510972,0.0066614420062695925,0.04036050156739812,0.025470219435736678,0.0,0.18573667711598746,0.00274294670846395,0.025078369905956112,0.0768025078369906,0.021551724137931036,0.2445141065830721,0.009404388714733543,0.0,0.16536050156739812,0.0,Горький,Мать
0.05863192182410423,0.07672819399203765,0.05754614549402823,0.0054288816503800215,0.04741223307998552,0.027506333695258775,0.0010857763300760044,0.17119073470865,0.003981179876945349,0.026058631921824105,0.08251900108577633,0.021353601158161418,0.23887079261672095,0.013391241404270721,0.0003619254433586681,0.167933405718422,0.0,Горький,Мать
0.06975754997873246,0.10676307954062102,0.04168438962143769,0.013611229264142918,0.04891535516801361,0.017014036580178648,0.0008507018290089324,0.22288387920034028,0.010208421948107189,0.028498511271799233,0.056997022543598466,0.03317737133134836,0.1960867715865589,0.011909825606125054,0.0,0.14164185452998723,0.0,Бунин,Учитель
0.0638036809815951,0.09079754601226994,0.058588957055214726,0.00950920245398773,0.053067484662576686,0.0196319018404908,0.00030674846625766873,0.1754601226993865,0.0036809815950920245,0.044171779141104296,0.06411042944785277,0.03343558282208589,0.23374233128834357,0.020245398773006136,0.00030674846625766873,0.12791411042944786,0.001226993865030675,Бунин,Суходол
0.08970476911430735,0.10408781226343679,0.05715367146101438,0.008327024981074944,0.04844814534443603,0.0174110522331567,0.0,0.19606358819076458,0.003028009084027252,0.031037093111279335,0.04844814534443603,0.0174110522331567,0.23542770628311885,0.012490537471612415,0.0,0.12982588947766843,0.0011355034065102195,Бунин,Суходол
0.0498220640569395,0.08185053380782918,0.05738434163701068,0.007562277580071174,0.04893238434163701,0.014234875444839857,0.0013345195729537367,0.17615658362989323,0.005782918149466192,0.029359430604982206,0.055604982206405695,0.03825622775800712,0.2597864768683274,0.010676156583629894,0.0,0.1632562277580071,0.0,Бунин,Танька
0.09287159883067236,0.09489543512480324,0.07600629637958174,0.006746120980436249,0.06138970092196987,0.03170676860805037,0.00022487069934787497,0.19181470654373736,0.0033730604902181245,0.03080728581065887,0.04924668315718462,0.015965819653699122,0.19833595682482572,0.016190690353047,0.0,0.13042500562176748,0.0,Бунин,Сны Чанга
0.051698670605613,0.04775972427375677,0.06154603643525357,0.005908419497784343,0.04579025110782865,0.02117183653372723,0.0,0.1137370753323486,0.0034465780403741997,0.05366814377154111,0.0965041851304776,0.04579025110782865,0.29394387001477107,0.018709995076317085,0.0,0.14032496307237813,0.0,Бунин,На даче
0.10357714895888948,0.09556860651361453,0.07421249332621463,0.003203416978109984,0.05819540843566471,0.02189001601708489,0.0010678056593699946,0.22851041110517886,0.009610250934329953,0.019220501868659905,0.04217832354511479,0.0069407367859049655,0.19487453283502404,0.010678056593699947,0.0,0.12920448478376936,0.0010678056593699946,Бунин,На край света
0.0586527293844367,0.06504065040650407,0.070267131242741,0.005807200929152149,0.05168408826945412,0.027874564459930314,0.0017421602787456446,0.1480836236933798,0.011614401858304297,0.04355400696864112,0.08768873403019745,0.0017421602787456446,0.2613240418118467,0.017421602787456445,0.0,0.14750290360046459,0.0,Бунин,Цифры
0.062031015507753876,0.06853426713356678,0.0560280140070035,0.007503751875937969,0.04302151075537769,0.017508754377188594,0.0010005002501250625,0.15457728864432216,0.005502751375687844,0.0415207603801901,0.07303651825912956,0.04352176088044022,0.25512756378189094,0.015007503751875938,0.0,0.15307653826913456,0.0030015007503751876,Бунин,На даче
0.06449948400412797,0.06914344685242518,0.07120743034055728,0.015479876160990712,0.05108359133126935,0.014963880288957688,0.0,0.1434468524251806,0.006191950464396285,0.0304437564499484,0.06604747162022703,0.04592363261093911,0.25386996904024767,0.017543859649122806,0.0,0.14912280701754385,0.0010319917440660474,Бунин,На даче
0.05398110661268556,0.06657669815564553,0.0827710301394512,0.005847953216374269,0.054880791722896984,0.026540710751237068,0.002249212775528565,0.14080071974808817,0.006297795771479982,0.05398110661268556,0.0827710301394512,0.001349527665317139,0.255510571300045,0.016194331983805668,0.0,0.15024741340530814,0.0,Бунин,Цифры
0.07249378624689312,0.1052195526097763,0.041425020712510356,0.013670256835128418,0.048467274233637114,0.017812758906379452,0.0008285004142502071,0.22369511184755592,0.009527754763877383,0.026512013256006627,0.05468102734051367,0.03148301574150787,0.20215410107705054,0.012013256006628004,0.0,0.140016570008285,0.0,Бунин,Учитель
0.06841611996251172,0.056232427366447985,0.07263355201499531,0.007029053420805998,0.042642924086223055,0.022024367385192128,0.0009372071227741331,0.1148078725398313,0.0018744142455482662,0.04779756326148079,0.08341143392689784,0.048266166822867856,0.26522961574507964,0.022492970946579195,0.0,0.14620431115276475,0.0,Бунин,На даче
0.07458405048766495,0.09093516924842227,0.05737234652897304,0.011474469305794608,0.052782558806655194,0.01835915088927137,0.0,0.1746987951807229,0.0051635111876075735,0.04159495123350545,0.060814687320711415,0.03557085484796328,0.23436603557085484,0.019793459552495698,0.00028686173264486515,0.12105565117613311,0.0011474469305794606,Бунин,Суходол
0.04218600191754554,0.09060402684563758,0.06184084372003835,0.004314477468839885,0.04554170661553212,0.015819750719079578,0.0009587727708533077,0.18456375838926176,0.004793863854266539,0.03355704697986577,0.058485139022051776,0.038350910834132314,0.24688398849472676,0.014381591562799617,0.0,0.15771812080536912,0.0,Бунин,Учитель
0.09196390201976794,0.08981521272024065,0.06274172754619682,0.004297378599054577,0.05113880532874946,0.017619252256123763,0.0008594757198109154,0.19467125053717232,0.003867640739149119,0.024924795874516546,0.04512247529007306,0.024065320154705628,0.24108293940696177,0.012462397937258273,0.0,0.13493768801031372,0.0004297378599054577,Бунин,На даче
0.06579727326615294,0.08861885002963842,0.06016597510373444,0.01037344398340249,0.05186721991701245,0.01956135151155898,0.0002963841138114997,0.16775340841730882,0.003260225251926497,0.04534676941315945,0.06639004149377593,0.033491404860699465,0.23740367516301125,0.02015411973918198,0.0002963841138114997,0.12803793716656786,0.0011855364552459987,Бунин,Суходол
0.0705765407554672,0.08482438701126574,0.0659377070907886,0.011597084161696488,0.05400927766732936,0.022200132538104704,0.0006626905235255136,0.1732935719019218,0.002982107355864811,0.04440026507620941,0.06660039761431412,0.02186878727634195,0.22465208747514911,0.019880715705765408,0.0,0.1365142478462558,0.0,Бунин,Суходол
0.04146449051610057,0.07940008822232025,0.06219673577415086,0.0030877812086457872,0.04102337891486546,0.02646669607410675,0.000882223202470225,0.15747684164093514,0.005734450816056462,0.04102337891486546,0.0776356418173798,0.009704455227172474,0.2730480811645346,0.012351124834583149,0.0004411116012351125,0.16806352007057784,0.0,Бунин,Ночной разговор
0.0782552918537524,0.08948043617703656,0.062219371391917896,0.007055805003207184,0.042655548428479795,0.025016035920461834,0.00032071840923669016,0.1930724823604875,0.0028864656831302116,0.02982681205901219,0.05772931366260423,0.025336754329698525,0.22738935214881334,0.022129570237331624,0.0,0.13662604233483003,0.0,Бунин,Суходол
0.07446808510638298,0.060129509713228495,0.07215541165587419,0.008788159111933395,0.04024051803885292,0.02127659574468085,0.0009250693802035153,0.13459759481961148,0.0018501387604070306,0.031914893617021274,0.07169287696577244,0.0513413506012951,0.2705827937095282,0.019888991674375578,0.0,0.14014801110083255,0.0,Бунин,На даче
0.0751054852320675,0.08691983122362869,0.056118143459915615,0.013924050632911392,0.04430379746835443,0.0189873417721519,0.0004219409282700422,0.18734177215189873,0.00590717299578059,0.03080168776371308,0.06413502109704641,0.03459915611814346,0.2210970464135021,0.01350210970464135,0.0,0.14641350210970464,0.0004219409282700422,Бунин,Учитель
0.054005400540054004,0.0666066606660666,0.08280828082808281,0.0058505850585058505,0.05490549054905491,0.026552655265526554,0.0022502250225022503,0.14086408640864087,0.0063006300630063005,0.05355535553555356,0.08280828082808281,0.0013501350135013501,0.2556255625562556,0.016201620162016202,0.0,0.15031503150315031,0.0,Бунин,Цифры
0.07032900694234832,0.09357078176878962,0.05825535768185934,0.00724418955629339,0.05101116812556595,0.03018412315122246,0.00030184123151222455,0.18985813462118925,0.00392393600965892,0.03290069423483248,0.06549954723815272,0.02565650467853909,0.2149109568367039,0.019619680048294598,0.0,0.13673407787503772,0.0,Бунин,Суходол
0.10420475319926874,0.11014625228519195,0.06946983546617916,0.0031992687385740404,0.052559414990859234,0.016910420475319928,0.0013711151736745886,0.226691042047532,0.006855575868372943,0.02056672760511883,0.043875685557586835,0.013711151736745886,0.1860146252285192,0.012340036563071298,0.0,0.13208409506398539,0.0,Бунин,Сосны
0.07080474111041797,0.09326263256394261,0.06019962570180911,0.006862133499688085,0.049282595134123516,0.029008109794135994,0.00031191515907673113,0.19089207735495944,0.0037429819089207735,0.03337492202121023,0.06269494697442296,0.025577043044291953,0.2183406113537118,0.020586400499064253,0.0,0.13505926388022457,0.0,Бунин,Суходол
0.08325952170062002,0.08916445231768527,0.06141127841747859,0.008266902863891349,0.05019191024505462,0.02243873634484795,0.000590493061706525,0.183348095659876,0.003838204901092412,0.03720106288751107,0.061706524948331856,0.02509595512252731,0.2131679952760555,0.019191024505462062,0.0,0.14112784174785947,0.0,Бунин,Суходол
0.057658295012380616,0.08454191722674213,0.06756278740714539,0.00919702865228157,0.05235231694375663,0.02122391227449593,0.0007074637424831977,0.16236292889989387,0.0031835868411743897,0.04669260700389105,0.07039264237707818,0.026176158471878316,0.22921825256455608,0.020162716660771136,0.0,0.14856738592147153,0.0,Бунин,Суходол
0.098111935266352,0.09878624409979771,0.055967633175994604,0.011463250168577209,0.04720161834120027,0.034726904922454484,0.0,0.19892110586648684,0.004720161834120027,0.03843560350640594,0.05428186109238031,0.033041132838840186,0.20566419420094403,0.014834794335805798,0.0,0.10283209710047202,0.0010114632501685772,Бунин,Суходол
0.06529209621993128,0.08041237113402062,0.06357388316151202,0.008247422680412371,0.04982817869415808,0.022336769759450172,0.0006872852233676976,0.1663230240549828,0.004810996563573883,0.04639175257731959,0.06288659793814433,0.031958762886597936,0.22920962199312714,0.015120274914089347,0.0,0.15292096219931273,0.0,Бунин,Суходол
0.07022900763358779,0.0900763358778626,0.05267175572519084,0.014122137404580152,0.05687022900763359,0.016793893129770993,0.0,0.17022900763358778,0.004961832061068702,0.056106870229007635,0.05305343511450382,0.031297709923664124,0.2564885496183206,0.014122137404580152,0.0003816793893129771,0.11106870229007633,0.0015267175572519084,Бунин,Суходол
0.055251368840219015,0.0627177700348432,0.05823792931806869,0.006470881035340966,0.04479840716774515,0.015430562468889995,0.0009955201592832255,0.14385266301642607,0.004977600796416127,0.04479840716774515,0.07366849178695868,0.04828272772523644,0.2707814833250373,0.01443504230960677,0.0,0.1523145843703335,0.0029865604778496766,Бунин,На даче
0.10357714895888948,0.09556860651361453,0.07421249332621463,0.003203416978109984,0.05819540843566471,0.02189001601708489,0.0010678056593699946,0.22851041110517886,0.009610250934329953,0.019220501868659905,0.04217832354511479,0.0069407367859049655,0.19487453283502404,0.010678056593699947,0.0,0.12920448478376936,0.0010678056593699946,Бунин,На край света
0.057430432208407343,0.06394316163410302,0.06867969212551805,0.005920663114268798,0.05150976909413854,0.028419182948490232,0.0017761989342806395,0.14742451154529307,0.011841326228537596,0.04440497335701599,0.08940201302545885,0.0017761989342806395,0.26287744227353466,0.017761989342806393,0.0,0.14683244523386618,0.0,Бунин,Цифры
0.038502673796791446,0.07344028520499109,0.06060606060606061,0.0071301247771836,0.044919786096256686,0.023885918003565064,0.0010695187165775401,0.16007130124777183,0.0074866310160427805,0.05026737967914439,0.08021390374331551,0.011764705882352941,0.25989304812834224,0.013903743315508022,0.0,0.16648841354723706,0.00035650623885918,Бунин,Ночной разговор
0.059885512989872304,0.07045354469396742,0.06825187142228094,0.007485689123734038,0.04491413474240423,0.026420079260237782,0.0,0.1567591369440775,0.0066050198150594455,0.036988110964332896,0.06825187142228094,0.043593130779392336,0.2413033905768384,0.023337736679876705,0.0,0.1453104359313078,0.00044033465433729633,Бунин,Учитель
0.052752293577981654,0.07110091743119266,0.0676605504587156,0.007454128440366973,0.03612385321100917,0.014334862385321102,0.0005733944954128441,0.14220183486238533,0.005160550458715597,0.04357798165137615,0.06364678899082568,0.046444954128440366,0.2717889908256881,0.017201834862385322,0.0,0.15997706422018348,0.0,Бунин,Учитель
0.07901639344262296,0.09081967213114754,0.057704918032786885,0.006557377049180328,0.04918032786885246,0.021967213114754098,0.0006557377049180328,0.18786885245901638,0.003278688524590164,0.037377049180327866,0.05540983606557377,0.031475409836065574,0.2180327868852459,0.016065573770491802,0.0,0.14459016393442622,0.0,Бунин,Суходол
0.07054963084495489,0.08982772764561116,0.05906480721903199,0.011484823625922888,0.05004101722723544,0.015586546349466776,0.0,0.17022149302707137,0.005332239540607055,0.05004101722723544,0.05578342904019688,0.02502050861361772,0.25922887612797374,0.014766201804757998,0.0,0.1214109926168991,0.0016406890894175555,Бунин,Суходол
0.04606910365548322,0.07060590886329494,0.07260891337005508,0.005508262393590386,0.04606910365548322,0.011517275913870806,0.00100150225338007,0.15623435152729093,0.004506760140210316,0.037055583375062595,0.05758637956935403,0.04206309464196294,0.26339509263895844,0.017526289434151226,0.0,0.16675012518778168,0.0015022533800701052,Бунин,Учитель
0.04305799648506151,0.08084358523725835,0.06370826010544815,0.0030755711775043936,0.04481546572934974,0.025483304042179262,0.0013181019332161687,0.14938488576449913,0.0057117750439367315,0.03998242530755712,0.07908611599297012,0.011423550087873463,0.2710896309314587,0.011862917398945518,0.0004393673110720562,0.1687170474516696,0.0,Бунин,Ночной разговор
0.05923836389280677,0.06064880112834979,0.06981664315937941,0.004936530324400564,0.05148095909732017,0.028913963328631876,0.0,0.14104372355430184,0.012693935119887164,0.04372355430183357,0.09661495063469676,0.0021156558533145277,0.2651622002820874,0.019746121297602257,0.0,0.14386459802538787,0.0,Бунин,Цифры
0.041261191124951344,0.07746204748929544,0.06033476060724017,0.005449591280653951,0.043207473725184894,0.028026469443363178,0.00038925652004671076,0.16426625145971194,0.0070066173608407945,0.04437524328532503,0.08135461268976256,0.01012066952121448,0.26041261191124954,0.012456208641494744,0.0,0.16348773841961853,0.00038925652004671076,Бунин,Ночной разговор
0.10357714895888948,0.09556860651361453,0.07421249332621463,0.003203416978109984,0.05819540843566471,0.02189001601708489,0.0010678056593699946,0.22851041110517886,0.009610250934329953,0.019220501868659905,0.04217832354511479,0.0069407367859049655,0.19487453283502404,0.010678056593699947,0.0,0.12920448478376936,0.0010678056593699946,Бунин,На край света
0.07043530834340991,0.093409915356711,0.05834340991535671,0.006952841596130592,0.05108827085852479,0.030229746070133012,0.0003022974607013301,0.19014510278113664,0.003929866989117291,0.032648125755743655,0.06529625151148731,0.025695284159613058,0.21493349455864572,0.019649334945586457,0.0,0.13694074969770254,0.0,Бунин,Суходол
0.06762589928057554,0.07673860911270983,0.060431654676258995,0.005275779376498801,0.04844124700239808,0.03117505995203837,0.0009592326139088729,0.1697841726618705,0.0057553956834532375,0.03980815347721822,0.05803357314148681,0.01486810551558753,0.25323741007194245,0.00815347721822542,0.0,0.15971223021582734,0.0,Бунин,Ночной разговор
0.0841553637484587,0.08723797780517879,0.06011097410604192,0.009556103575832305,0.049630086313193586,0.02466091245376079,0.00030826140567200987,0.1846485819975339,0.0036991368680641184,0.037916152897657214,0.0530209617755857,0.030517879161528975,0.2154747225647349,0.016029593094944512,0.0,0.14303329223181258,0.0,Бунин,Суходол
0.08540372670807453,0.08881987577639752,0.0593167701863354,0.009627329192546583,0.05031055900621118,0.023291925465838508,0.00031055900621118014,0.18726708074534162,0.004037267080745342,0.037577639751552795,0.05186335403726708,0.03012422360248447,0.21366459627329193,0.016149068322981366,0.0,0.1422360248447205,0.0,Бунин,Суходол
0.06873727087576374,0.06466395112016293,0.06670061099796334,0.008655804480651732,0.03767820773930754,0.02189409368635438,0.0010183299389002036,0.1425661914460285,0.0025458248472505093,0.032586558044806514,0.06873727087576374,0.05142566191446028,0.27342158859470467,0.017311608961303463,0.0,0.14205702647657842,0.0,Бунин,На даче
0.07006092254134029,0.0865970409051349,0.060487380330722366,0.011314186248912098,0.05265448215839861,0.015665796344647518,0.0,0.17145343777197564,0.004786771105308964,0.050478677110530897,0.05700609225413403,0.022628372497824196,0.25935596170583114,0.013054830287206266,0.0,0.12445604873803308,0.0,Бунин,Суходол
0.041517170681701694,0.07893388006150692,0.06611993849308047,0.005638134290107637,0.044079958995386984,0.01230138390568939,0.0015376729882111738,0.168118913377755,0.004100461301896463,0.032803690415171706,0.056381342901076374,0.044079958995386984,0.2665299846232701,0.013839056893900564,0.0,0.16401845207585852,0.0,Бунин,Учитель
0.07291299753434308,0.08524128214159915,0.07326523423740754,0.010919337794998239,0.05706234589644241,0.03522367030644593,0.0010567101091933778,0.17118703768932722,0.007396970764353646,0.044029587883057414,0.07678760126805213,0.0028178936245156746,0.2113420218386756,0.022190912293060937,0.0,0.12856639661852765,0.0,Бунин,У истока дней
0.04610226320201174,0.08005029337803855,0.06328583403185248,0.0037720033528918693,0.04107292539815591,0.026404023470243086,0.0008382229673093043,0.16345347862531434,0.005448449287510477,0.040653813914501256,0.07502095557418273,0.009639564124056999,0.268650461022632,0.011316010058675607,0.00041911148365465214,0.16387259010896899,0.0,Бунин,Ночной разговор
0.06903657908294693,0.06285419886656363,0.0674909840288511,0.008758371973209686,0.03709428129829984,0.02215352910870685,0.0010303967027305513,0.1437403400309119,0.002575991756826378,0.03245749613601236,0.07006697578567748,0.04842864502833591,0.27563111798042245,0.01648634724368882,0.0,0.14219474497681608,0.0,Бунин,На даче
0.05317164179104478,0.058768656716417914,0.05643656716417911,0.0046641791044776115,0.044309701492537316,0.017723880597014924,0.0,0.14458955223880596,0.006063432835820896,0.04710820895522388,0.08069029850746269,0.04617537313432836,0.2756529850746269,0.01585820895522388,0.0,0.14598880597014927,0.002798507462686567,Бунин,На даче
0.08453159041394336,0.10980392156862745,0.04923747276688453,0.010021786492374727,0.044880174291938996,0.01437908496732026,0.0008714596949891067,0.23050108932461874,0.008714596949891068,0.021350762527233117,0.048801742919389976,0.024400871459694988,0.19564270152505447,0.011764705882352941,0.0,0.1450980392156863,0.0,Бунин,Учитель
0.06985294117647059,0.059283088235294115,0.07077205882352941,0.006893382352941176,0.04411764705882353,0.02297794117647059,0.0009191176470588235,0.11994485294117647,0.002297794117647059,0.04457720588235294,0.08777573529411764,0.04595588235294118,0.26056985294117646,0.021599264705882353,0.0,0.14246323529411764,0.0,Бунин,На даче
0.09274809160305343,0.09083969465648854,0.06297709923664122,0.004580152671755725,0.05114503816793893,0.01870229007633588,0.0007633587786259542,0.1969465648854962,0.0030534351145038168,0.025190839694656488,0.046564885496183206,0.022900763358778626,0.23396946564885496,0.015267175572519083,0.0,0.13396946564885495,0.0003816793893129771,Бунин,На даче
0.04595879556259905,0.048600105652403594,0.05969360802958267,0.0036978341257263604,0.04490227152667723,0.01901743264659271,0.0,0.11146328578975172,0.004226096143687269,0.060221870047543584,0.10406761753829899,0.042789223454833596,0.300581088219757,0.016376122556788168,0.0,0.13840464870575805,0.0,Бунин,На даче
0.06844981305723324,0.090307736554501,0.059821685360943344,0.010353753235547885,0.05176876617773943,0.01926948518838079,0.0,0.17026171987345412,0.004314063848144953,0.04400345125107852,0.06298533218291631,0.0365257405809606,0.2352602818521714,0.020419902214552775,0.0002876042565429968,0.12482024733966063,0.0011504170261719873,Бунин,Суходол
0.06003666361136572,0.07195233730522456,0.06691109074243813,0.0068744271310724105,0.043538038496791935,0.026581118240146653,0.0,0.15490375802016498,0.008249312557286892,0.03666361136571952,0.06874427131072411,0.043996333638863426,0.24747937671860679,0.021998166819431713,0.0,0.14161319890009166,0.00045829514207149406,Бунин,Учитель
0.07549052211506485,0.08147655470568674,0.05886265380778184,0.009644163618224144,0.04855337545726638,0.02427668772863319,0.0006651147322913202,0.17326238776188893,0.004988360492184902,0.04389757233122714,0.05952776854007316,0.035916195543731294,0.22081809112071832,0.016960425673428665,0.0,0.14566012637179915,0.0,Бунин,Суходол
0.043993231810490696,0.07557811618725324,0.05470953186689227,0.006204173716864072,0.04568527918781726,0.016356457980823462,0.0022560631697687537,0.16187253243090807,0.006204173716864072,0.02707275803722504,0.06373378454596729,0.048505358150028204,0.2763677382966723,0.007896221094190638,0.0,0.16356457980823463,0.0,Бунин,Танька
0.08471965495995071,0.08749229821318547,0.05976586568083796,0.009550215650030808,0.04929143561306223,0.024645717806531114,0.00030807147258163895,0.1836105976586568,0.0036968576709796672,0.036660505237215035,0.05576093653727665,0.030191004313000615,0.215033887861984,0.015403573629081947,0.0,0.14386937769562538,0.0,Бунин,Суходол
0.057665903890160186,0.07643020594965676,0.06636155606407322,0.006864988558352402,0.038901601830663615,0.02288329519450801,0.0,0.14736842105263157,0.008237986270022883,0.037986270022883295,0.06132723112128147,0.05308924485125858,0.25583524027459953,0.022425629290617848,0.0,0.14416475972540047,0.0004576659038901602,Бунин,Учитель
0.051904761904761905,0.05904761904761905,0.05761904761904762,0.005238095238095238,0.04476190476190476,0.017142857142857144,0.0004761904761904762,0.14523809523809525,0.005714285714285714,0.04619047619047619,0.08,0.048095238095238094,0.2723809523809524,0.01619047619047619,0.0,0.14714285714285713,0.002857142857142857,Бунин,На даче
0.10160934048595771,0.10255601136005049,0.05332912590722626,0.010097822656989587,0.04985799936888608,0.03218680971915431,0.0,0.20763647838434837,0.0050489113284947935,0.032817923635216156,0.04985799936888608,0.031240138845061535,0.19974755443357525,0.01514673398548438,0.0,0.10792047964657621,0.0009466708740927738,Бунин,Суходол
0.04618689581095596,0.09452201933404941,0.04887218045112782,0.0053705692803437165,0.04779806659505908,0.017722878625134265,0.0026852846401718583,0.19924812030075187,0.004296455424274973,0.0322234156820623,0.05370569280343716,0.0359828141783029,0.24436090225563908,0.014500537056928034,0.0,0.15252416756176154,0.0,Бунин,Учитель
0.06781376518218624,0.08333333333333333,0.06612685560053981,0.010796221322537112,0.05263157894736842,0.02260458839406208,0.0006747638326585695,0.1700404858299595,0.003036437246963563,0.04487179487179487,0.06882591093117409,0.02327935222672065,0.22672064777327935,0.020242914979757085,0.0,0.13900134952766532,0.0,Бунин,Суходол
0.07522859517871987,0.09600997506234414,0.05236907730673317,0.01371571072319202,0.04945968412302577,0.017871986699916874,0.00041562759767248546,0.21238570241064006,0.006650041562759767,0.02826267664172901,0.057356608478802994,0.027847049044056525,0.2053200332502078,0.00997506234413965,0.0,0.14671654197838738,0.00041562759767248546,Бунин,Учитель
0.07393483709273183,0.0948203842940685,0.050960735171261484,0.014619883040935672,0.04845446950710108,0.017126148705096073,0.000835421888053467,0.20551378446115287,0.006683375104427736,0.03007518796992481,0.05973266499582289,0.029657477025898077,0.21052631578947367,0.011278195488721804,0.0,0.14536340852130325,0.0004177109440267335,Бунин,Учитель
0.08109017496635262,0.08714670255720054,0.05820995962314939,0.007738896366083445,0.05080753701211305,0.02388963660834455,0.0006729475100942127,0.1864064602960969,0.004374158815612382,0.037348586810228804,0.05484522207267833,0.0319650067294751,0.21534320323014805,0.01648721399730821,0.0,0.1436742934051144,0.0,Бунин,Суходол
0.09108159392789374,0.09369070208728653,0.07400379506641366,0.0056925996204933585,0.06024667931688805,0.03557874762808349,0.0007115749525616698,0.19188804554079697,0.003320683111954459,0.03107210626185958,0.05218216318785579,0.017552182163187855,0.2030360531309298,0.015891840607210626,0.0,0.12405123339658444,0.0,Бунин,Сны Чанга
0.09548254620123203,0.1026694045174538,0.05783709787816564,0.00787132101300479,0.049281314168377825,0.02087611225188227,0.0,0.20602327173169063,0.0037645448323066393,0.02737850787132101,0.04722792607802875,0.01813826146475017,0.22176591375770022,0.014373716632443531,0.0,0.12628336755646818,0.001026694045174538,Бунин,Суходол
0.07642276422764227,0.08747967479674797,0.061788617886178863,0.007154471544715447,0.04552845528455285,0.02829268292682927,0.0003252032520325203,0.19284552845528455,0.0032520325203252032,0.02861788617886179,0.061788617886178863,0.023739837398373983,0.22276422764227644,0.023739837398373983,0.0,0.13626016260162602,0.0,Бунин,Суходол
0.06746688741721854,0.08567880794701986,0.055463576158940396,0.014072847682119206,0.052980132450331126,0.01697019867549669,0.0,0.16142384105960264,0.005380794701986755,0.056291390728476824,0.05836092715231788,0.029387417218543047,0.26490066225165565,0.014486754966887417,0.0004139072847682119,0.11506622516556292,0.0016556291390728477,Бунин,Суходол
0.05293831957260806,0.05876639145216124,0.05876639145216124,0.005828071879553181,0.043710539096648855,0.01651287032540068,0.00048567265662943174,0.14278776104905294,0.005342399222923749,0.04808159300631375,0.07867897037396794,0.04808159300631375,0.2734337056823701,0.015055852355512385,0.0,0.1486158329286061,0.0029140359397765905,Бунин,На даче
0.08838095238095238,0.11428571428571428,0.05028571428571429,0.014857142857142857,0.04419047619047619,0.019428571428571427,0.0007619047619047619,0.2259047619047619,0.008,0.017904761904761906,0.050666666666666665,0.01638095238095238,0.19314285714285714,0.013714285714285714,0.0,0.1420952380952381,0.0,Бунин,Учитель
0.10357714895888948,0.09556860651361453,0.07421249332621463,0.003203416978109984,0.05819540843566471,0.02189001601708489,0.0010678056593699946,0.22851041110517886,0.009610250934329953,0.019220501868659905,0.04217832354511479,0.0069407367859049655,0.19487453283502404,0.010678056593699947,0.0,0.12920448478376936,0.0010678056593699946,Бунин,На край света
0.049551924090669476,0.06431207169214549,0.07063784923563521,0.0063257775434897206,0.04797047970479705,0.014760147601476014,0.0010542962572482868,0.15445440168687402,0.0031628887717448603,0.03637322087506589,0.06589351607801792,0.03848181338956247,0.2598840274117027,0.019504480759093307,0.0,0.16605166051660517,0.0015814443858724301,Бунин,Учитель
0.08749069247952346,0.09419210722263589,0.06031273268801191,0.005956813104988831,0.04988830975428146,0.02084884586746091,0.0007446016381236039,0.19918093819806404,0.0033507073715562173,0.024571854058078928,0.049143708116157855,0.02494415487714073,0.2338049143708116,0.014519731943410276,0.0,0.13104988830975428,0.0,Бунин,На даче
0.06366307541625857,0.06904995102840353,0.06904995102840353,0.015181194906953967,0.05582761998041136,0.01762977473065622,0.0,0.1444662095984329,0.005876591576885406,0.03232125367286973,0.06415279138099902,0.0416258570029383,0.2517140058765916,0.019588638589618023,0.0,0.14887365328109697,0.0009794319294809011,Бунин,На даче
0.08953488372093023,0.11472868217054263,0.05193798449612403,0.01317829457364341,0.04573643410852713,0.019767441860465116,0.0007751937984496124,0.22635658914728682,0.007751937984496124,0.01744186046511628,0.05155038759689923,0.016666666666666666,0.19069767441860466,0.013565891472868217,0.0,0.14031007751937985,0.0,Бунин,Учитель
0.05735528412108338,0.06903876792352628,0.07116303770578863,0.005841741901221455,0.053106744556558685,0.02867764206054169,0.002124269782262347,0.14763674986723313,0.012745618693574084,0.043016463090812536,0.08762612851832183,0.0015932023366967605,0.257036643653744,0.01858736059479554,0.0,0.14445034519383962,0.0,Бунин,Цифры
0.05238095238095238,0.06666666666666667,0.08047619047619048,0.007142857142857143,0.05523809523809524,0.025714285714285714,0.002380952380952381,0.13904761904761906,0.006190476190476191,0.05380952380952381,0.08285714285714285,0.0014285714285714286,0.25761904761904764,0.017142857142857144,0.0,0.1519047619047619,0.0,Бунин,Цифры
0.04618809126321647,0.09627156371730662,0.04952698942682248,0.004451864218141347,0.04897050639955482,0.017807456872565387,0.0027824151363383415,0.2020033388981636,0.004451864218141347,0.02949360044518642,0.05286588759042849,0.03672787979966611,0.2409571508069004,0.013912075681691708,0.0,0.15358931552587646,0.0,Бунин,Учитель
0.06864754098360656,0.06352459016393443,0.06711065573770492,0.008709016393442622,0.036885245901639344,0.022028688524590164,0.0010245901639344263,0.14395491803278687,0.0025614754098360654,0.033299180327868855,0.06915983606557377,0.048668032786885244,0.27459016393442626,0.016905737704918034,0.0,0.14293032786885246,0.0,Бунин,На даче
0.041851304775972424,0.09354997538158542,0.05760709010339734,0.004923682914820286,0.04529788281634663,0.018709995076317085,0.002461841457410143,0.19054652880354506,0.004431314623338257,0.0310192023633678,0.059084194977843424,0.03692762186115214,0.24519940915805022,0.013786312161496799,0.0,0.15460364352535697,0.0,Бунин,Учитель
0.057385759829968117,0.08466170740347148,0.06765851930570316,0.009210060219624512,0.052072263549415514,0.021253985122210415,0.0007084661707403471,0.16259298618490967,0.003188097768331562,0.04640453418349274,0.06978391781792419,0.026213248317392846,0.22989727240524266,0.020191285866099893,0.0,0.1487778958554729,0.0,Бунин,Суходол
0.10233160621761658,0.101360103626943,0.05375647668393782,0.010362694300518135,0.04825129533678756,0.033031088082901554,0.0,0.2030440414507772,0.0051813471502590676,0.03626943005181347,0.05213730569948186,0.031411917098445596,0.202720207253886,0.014896373056994818,0.0,0.10427461139896373,0.0009715025906735751,Бунин,Суходол
0.07416666666666667,0.09,0.05875,0.010833333333333334,0.052083333333333336,0.01625,0.0,0.18125,0.004583333333333333,0.04416666666666667,0.0525,0.020416666666666666,0.25166666666666665,0.01375,0.0,0.12958333333333333,0.0,Бунин,Суходол
0.09085730561093705,0.08829393335232127,0.06465394474508687,0.008259755055539733,0.04784961549416121,0.024779265166619196,0.0002848191398461977,0.19168328111649102,0.0019937339789233835,0.032469381942466534,0.05724864710908573,0.024494446026773,0.2215892908003418,0.022500712047849616,0.0,0.1221874109940188,0.000854457419538593,Бунин,Суходол
0.07036466358500257,0.06471494607087827,0.06779661016949153,0.01078582434514638,0.046224961479198766,0.019517205957883924,0.0,0.15305598356445815,0.004108885464817668,0.03133025166923472,0.061633281972265024,0.046224961479198766,0.26810477657935283,0.012840267077555213,0.0,0.14227015921931177,0.001027221366204417,Бунин,На даче
0.05718547986076579,0.051218299353555444,0.06464445549477872,0.005967180507210343,0.044256588761810045,0.0208851317752362,0.0,0.11238189955246146,0.0029835902536051715,0.05320735952262556,0.09547488811536549,0.046742913973147684,0.28592739930382893,0.0208851317752362,0.0,0.13823968175037296,0.0,Бунин,На даче
0.05162064825930372,0.06842737094837935,0.06482593037214886,0.0078031212484993995,0.033013205282112844,0.011404561824729893,0.0006002400960384153,0.1398559423769508,0.006002400960384154,0.043817527010804325,0.06302521008403361,0.05702280912364946,0.2815126050420168,0.016206482593037214,0.0,0.15486194477791115,0.0,Бунин,Учитель
0.07069635913750442,0.09013785790031813,0.05054789678331566,0.012371862849063274,0.055496641922940966,0.018734535171438672,0.0,0.17073170731707318,0.005302226935312832,0.05019441498762814,0.055496641922940966,0.04029692470837752,0.24991162955107812,0.014492753623188406,0.0003534817956875221,0.11382113821138211,0.0014139271827500884,Бунин,Суходол
0.053742802303262956,0.07149712092130518,0.07821497120921306,0.006238003838771593,0.05566218809980806,0.026871401151631478,0.0023992322456813818,0.14683301343570057,0.006238003838771593,0.04558541266794626,0.08493282149712092,0.0014395393474088292,0.25,0.01871401151631478,0.0,0.15163147792706333,0.0,Бунин,Цифры
0.058646616541353384,0.07067669172932331,0.06766917293233082,0.006516290726817042,0.05363408521303258,0.03208020050125313,0.0020050125313283208,0.15137844611528822,0.009523809523809525,0.0456140350877193,0.08822055137844612,0.0010025062656641604,0.24561403508771928,0.019548872180451128,0.0,0.14786967418546365,0.0,Бунин,Цифры
0.07981530343007916,0.08970976253298153,0.05738786279683377,0.005606860158311346,0.05013192612137203,0.022097625329815303,0.0006596306068601583,0.18766490765171503,0.002968337730870712,0.03825857519788918,0.05672823218997362,0.03133245382585752,0.21800791556728233,0.01550131926121372,0.0,0.14412928759894458,0.0,Бунин,Суходол
0.06975754997873246,0.10676307954062102,0.04168438962143769,0.013611229264142918,0.04891535516801361,0.017014036580178648,0.0008507018290089324,0.22288387920034028,0.010208421948107189,0.028498511271799233,0.056997022543598466,0.03317737133134836,0.1960867715865589,0.011909825606125054,0.0,0.14164185452998723,0.0,Бунин,Учитель
0.06736938588450962,0.0843263061411549,0.05820348304307974,0.013290559120073327,0.04307974335472044,0.017415215398716773,0.00045829514207149406,0.17919340054995417,0.004124656278643446,0.03299725022914757,0.06278643446379469,0.03528872593950504,0.23281393217231897,0.013290559120073327,0.0,0.15490375802016498,0.00045829514207149406,Бунин,Учитель
0.06867112100965107,0.0894580549368968,0.05159613956941351,0.013363028953229399,0.05716406829992576,0.018188567186340016,0.0,0.17112100965107646,0.004825538233110616,0.05493689680772086,0.05456570155902005,0.032665181885671864,0.25352635486265773,0.015961395694135114,0.0003711952487008166,0.11210096510764662,0.0014847809948032665,Бунин,Суходол
0.05979381443298969,0.061855670103092786,0.06872852233676977,0.005498281786941581,0.05017182130584193,0.029553264604810996,0.0,0.1415807560137457,0.013745704467353952,0.04536082474226804,0.09553264604810996,0.002061855670103093,0.2632302405498282,0.019243986254295534,0.0,0.1436426116838488,0.0,Бунин,Цифры
0.07189216175736396,0.07189216175736396,0.06739890164752871,0.012980529206190713,0.05192211682476285,0.016974538192710935,0.0,0.1582626060908637,0.0054917623564653024,0.02745881178232651,0.06590114827758363,0.04792810783824263,0.23964053919121317,0.011982026959560658,0.0,0.1492760858711932,0.000998502246630055,Бунин,На даче
0.10198845413726748,0.10327132777421424,0.05388069275176395,0.010262989095574085,0.05035279025016036,0.030788967286722257,0.0,0.20974983964079538,0.004810776138550353,0.030468248877485567,0.04939063502245029,0.030788967286722257,0.20076972418216807,0.013790891597177678,0.0,0.10872354073123797,0.0009621552277100705,Бунин,Суходол
0.07526460211681693,0.0893767150137201,0.06389651117208937,0.010192081536652292,0.057232457859662876,0.03841630733045864,0.0007840062720501764,0.1854174833398667,0.007448059584476676,0.04351234809878479,0.07252058016464132,0.0031360250882007056,0.20776166209329675,0.021168169345354763,0.0,0.12387299098392787,0.0,Бунин,У истока дней
0.07142857142857142,0.08173076923076923,0.059065934065934064,0.007554945054945055,0.048763736263736264,0.02403846153846154,0.0006868131868131869,0.16929945054945056,0.004807692307692308,0.04739010989010989,0.06387362637362637,0.034340659340659344,0.22149725274725274,0.01510989010989011,0.0,0.1504120879120879,0.0,Бунин,Суходол
0.06139105748757984,0.0801987224982257,0.0660042583392477,0.00958126330731015,0.0482611781405252,0.020936834634492547,0.0010645848119233499,0.1646557842441448,0.0042583392476933995,0.0482611781405252,0.06493967352732434,0.029453513129879347,0.23385379701916253,0.01738821859474805,0.0,0.1497515968772179,0.0,Бунин,Суходол
0.10104126494408022,0.10296953335904357,0.0674893945237177,0.005784805244890089,0.05514847666795218,0.018511376783648285,0.0011569610489780178,0.22136521403779405,0.008098727342846125,0.0239105283455457,0.04666409564211338,0.013112225221750868,0.19089857308137292,0.01195526417277285,0.0,0.13189355958349402,0.0,Бунин,Сосны
0.08112475759534583,0.08726567550096961,0.07530704589528119,0.00904977375565611,0.06043956043956044,0.035875888817065285,0.0009696186166774402,0.17259211376858435,0.007110536522301228,0.033936651583710405,0.07659987071751778,0.002585649644473174,0.2062055591467356,0.020361990950226245,0.0,0.1305753070458953,0.0,Бунин,У истока дней
0.04835258878904578,0.08172871202396234,0.058622165169020114,0.004706889174154899,0.04535729567821994,0.012836970474967908,0.0012836970474967907,0.18528027385537013,0.005134788189987163,0.037655113393239195,0.05263157894736842,0.023106546854942234,0.2725716730851519,0.01198117244330338,0.0,0.15875053487376978,0.0,Бунин,Танька
0.07758620689655173,0.09564860426929392,0.057060755336617405,0.009852216748768473,0.05213464696223317,0.017241379310344827,0.0,0.18596059113300492,0.005336617405582923,0.03858784893267652,0.05172413793103448,0.018883415435139574,0.24589490968801314,0.014367816091954023,0.0,0.12848932676518884,0.0012315270935960591,Бунин,Суходол
0.06575829383886256,0.08886255924170616,0.060130331753554506,0.010071090047393365,0.052428909952606635,0.018957345971563982,0.0002962085308056872,0.17031990521327015,0.0035545023696682463,0.045023696682464455,0.06457345971563981,0.03347156398104265,0.23548578199052134,0.02014218009478673,0.0002962085308056872,0.12944312796208532,0.001184834123222749,Бунин,Суходол
0.07135470527404343,0.0641158221302999,0.0672182006204757,0.011375387797311272,0.042916235780765255,0.019131334022750777,0.000517063081695967,0.14788004136504654,0.0031023784901758012,0.03205791106514995,0.06773526370217166,0.04860392967942089,0.2693898655635988,0.01344364012409514,0.0,0.14012409513960702,0.001034126163391934,Бунин,На даче
0.08172496984318456,0.08986731001206273,0.06332931242460796,0.007237635705669481,0.044933655006031366,0.025934861278648975,0.0006031363088057901,0.19240048250904704,0.0027141133896260556,0.03166465621230398,0.05579010856453558,0.025934861278648975,0.22135102533172496,0.0244270205066345,0.0,0.13178528347406515,0.00030156815440289503,Бунин,Суходол
0.06305170239596469,0.06242118537200504,0.046027742749054225,0.0069356872635561164,0.0416141235813367,0.0201765447667087,0.0012610340479192938,0.15510718789407313,0.005044136191677175,0.04224464060529634,0.07692307692307693,0.03530895334174023,0.2780580075662043,0.017023959646910468,0.0,0.14880201765447668,0.0,Бунин,На даче
0.05630293971101146,0.05082212257100149,0.0637767812655705,0.005979073243647235,0.04484304932735426,0.02192326856003986,0.0,0.11260587942202292,0.0029895366218236174,0.05331340308918784,0.09516691579471849,0.046836073741903336,0.28699551569506726,0.02142501245640259,0.0,0.13702042850024912,0.0,Бунин,На даче
0.054005400540054004,0.0666066606660666,0.08280828082808281,0.0058505850585058505,0.05490549054905491,0.026552655265526554,0.0022502250225022503,0.14086408640864087,0.0063006300630063005,0.05355535553555356,0.08280828082808281,0.0013501350135013501,0.2556255625562556,0.016201620162016202,0.0,0.15031503150315031,0.0,Бунин,Цифры
0.07523980815347722,0.09292565947242207,0.06025179856115108,0.008093525179856115,0.053057553956834536,0.019784172661870502,0.00029976019184652276,0.17985611510791366,0.002997601918465228,0.0368705035971223,0.06354916067146282,0.029676258992805755,0.22272182254196643,0.020083932853717026,0.0,0.13459232613908872,0.0,Бунин,Суходол
0.06717289719626168,0.08907710280373832,0.06103971962616823,0.01022196261682243,0.052570093457943924,0.019275700934579438,0.0,0.16764018691588786,0.0032126168224299065,0.04468457943925234,0.0651285046728972,0.03417056074766355,0.23744158878504673,0.01985981308411215,0.0002920560747663551,0.1270443925233645,0.0011682242990654205,Бунин,Суходол
0.10357714895888948,0.09556860651361453,0.07421249332621463,0.003203416978109984,0.05819540843566471,0.02189001601708489,0.0010678056593699946,0.22851041110517886,0.009610250934329953,0.019220501868659905,0.04217832354511479,0.0069407367859049655,0.19487453283502404,0.010678056593699947,0.0,0.12920448478376936,0.0010678056593699946,Бунин,На край света
0.07810552555047777,0.09513917739925218,0.05733277939343581,0.009555463232239303,0.051100955546323226,0.01703365184877441,0.0,0.18778562525965933,0.00540091400083091,0.03697548815953469,0.0519318653926049,0.019110926464478605,0.24719567926879935,0.013294557540506855,0.0,0.12879102617366014,0.0012463647694225177,Бунин,Суходол
0.07940552016985138,0.08917197452229299,0.05859872611464968,0.0118895966029724,0.05010615711252654,0.036093418259023353,0.0,0.20084925690021233,0.005095541401273885,0.04246284501061571,0.05774946921443737,0.027176220806794056,0.19830148619957538,0.015711252653927813,0.0,0.12738853503184713,0.0,Бунин,Суходол
0.05318681318681319,0.0654945054945055,0.08307692307692308,0.006153846153846154,0.056263736263736264,0.03032967032967033,0.002197802197802198,0.1367032967032967,0.006153846153846154,0.055384615384615386,0.08483516483516483,0.0017582417582417582,0.25054945054945055,0.017582417582417582,0.0,0.15032967032967032,0.0,Бунин,Цифры
0.07187630589218554,0.10614291684078563,0.040952778938570834,0.015043877977434183,0.048892603426661095,0.01671541997492687,0.0008357709987463436,0.22273297116590055,0.00961136648558295,0.027162557459256165,0.05725031341412453,0.03301295445048057,0.19557041370664438,0.012536564981195153,0.0,0.1416631842875052,0.0,Бунин,Учитель
0.05918189730200174,0.07093124456048738,0.06875543951261967,0.0073977371627502175,0.04569190600522193,0.02610966057441253,0.0,0.15622280243690165,0.0073977371627502175,0.038294168842471714,0.06832027850304613,0.04046997389033943,0.24281984334203655,0.022628372497824196,0.0,0.14403829416884248,0.0017406440382941688,Бунин,Учитель
0.08881239242685025,0.09466437177280551,0.058519793459552494,0.007917383820998278,0.044061962134251294,0.024440619621342512,0.0006884681583476765,0.20550774526678142,0.003098106712564544,0.02099827882960413,0.05060240963855422,0.02650602409638554,0.2333907056798623,0.013769363166953529,0.0,0.1270223752151463,0.0,Бунин,На даче
0.07100046104195482,0.058091286307053944,0.07192254495159059,0.007376671277086215,0.040110650069156296,0.021668971876440755,0.0009220839096357768,0.12632549562010142,0.0018441678192715537,0.035961272475795295,0.07007837713231904,0.052097740894421395,0.2757030889810973,0.022591055786076533,0.0,0.14430613185799906,0.0,Бунин,На даче
0.05187549880287311,0.05826017557861133,0.04229848363926576,0.007980845969672785,0.03750997605746209,0.018355945730247406,0.0015961691939345571,0.1452513966480447,0.0039904229848363925,0.04309656823623304,0.08140462889066241,0.040702314445331206,0.3048683160415004,0.01596169193934557,0.0,0.14684756584197925,0.0,Бунин,На даче
0.08124785738772712,0.08878985258827563,0.056564964004113816,0.006856359273225917,0.050051422694549194,0.02296880356530682,0.0006856359273225917,0.18615015426808365,0.00411381556393555,0.03770997600274254,0.056564964004113816,0.03256770654782311,0.21666095303393898,0.016112444292080905,0.0,0.14295509084676036,0.0,Бунин,Суходол
0.10357714895888948,0.09556860651361453,0.07421249332621463,0.003203416978109984,0.05819540843566471,0.02189001601708489,0.0010678056593699946,0.22851041110517886,0.009610250934329953,0.019220501868659905,0.04217832354511479,0.0069407367859049655,0.19487453283502404,0.010678056593699947,0.0,0.12920448478376936,0.0010678056593699946,Бунин,На край света
0.10135358204027732,0.10168372400132057,0.0590954110267415,0.007923407065037967,0.04787058435127105,0.026081214922416638,0.0,0.2126114229118521,0.004291845493562232,0.025090789039286892,0.0468801584681413,0.022779795311984152,0.21228128095080884,0.013205678441729944,0.0,0.11786068009243975,0.0009904258831297458,Бунин,Суходол
0.06512042818911686,0.07314897413024085,0.061106155218554864,0.012934879571810883,0.04504906333630687,0.021855486173059768,0.00044603033006244426,0.16057091882247992,0.0053523639607493305,0.032114183764495985,0.0695807314897413,0.023639607493309546,0.2662801070472792,0.01873327386262266,0.0,0.1440677966101695,0.0,Бунин,На даче
0.04040895813047712,0.08909444985394352,0.06085686465433301,0.004381694255111977,0.044790652385589096,0.016553067185978577,0.0024342745861733205,0.18257059396299902,0.004381694255111977,0.03261927945472249,0.06329113924050633,0.03700097370983447,0.250730282375852,0.015092502434274586,0.0,0.15579357351509251,0.0,Бунин,Учитель
0.05325443786982249,0.06690942193900774,0.08420573509330906,0.005917159763313609,0.0541647701411015,0.02639963586709149,0.002275830678197542,0.13928083750568956,0.0063723258989531175,0.0541647701411015,0.08329540282203005,0.0013654984069185253,0.25489303595812474,0.016385980883022302,0.0,0.1511151570323168,0.0,Бунин,Цифры
0.0412280701754386,0.0793859649122807,0.06271929824561404,0.0030701754385964912,0.04035087719298246,0.02631578947368421,0.0008771929824561404,0.15789473684210525,0.005701754385964913,0.0412280701754386,0.07850877192982456,0.010087719298245614,0.27324561403508774,0.011842105263157895,0.0004385964912280702,0.16710526315789473,0.0,Бунин,Ночной разговор
0.07727085902178381,0.10645293875873407,0.04110152075626798,0.011097410604192354,0.0468557336621455,0.018084669132757913,0.0008220304151253596,0.2318125770653514,0.008631319358816275,0.02507192766132347,0.05055487053020962,0.02548294286888615,0.19934237566789972,0.012330456226880395,0.0,0.14508836826962598,0.0,Бунин,Учитель
0.060680809077454365,0.07301430685742477,0.06364084854464726,0.00740009866798224,0.038480513073507645,0.018253576714356193,0.0,0.15046867291563887,0.006906758756783424,0.03946719289590528,0.058214109521460285,0.05278737049827331,0.2624568327577701,0.021213616181549086,0.0,0.14652195362604833,0.000493339911198816,Бунин,Учитель
0.06011808910359635,0.06709608158883522,0.05152979066022544,0.008051529790660225,0.041331186258722494,0.01825013419216318,0.0010735373054213634,0.15351583467525495,0.005367686527106817,0.039184111647879764,0.0703166935050993,0.0440150295222759,0.2678475577026302,0.017713365539452495,0.0,0.15136876006441224,0.00322061191626409,Бунин,На даче
0.09290953545232274,0.09605309116311561,0.05902899056933287,0.008033531260915125,0.046804051694027245,0.023751309814879495,0.0006985679357317499,0.20852252881592734,0.0034928396786587496,0.019909186168354874,0.048201187565490744,0.026545581557806498,0.2270345791128187,0.012574222843171499,0.0,0.12644079636744673,0.0,Бунин,На даче
0.07535211267605633,0.0880281690140845,0.06901408450704226,0.010915492957746478,0.057746478873239436,0.03732394366197183,0.0007042253521126761,0.17711267605633804,0.007394366197183098,0.04401408450704225,0.07535211267605633,0.0028169014084507044,0.20880281690140845,0.02147887323943662,0.0,0.12394366197183099,0.0,Бунин,У истока дней
0.06053811659192825,0.06726457399103139,0.07006726457399103,0.005605381165919282,0.05100896860986547,0.02914798206278027,0.0016816143497757848,0.148542600896861,0.01289237668161435,0.044282511210762335,0.08632286995515695,0.0016816143497757848,0.2595291479820628,0.016816143497757848,0.0,0.1446188340807175,0.0,Бунин,Цифры
0.08769887466045789,0.10283275126115639,0.05665502522312767,0.009313154831199068,0.04811796662786186,0.017462165308498253,0.0,0.19247186651144743,0.0031043849437330227,0.03181994567326348,0.04850601474582848,0.01823826154443151,0.2394256887854094,0.01241753977493209,0.0,0.1307722157547536,0.0011641443538998836,Бунин,Суходол
0.073178391959799,0.09139447236180905,0.061243718592964826,0.00628140703517588,0.0471105527638191,0.02669597989949749,0.000314070351758794,0.1931532663316583,0.003454773869346734,0.03015075376884422,0.06187185929648241,0.02355527638190955,0.22204773869346733,0.02198492462311558,0.0,0.13756281407035176,0.0,Бунин,Суходол
0.09487459105779716,0.09487459105779716,0.0752453653217012,0.00697928026172301,0.06150490730643402,0.03206106870229008,0.00021810250817884405,0.18625954198473282,0.003489640130861505,0.03075245365321701,0.049291166848418756,0.016357688113413305,0.19869138495092695,0.01613958560523446,0.0,0.13238822246455834,0.0008724100327153762,Бунин,Сны Чанга
0.07508305647840531,0.08704318936877077,0.073421926910299,0.009966777408637873,0.05913621262458472,0.036544850498338874,0.0009966777408637873,0.1700996677740864,0.007308970099667774,0.038538205980066444,0.07807308970099668,0.0026578073089701,0.20897009966777408,0.0212624584717608,0.0,0.13089700996677742,0.0,Бунин,У истока дней
0.06155998600909409,0.08219657222805177,0.06610703043022036,0.00944386149003148,0.04861839804127317,0.02098635886673662,0.0006995452955578874,0.1657922350472193,0.004547044421126268,0.04651976215459951,0.0664568030779993,0.026932493878978662,0.23189926547743966,0.017488632388947184,0.0,0.15075201119272472,0.0,Бунин,Суходол
0.09241499564080209,0.09023539668700958,0.06233653007846556,0.004795117698343505,0.05143853530950305,0.017436791630340016,0.0008718395815170009,0.19224062772449868,0.003923278116826504,0.025283347863993024,0.045335658238884045,0.023975588491717523,0.24193548387096775,0.011769834350479512,0.0,0.13557105492589364,0.00043591979075850045,Бунин,На даче
0.08063102541630149,0.08618171194858311,0.06690037978381537,0.0081799591002045,0.049079754601226995,0.023079170318434122,0.0005842827928717499,0.1773298276365761,0.0017528483786152498,0.039146947122407245,0.06368682442302075,0.0198656149576395,0.2284545720128542,0.02366345311130587,0.0,0.13058720420683612,0.0008764241893076249,Бунин,Суходол
0.07776702161987738,0.09035172636334302,0.06260083898031624,0.007744433688286544,0.04259438528557599,0.028073572120038724,0.00032268473701193933,0.19393352694417554,0.0025814778960955146,0.02904162633107454,0.060664730558244596,0.02420135527589545,0.22297515327525008,0.02291061632784769,0.0,0.13423685059696677,0.0,Бунин,Суходол
0.0577012563983248,0.07631456491391345,0.06747324336900884,0.007445323406235459,0.03955328059562587,0.020939972080037228,0.0,0.14844113541181944,0.00837598883201489,0.03722661703117729,0.06142391810144253,0.05258259655653792,0.25453699395067475,0.021870637505816658,0.0,0.14564913913448116,0.00046533271288971617,Бунин,Учитель
0.07080103359173126,0.06976744186046512,0.06718346253229975,0.010852713178294573,0.047545219638242896,0.020155038759689922,0.0,0.1669250645994832,0.004134366925064599,0.023772609819121448,0.05788113695090439,0.047545219638242896,0.25788113695090437,0.009819121447028423,0.0,0.14470284237726097,0.0010335917312661498,Бунин,На даче
0.058029689608636977,0.07692307692307693,0.06972559604138552,0.006297795771479982,0.0413855150697256,0.025191183085919926,0.0,0.15114709851551958,0.00899685110211426,0.03508771929824561,0.0656770130454341,0.049032838506522715,0.24786324786324787,0.022042285200179937,0.0,0.14215024741340532,0.000449842555105713,Бунин,Учитель
0.06919528446950282,0.0645822655048693,0.06765761148129165,0.008713480266529985,0.03741670937980523,0.022039979497693492,0.0010251153254741158,0.14146591491542798,0.0025627883136852894,0.03229113275243465,0.06868272680676576,0.051255766273705795,0.274218349564326,0.016914402870322913,0.0,0.14197847257816504,0.0,Бунин,На даче
0.059163987138263666,0.06366559485530547,0.06816720257234726,0.005144694533762058,0.05080385852090032,0.029581993569131833,0.0012861736334405145,0.14533762057877814,0.012861736334405145,0.04565916398713826,0.0932475884244373,0.0019292604501607716,0.2604501607717042,0.01929260450160772,0.0,0.14340836012861735,0.0,Бунин,Цифры
0.07201225740551584,0.06537282941777324,0.06741573033707865,0.011235955056179775,0.0449438202247191,0.018896833503575076,0.0,0.15270684371807966,0.003575076608784474,0.030643513789581207,0.06384065372829417,0.045454545454545456,0.26557711950970375,0.013789581205311542,0.0,0.1435137895812053,0.0010214504596527069,Бунин,На даче
0.0820300973738566,0.09117733844791974,0.06019474771318973,0.008557096488639717,0.05163765122455002,0.021835349660666862,0.00029507229271171436,0.18146946001770434,0.003245795219828858,0.03776925346709944,0.06314547064030687,0.02773679551490115,0.21097668928887578,0.01947477131897315,0.0,0.14045441133077605,0.0,Бунин,Суходол
0.05755015839493136,0.06916578669482576,0.07074973600844774,0.005807814149947202,0.05279831045406547,0.029567053854276663,0.0021119324181626186,0.14889123548046462,0.012671594508975714,0.04276663146779303,0.08764519535374868,0.0015839493136219642,0.25607180570221755,0.018479408658922915,0.0,0.14413938753959873,0.0,Бунин,Цифры
0.07624544349939247,0.09173754556500607,0.06014580801944107,0.008201701093560146,0.05285540704738761,0.019441069258809233,0.00030376670716889426,0.1807411907654921,0.003037667071688943,0.035844471445929525,0.0637910085054678,0.028857837181044958,0.22174969623329283,0.0212636695018226,0.0,0.13578371810449574,0.0,Бунин,Суходол
0.07852927825692238,0.11166591012256015,0.04902405810258738,0.009986382206082615,0.04539264639128461,0.014979573309123922,0.0009078529278256923,0.23104857013163868,0.007716749886518384,0.021334543803903767,0.04902405810258738,0.020426690876078075,0.1970040853381752,0.012256014525646845,0.0,0.15070358601906492,0.0,Бунин,Учитель
0.0691415313225058,0.058004640371229696,0.07006960556844548,0.0064965197215777265,0.04361948955916473,0.021809744779582366,0.0009280742459396752,0.11879350348027842,0.0018561484918793504,0.04593967517401392,0.08538283062645012,0.04686774941995359,0.26218097447795824,0.02459396751740139,0.0,0.1443155452436195,0.0,Бунин,На даче
0.09977685686962065,0.10296461587503984,0.05737966209754543,0.008925725215173734,0.050685368186165126,0.028689831048772714,0.0,0.21549250876633727,0.004462862607586867,0.028371055148230795,0.04558495377749442,0.02645839974497928,0.20369780044628627,0.0133885878227606,0.0,0.11316544469238125,0.000956327701625757,Бунин,Суходол
0.09355509355509356,0.09632709632709632,0.05751905751905752,0.007623007623007623,0.04885654885654886,0.02252252252252252,0.000693000693000693,0.20997920997921,0.003465003465003465,0.01975051975051975,0.04781704781704782,0.02564102564102564,0.22522522522522523,0.01282051282051282,0.0,0.1282051282051282,0.0,Бунин,На даче
0.04831932773109244,0.05724789915966386,0.06932773109243698,0.005777310924369748,0.044642857142857144,0.02100840336134454,0.0005252100840336134,0.15231092436974789,0.005252100840336135,0.03991596638655462,0.06565126050420168,0.04201680672268908,0.2699579831932773,0.020483193277310924,0.0,0.1559873949579832,0.0015756302521008404,Бунин,Учитель
0.07695473251028806,0.09012345679012346,0.06255144032921811,0.009876543209876543,0.05596707818930041,0.03827160493827161,0.0008230452674897119,0.18724279835390947,0.007407407407407408,0.04238683127572016,0.07160493827160494,0.0032921810699588477,0.20699588477366254,0.021810699588477367,0.0,0.12469135802469136,0.0,Бунин,У истока дней
0.04595879556259905,0.048600105652403594,0.05969360802958267,0.0036978341257263604,0.044374009508716325,0.01901743264659271,0.0,0.11146328578975172,0.004226096143687269,0.06075013206550449,0.1045958795562599,0.042789223454833596,0.3011093502377179,0.016376122556788168,0.0,0.13734812466983623,0.0,Бунин,На даче
0.07461999078765545,0.060340856748042376,0.07231690465223399,0.009212344541685858,0.04007369875633349,0.022109626900046062,0.0009212344541685859,0.13357899585444497,0.0018424689083371719,0.032243205895900504,0.0718562874251497,0.051128512206356516,0.2699216950713957,0.02026715799170889,0.0,0.13956701980654077,0.0,Бунин,На даче
0.10233160621761658,0.101360103626943,0.05375647668393782,0.010362694300518135,0.04825129533678756,0.033031088082901554,0.0,0.2030440414507772,0.0051813471502590676,0.03626943005181347,0.05213730569948186,0.031411917098445596,0.202720207253886,0.014896373056994818,0.0,0.10427461139896373,0.0009715025906735751,Бунин,Суходол
0.06939214631522324,0.06724045185583648,0.06670252824098978,0.010220548682087143,0.04841312533620226,0.01828940290478752,0.0,0.15976331360946747,0.004303388918773534,0.025820333512641205,0.06132329209252286,0.05164066702528241,0.25981710597095214,0.00914470145239376,0.0,0.14685314685314685,0.0010758472296933835,Бунин,На даче
0.04218600191754554,0.09060402684563758,0.06184084372003835,0.004314477468839885,0.04554170661553212,0.015819750719079578,0.0009587727708533077,0.18456375838926176,0.004793863854266539,0.03355704697986577,0.058485139022051776,0.038350910834132314,0.24688398849472676,0.014381591562799617,0.0,0.15771812080536912,0.0,Бунин,Учитель
0.04604604604604605,0.07057057057057058,0.07207207207207207,0.0055055055055055055,0.045545545545545546,0.011511511511511512,0.001001001001001001,0.15365365365365366,0.0045045045045045045,0.03653653653653654,0.059559559559559556,0.042042042042042045,0.26576576576576577,0.017517517517517518,0.0,0.16666666666666666,0.0015015015015015015,Бунин,Учитель
0.07570422535211267,0.08732394366197183,0.06971830985915493,0.010915492957746478,0.057746478873239436,0.03732394366197183,0.001056338028169014,0.176056338028169,0.007042253521126761,0.04401408450704225,0.07570422535211267,0.0028169014084507044,0.20950704225352113,0.02147887323943662,0.0,0.12359154929577465,0.0,Бунин,У истока дней
0.04595879556259905,0.048600105652403594,0.05969360802958267,0.0036978341257263604,0.04490227152667723,0.01901743264659271,0.0,0.11146328578975172,0.004226096143687269,0.060221870047543584,0.10406761753829899,0.042789223454833596,0.300581088219757,0.016376122556788168,0.0,0.13840464870575805,0.0,Бунин,На даче
0.09217114246700045,0.09421939007737824,0.07328174783796086,0.005689576695493855,0.06076467910787437,0.03504779244424215,0.0006827492034592626,0.1918525261720528,0.0036413290851160674,0.030951297223486572,0.051433773327264454,0.01729631315430132,0.20254893035958124,0.015930814747382796,0.0,0.12448793809740555,0.0,Бунин,Сны Чанга
0.0919701213818861,0.09407096171802054,0.07352941176470588,0.0056022408963585435,0.06022408963585434,0.035247432306255835,0.0007002801120448179,0.19281045751633988,0.0032679738562091504,0.03081232492997199,0.051587301587301584,0.01750700280112045,0.20261437908496732,0.015639589169000934,0.0,0.12441643323996265,0.0,Бунин,Сны Чанга
0.04020100502512563,0.07035175879396985,0.05759567066099729,0.006571318129107074,0.04483958252802474,0.024739080015461924,0.0011596443757247777,0.15423270197139544,0.009663703131039814,0.052183996907615,0.08117510630073445,0.012369540007730962,0.26903749516814845,0.013915732508697333,0.0,0.1615771163509857,0.00038654812524159255,Бунин,Ночной разговор
0.05688073394495413,0.07568807339449542,0.06697247706422019,0.007339449541284404,0.03990825688073395,0.02110091743119266,0.0,0.14724770642201834,0.008256880733944955,0.03761467889908257,0.061467889908256884,0.05412844036697248,0.25596330275229356,0.022018348623853212,0.0,0.14495412844036698,0.00045871559633027525,Бунин,Учитель
0.07450816241105065,0.09376308078694014,0.05064880703223106,0.014650481372959398,0.04813729593972373,0.017580577647551276,0.0008371703641691084,0.20175805776475514,0.006697362913352867,0.03097530347425701,0.06069485140226036,0.0301381331100879,0.21305985768103808,0.011301799916282964,0.0,0.14483047300125576,0.0004185851820845542,Бунин,Учитель
0.10357714895888948,0.09556860651361453,0.07421249332621463,0.003203416978109984,0.05819540843566471,0.02189001601708489,0.0010678056593699946,0.22851041110517886,0.009610250934329953,0.019220501868659905,0.04217832354511479,0.0069407367859049655,0.19487453283502404,0.010678056593699947,0.0,0.12920448478376936,0.0010678056593699946,Бунин,На край света
0.06436898124683224,0.08160162189559048,0.06284845413076533,0.011657374556512924,0.04206791687785099,0.016218955904713634,0.0005068423720223011,0.16573745565129244,0.0035478966041561076,0.03497212366953877,0.06132792701469843,0.04004054738976178,0.2432843385707045,0.013177901672579827,0.0,0.15813482007095794,0.0005068423720223011,Бунин,Учитель
0.058454106280193235,0.07536231884057971,0.06328502415458938,0.00676328502415459,0.04009661835748792,0.01932367149758454,0.0,0.1473429951690821,0.007246376811594203,0.03961352657004831,0.05990338164251208,0.05410628019323672,0.2584541062801932,0.021739130434782608,0.0,0.14782608695652175,0.0004830917874396135,Бунин,Учитель
0.07118055555555555,0.09259259259259259,0.059027777777777776,0.009259259259259259,0.054108796296296294,0.019675925925925927,0.00028935185185185184,0.17708333333333334,0.00318287037037037,0.03935185185185185,0.061921296296296294,0.031828703703703706,0.22800925925925927,0.019675925925925927,0.00028935185185185184,0.13136574074074073,0.0011574074074074073,Бунин,Суходол
0.097799511002445,0.09675165909884736,0.055885434858539994,0.010827803003842123,0.04715333566189312,0.03597624869018512,0.0,0.19839329374781697,0.0045406915822563745,0.040516940272441494,0.054488298987076494,0.034229828850855744,0.2078239608801956,0.015019210618232623,0.0,0.09954593084177436,0.001047851903597625,Бунин,Суходол
0.04495037945125511,0.07764156450671336,0.05487448920023351,0.00642148277875073,0.04611792177466433,0.016929363689433742,0.0011675423234092236,0.16520723876240515,0.00642148277875073,0.02626970227670753,0.0642148277875073,0.04786923525977817,0.2714535901926445,0.007589025102159953,0.0,0.1628721541155867,0.0,Бунин,Танька
0.05436337625178827,0.06914639961850262,0.08059132093466857,0.00619933237958989,0.055317119694802096,0.02575107296137339,0.002384358607534573,0.14163090128755365,0.00619933237958989,0.05150214592274678,0.08392942298521698,0.001430615164520744,0.2536957558416786,0.019074868860276584,0.0,0.14878397711015737,0.0,Бунин,Цифры
0.10085470085470086,0.1011965811965812,0.057777777777777775,0.008205128205128205,0.04786324786324787,0.024615384615384615,0.0,0.212991452991453,0.0041025641025641026,0.0252991452991453,0.046495726495726496,0.01982905982905983,0.21572649572649572,0.013333333333333334,0.0,0.12068376068376069,0.0010256410256410256,Бунин,Суходол
0.05856450902686042,0.07001321003963012,0.06825187142228094,0.007045354469396741,0.048436811977102597,0.02553940995156319,0.0,0.1567591369440775,0.007485689123734038,0.03742844561867019,0.06693086745926904,0.04095112285336856,0.2413033905768384,0.023337736679876705,0.0,0.14619110523998238,0.0017613386173491853,Бунин,Учитель
0.07101525512887953,0.067859021567596,0.06996317727511836,0.011046817464492372,0.04576538663861126,0.0194634402945818,0.0,0.16254602840610205,0.004208311415044713,0.0241977906365071,0.0583903208837454,0.04944765912677538,0.26038926880589164,0.009994739610731194,0.0,0.144660704892162,0.0010520778537611783,Бунин,На даче
0.08119906868451689,0.0870197904540163,0.06635622817229336,0.008149010477299184,0.04918509895227008,0.023864959254947613,0.0005820721769499418,0.18015133876600697,0.0017462165308498253,0.03812572759022119,0.0640279394644936,0.01949941792782305,0.22467986030267753,0.024447031431897557,0.0,0.13009313154831198,0.0008731082654249127,Бунин,Суходол
0.059298354548276935,0.07482148401117665,0.05867742936976095,0.008072027320707855,0.05277864017385905,0.027941633033219497,0.0012418503570319776,0.16578702266376902,0.007451102142191866,0.04687985097795715,0.06923315740453276,0.017385904998447686,0.24278174479975162,0.016454517230673704,0.0,0.15088481837938528,0.0003104625892579944,Бунин,Ночной разговор
0.05364109232769831,0.07217165149544863,0.05949284785435631,0.0068270481144343306,0.05136540962288687,0.028283485045513652,0.0013003901170351106,0.16124837451235371,0.008777633289986996,0.0494148244473342,0.07249674902470742,0.017230169050715213,0.2483745123537061,0.015604681404421327,0.0,0.15344603381014305,0.00032509752925877764,Бунин,Ночной разговор
0.06276923076923077,0.088,0.07507692307692308,0.006153846153846154,0.04,0.022153846153846152,0.0,0.18892307692307692,0.008,0.064,0.05969230769230769,0.012923076923076923,0.20184615384615384,0.015384615384615385,0.0,0.15507692307692308,0.0,Скребицкий,Лесной прадедушка
0.034709754637941355,0.0706163973668462,0.06343506882106523,0.005984440454817474,0.034709754637941355,0.02573309395571514,0.0011968880909634949,0.12746858168761221,0.005385996409335727,0.06523040095751047,0.08976660682226212,0.04488330341113106,0.25014961101137045,0.02154398563734291,0.0,0.15918611609814481,0.0,Скребицкий,От первых проталин до первой грозы
0.05708061002178649,0.08017429193899782,0.07581699346405228,0.004793028322440087,0.05359477124183006,0.030501089324618737,0.0017429193899782135,0.15163398692810456,0.004357298474945534,0.058387799564270156,0.08714596949891068,0.025272331154684097,0.20217864923747278,0.02309368191721133,0.00043572984749455336,0.1437908496732026,0.0,Скребицкий,От первых проталин до первой грозы
0.032,0.087,0.0815,0.0075,0.0455,0.0305,0.0005,0.1785,0.0025,0.06,0.0805,0.007,0.1975,0.0155,0.0,0.174,0.0,Скребицкий,От первых проталин до первой грозы
0.05866076369673492,0.08467072495849474,0.06806862202545656,0.00387382401770891,0.034864416159380185,0.01992252351964582,0.0005534034311012728,0.18040951853901493,0.003320420586607637,0.05644714997232983,0.06253458771444383,0.011068068622025456,0.24626452684006642,0.014941892639734366,0.0,0.15218594355285003,0.002213613724405091,Скребицкий,Лесной прадедушка
0.043272481406355645,0.07437457741717377,0.04935767410412441,0.006085192697768763,0.032454361054766734,0.020960108181203516,0.002028397565922921,0.1352265043948614,0.004056795131845842,0.05611899932386748,0.08248816768086545,0.02434077079107505,0.2954699121027721,0.013522650439486139,0.0,0.16024340770791076,0.0,Скребицкий,От первых проталин до первой грозы
0.037479630635524175,0.08039109179793591,0.061922868006518195,0.008147745790331342,0.03530689842476915,0.026615969581749048,0.0016295491580662683,0.13579576317218903,0.013579576317218903,0.06789788158609451,0.08473655621944595,0.03530689842476915,0.2525801195002716,0.017925040738728953,0.0,0.14068441064638784,0.0,Скребицкий,От первых проталин до первой грозы
0.03948001925854598,0.09051516610495908,0.08473760231102552,0.002888781896966779,0.04910929224843524,0.020702936928261917,0.0,0.16032739528165624,0.0038517091959557053,0.053442465093885415,0.07558979297063072,0.021665864227250843,0.20847376023110256,0.020221473278767454,0.0,0.16899374097255657,0.0,Скребицкий,Лесной прадедушка
0.06152185644900162,0.08148947652455478,0.07609282245008095,0.0059363194819212085,0.04101457096600108,0.025903939557474366,0.0005396654074473826,0.2023745277927685,0.004317323259579061,0.05180787911494873,0.048569886670264434,0.0124123043712898,0.21478683216405828,0.019967620075553156,0.0,0.15326497571505668,0.0,Скребицкий,Лесной прадедушка
0.03868574456809751,0.06889242183359831,0.07313195548489666,0.0047694753577106515,0.034446210916799155,0.02702702702702703,0.0005299417064122947,0.14467408585055644,0.009009009009009009,0.06253312135665076,0.0990990990990991,0.033386327503974564,0.2368839427662957,0.01695813460519343,0.0,0.1499735029146794,0.0,Скребицкий,От первых проталин до первой грозы
0.05610724925521351,0.070506454816286,0.07149950347567031,0.010923535253227408,0.04568023833167825,0.0253227408142999,0.0004965243296921549,0.17477656405163852,0.005461767626613704,0.05610724925521351,0.0650446871896723,0.01787487586891758,0.22194637537239326,0.012909632571996028,0.0,0.16534260178748758,0.0,Скребицкий,От первых проталин до первой грозы
0.056137012369172214,0.07326355851569934,0.07992388201712655,0.007136060894386299,0.04567078972407231,0.035204567078972404,0.0004757373929590866,0.17078972407231208,0.003330161750713606,0.04709800190294957,0.07992388201712655,0.020456707897240724,0.22026641294005708,0.017126546146527116,0.0,0.14319695528068507,0.0,Скребицкий,От первых проталин до первой грозы
0.06133828996282528,0.09045848822800495,0.07868649318463444,0.0055762081784386614,0.04151177199504337,0.023543990086741014,0.0,0.1852540272614622,0.008674101610904586,0.06815365551425032,0.06319702602230483,0.008674101610904586,0.1939281288723668,0.015489467162329617,0.0,0.15551425030978935,0.0,Скребицкий,Лесной прадедушка
0.04630495790458372,0.08419083255378859,0.07390084190832553,0.007951356407857811,0.04583723105706267,0.0304022450888681,0.001403180542563143,0.1735266604303087,0.009354536950420954,0.05706267539756782,0.06501403180542563,0.03274087932647334,0.21141253507951357,0.01824134705332086,0.0,0.1421889616463985,0.0004677268475210477,Скребицкий,От первых проталин до первой грозы
0.051267916207276734,0.09867695700110253,0.08599779492833518,0.006063947078280044,0.04575523704520397,0.022050716648291068,0.0011025358324145535,0.1819184123484013,0.004961411245865491,0.043550165380374865,0.07552370452039692,0.0011025358324145535,0.21223814773980154,0.013781697905181918,0.0,0.15600882028665933,0.0,Скребицкий,Лесной прадедушка
0.0674937965260546,0.08387096774193549,0.06352357320099256,0.005955334987593052,0.04119106699751861,0.029280397022332507,0.0,0.18064516129032257,0.005955334987593052,0.048635235732009924,0.06054590570719603,0.02183622828784119,0.22531017369727047,0.017866004962779156,0.0,0.14789081885856079,0.0,Скребицкий,Лесной прадедушка
0.05252918287937743,0.0622568093385214,0.08041504539559015,0.004539559014267186,0.029831387808041506,0.02529182879377432,0.0019455252918287938,0.14461738002594035,0.007133592736705577,0.05966277561608301,0.08106355382619974,0.016861219195849545,0.2704280155642023,0.014915693904020753,0.0,0.14850843060959792,0.0,Скребицкий,От первых проталин до первой грозы
0.05790161079669134,0.08097518502394427,0.07662168045276448,0.00478885502829778,0.05354810622551154,0.030474531998258596,0.0017414018284719198,0.15150195907705702,0.0043535045711798,0.058336961253809314,0.08663474096647801,0.025250326512842838,0.20156726164562472,0.022638223770134958,0.00043535045711797995,0.14323030039181542,0.0,Скребицкий,От первых проталин до первой грозы
0.04096638655462185,0.06827731092436974,0.08403361344537816,0.005777310924369748,0.03991596638655462,0.03203781512605042,0.0005252100840336134,0.14128151260504201,0.01207983193277311,0.06932773109243698,0.0861344537815126,0.022584033613445378,0.22531512605042017,0.018907563025210083,0.0,0.15283613445378152,0.0,Скребицкий,От первых проталин до первой грозы
0.0755575785161584,0.09057806099226218,0.081474738279472,0.009103322712790168,0.05097860719162494,0.019116977696859355,0.0009103322712790169,0.17387346381429222,0.007737824305871643,0.04597177969959035,0.06736458807464725,0.015020482476103778,0.1948111060537096,0.016385980883022302,0.0,0.1511151570323168,0.0,Скребицкий,Лесной прадедушка
0.06256358087487283,0.0839267548321465,0.08087487283825025,0.008138351983723296,0.03611393692777213,0.030518819938962362,0.00254323499491353,0.17243133265513733,0.007121057985757884,0.04679552390640895,0.07426246185147507,0.022380467955239063,0.21668362156663276,0.014242115971515769,0.0,0.14140386571719227,0.0,Скребицкий,От первых проталин до первой грозы
0.0577019568489714,0.08078273958855996,0.07827395885599599,0.005017561465127948,0.040642247867536375,0.01806322127446061,0.0010035122930255895,0.193176116407426,0.007024586051179127,0.04415454089312594,0.05268439538384345,0.025589563472152535,0.21976919217260413,0.015052684395383844,0.0,0.16106372303060712,0.0,Скребицкий,Лесной прадедушка
0.0674937965260546,0.084863523573201,0.0630272952853598,0.005955334987593052,0.04168734491315137,0.028784119106699754,0.0,0.18114143920595532,0.005955334987593052,0.04913151364764268,0.060049627791563275,0.0228287841191067,0.2248138957816377,0.01687344913151365,0.0,0.14739454094292803,0.0,Скребицкий,Лесной прадедушка
0.052750992626205334,0.07543959160521838,0.07090187180941576,0.0028360748723766306,0.03403289846851957,0.012478729438457176,0.0,0.16619398752127057,0.005104934770277935,0.0476460578559274,0.05899035734543392,0.030629608621667612,0.2665910380034033,0.01020986954055587,0.0,0.16619398752127057,0.0,Скребицкий,Лесной прадедушка
0.05338078291814947,0.09811896288764616,0.0788002033553635,0.003050330452465684,0.05236400610066091,0.021352313167259787,0.0,0.19115404168784952,0.00864260294865277,0.043721403152008134,0.07524148449415353,0.006100660904931368,0.18861209964412812,0.015251652262328419,0.0,0.16420945602440265,0.0,Скребицкий,Лесной прадедушка
0.048082427017744706,0.08013737836290784,0.0795649685174585,0.004006868918145392,0.040641099026903264,0.02289639381797367,0.0005724098454493417,0.17115054378935318,0.007441327990841442,0.053806525472238124,0.0767029192902118,0.018317115054378934,0.22037779049799658,0.01602747567258157,0.0,0.16027475672581568,0.0,Скребицкий,От первых проталин до первой грозы
0.04413347685683531,0.09095801937567277,0.08234660925726588,0.004305705059203444,0.05059203444564048,0.0263724434876211,0.0,0.18783638320775026,0.003767491926803014,0.04413347685683531,0.08342303552206674,0.0016146393972012918,0.21582346609257266,0.008073196986006458,0.0,0.1566200215285253,0.0,Скребицкий,Лесной прадедушка
0.046914839367669554,0.07445181030086691,0.06017338092809791,0.004589495155532891,0.03773584905660377,0.03161652218255992,0.0010198878123406426,0.1626721060683325,0.008669046404895462,0.05558388577256502,0.07598164201937786,0.029576746557878633,0.25395206527282,0.01580826109127996,0.0,0.141254462009179,0.0,Скребицкий,От первых проталин до первой грозы
0.05284348263714142,0.08002013085052843,0.06039255158530448,0.004529441368897836,0.04529441368897836,0.019627579265223957,0.003019627579265224,0.16155007549068948,0.001509813789632612,0.04579768495218923,0.09562154001006543,0.011071967790639155,0.23754403623553094,0.017614494212380472,0.0,0.16356316054353295,0.0,Скребицкий,Лесной прадедушка
0.0611353711790393,0.09509946627850557,0.07423580786026202,0.0038816108685104317,0.043182920912178555,0.03202328966521106,0.001455604075691412,0.18922852983988356,0.0077632217370208634,0.04754973313925279,0.07375060650169821,0.008733624454148471,0.21348859776807375,0.013100436681222707,0.0,0.1344007763221737,0.0009704027171276079,Скребицкий,Лесной прадедушка
0.07020453289110005,0.07352128247650636,0.07628524046434494,0.008291873963515755,0.04809286898839138,0.03427307904919845,0.000552791597567717,0.16694306246545051,0.004422332780541736,0.054173576561636266,0.07241569928137093,0.018794914317302378,0.21614151464897732,0.01271420674405749,0.0,0.14317302377003868,0.0,Скребицкий,Лесной прадедушка
0.06040992448759439,0.07659115426105717,0.07928802588996764,0.002157497303128371,0.040453074433656956,0.017259978425026967,0.0005393743257820927,0.1634304207119741,0.0037756202804746495,0.043689320388349516,0.05879180151024811,0.02535059331175836,0.2464940668824164,0.012944983818770227,0.0,0.16882416396979505,0.0,Скребицкий,Лесной прадедушка
0.03476907109496627,0.10326933056564608,0.07524649714582252,0.0015568240788790867,0.04878048780487805,0.0233523611831863,0.0,0.20965230928905035,0.005708354955889984,0.04203425012973534,0.0742086144265698,0.0036325895173845357,0.20861442656979762,0.00934094447327452,0.0,0.15983393876491955,0.0,Скребицкий,Лесной прадедушка
0.054173576561636266,0.08568269762299613,0.06799336650082918,0.004422332780541736,0.03648424543946932,0.017136539524599224,0.000552791597567717,0.17689331122166943,0.003869541182974019,0.05583195135433942,0.06467661691542288,0.01271420674405749,0.24875621890547264,0.013819789939192924,0.0,0.15478164731896074,0.002211166390270868,Скребицкий,Лесной прадедушка
0.07486136783733827,0.09195933456561922,0.07301293900184842,0.0009242144177449168,0.0522181146025878,0.027264325323475048,0.0004621072088724584,0.1922365988909427,0.0023105360443622922,0.03974121996303143,0.0633086876155268,0.024029574861367836,0.21534195933456562,0.012014787430683918,0.0,0.13031423290203328,0.0,Скребицкий,От первых проталин до первой грозы
0.032093734080489045,0.097809475292919,0.08303616912888435,0.005094243504839531,0.052980132450331126,0.01935812531839022,0.0,0.16658176260825266,0.006622516556291391,0.054508405501782986,0.07030056036678553,0.016811003565970453,0.2119205298013245,0.01935812531839022,0.0,0.16352521650534896,0.0,Скребицкий,Лесной прадедушка
0.04004388370817334,0.06966538672517827,0.07624794295117937,0.004936917169500823,0.036204059243006036,0.012068019747668678,0.0021941854086670325,0.17827756445419637,0.005485463521667581,0.04936917169500823,0.06308283049917718,0.026878771256171146,0.251782775644542,0.013713658804168952,0.0,0.170049369171695,0.0,Скребицкий,Лесной прадедушка
0.051753881541115584,0.08280621046578493,0.06152961472110408,0.004600345025876941,0.03852788959171938,0.01667625071880391,0.0023001725129384704,0.19033927544565843,0.0063254744105807935,0.050028752156411734,0.0684301322599195,0.025876940770557792,0.23634272570442783,0.01437607820586544,0.0,0.15008625646923518,0.0,Скребицкий,Лесной прадедушка
0.07276995305164319,0.08098591549295775,0.08098591549295775,0.00528169014084507,0.04284037558685446,0.01995305164319249,0.0,0.20950704225352113,0.0017605633802816902,0.04284037558685446,0.03931924882629108,0.011737089201877934,0.22183098591549297,0.01056338028169014,0.0,0.159037558685446,0.0005868544600938967,Скребицкий,Лесной прадедушка
0.02876376988984088,0.07649938800489596,0.06364749082007344,0.0030599755201958386,0.03182374541003672,0.01591187270501836,0.0006119951040391676,0.12607099143206854,0.0036719706242350062,0.052019583843329255,0.08873929008567931,0.043451652386780906,0.29314565483476135,0.011015911872705019,0.0,0.16156670746634028,0.0,Скребицкий,Лесной прадедушка
0.048726467331118496,0.09080841638981174,0.0592469545957918,0.004429678848283499,0.04595791805094131,0.033776301218161685,0.0005537098560354374,0.17718715393134,0.0022148394241417496,0.04706533776301218,0.07475083056478406,0.02547065337763012,0.22369878183831673,0.014950166112956811,0.0,0.1511627906976744,0.0,Скребицкий,От первых проталин до первой грозы
0.06069651741293532,0.09303482587064676,0.07512437810945273,0.004975124378109453,0.042786069651741296,0.031840796019900496,0.0014925373134328358,0.18955223880597014,0.007960199004975124,0.049253731343283584,0.07164179104477612,0.00845771144278607,0.21293532338308457,0.013930348258706468,0.0,0.13532338308457711,0.0009950248756218905,Скребицкий,Лесной прадедушка
0.04150308468872686,0.07515423443634324,0.06842400448681997,0.005047672462142457,0.03252944475602917,0.02411665731912507,0.0005608524957936063,0.15086932136848008,0.003925967470555244,0.06674144699943915,0.07739764441951767,0.027481772293886708,0.2546270330902973,0.014582164890633763,0.0,0.15703869882220975,0.0,Скребицкий,От первых проталин до первой грозы
0.0641025641025641,0.09294871794871795,0.0673076923076923,0.00641025641025641,0.04754273504273504,0.027243589743589744,0.0005341880341880342,0.18322649572649571,0.004273504273504274,0.04006410256410257,0.07104700854700854,0.016025641025641024,0.20726495726495728,0.011217948717948718,0.0,0.15865384615384615,0.002136752136752137,Скребицкий,Лесной прадедушка
0.0338527673293928,0.05588393336915637,0.08651262761955937,0.007522837184309511,0.04245029554003224,0.027941966684578184,0.0016120365394948952,0.11821601289629231,0.0053734551316496505,0.07576571735626007,0.09618484685652874,0.02418054809242343,0.2477162815690489,0.016120365394948953,0.0,0.16066630843632457,0.0,Скребицкий,От первых проталин до первой грозы
0.04443282801881861,0.08259278619968635,0.0690015682174595,0.004704652378463147,0.03763721902770518,0.027182435964453737,0.0015682174594877157,0.17354939884997386,0.0026136957658128594,0.05070569785676947,0.07161526398327235,0.03606900156821746,0.23836905384213278,0.015682174594877155,0.0,0.14375326711970726,0.0005227391531625719,Скребицкий,От первых проталин до первой грозы
0.04738760631834751,0.0911300121506683,0.06743620899149454,0.001215066828675577,0.03766707168894289,0.0212636695018226,0.0,0.15856622114216282,0.007897934386391251,0.056500607533414335,0.08687727825030377,0.018833535844471446,0.23693803159173754,0.010935601458080195,0.0,0.15735115431348723,0.0,Скребицкий,Лесной прадедушка
0.06348345089527943,0.08247422680412371,0.07867607162235486,0.002170374389582203,0.03906673901247965,0.026587086272381984,0.0,0.15952251763429193,0.0048833423765599565,0.04666304937601736,0.0781334780249593,0.024959305480195332,0.22626153011394465,0.015192620727075421,0.0,0.1519262072707542,0.0,Скребицкий,Лесной прадедушка
0.05355976485956891,0.07642064010450686,0.07576747224036577,0.012410189418680601,0.035924232527759635,0.025473546701502287,0.0013063357282821686,0.15545395166557804,0.008491182233834096,0.05943827563683867,0.07968647942521227,0.012410189418680601,0.22926192031352058,0.016982364467668192,0.0,0.1574134552580013,0.0,Скребицкий,От первых проталин до первой грозы
0.06630434782608696,0.08586956521739131,0.08260869565217391,0.0016304347826086956,0.04565217391304348,0.027717391304347826,0.0010869565217391304,0.17228260869565218,0.005434782608695652,0.051630434782608696,0.07173913043478261,0.0005434782608695652,0.225,0.0125,0.0,0.15,0.0,Скребицкий,Лесной прадедушка
0.053784860557768925,0.08266932270916334,0.0801792828685259,0.0099601593625498,0.04282868525896414,0.029382470119521914,0.00149402390438247,0.1553784860557769,0.009462151394422311,0.06374501992031872,0.07221115537848606,0.021912350597609563,0.21762948207171315,0.01693227091633466,0.0,0.14243027888446216,0.0,Скребицкий,От первых проталин до первой грозы
0.07411835026897788,0.0812910938433951,0.0794979079497908,0.005379557680812911,0.042438732815301854,0.01972504482964734,0.0,0.2109982068141064,0.0017931858936043037,0.04184100418410042,0.03765690376569038,0.011954572624028692,0.22295277943813507,0.010759115361625823,0.0,0.1589958158995816,0.0005977286312014345,Скребицкий,Лесной прадедушка
0.03498542274052478,0.07463556851311953,0.07696793002915452,0.0058309037900874635,0.04198250728862974,0.01749271137026239,0.0011661807580174927,0.15685131195335278,0.0023323615160349854,0.0641399416909621,0.08513119533527697,0.026239067055393587,0.23206997084548106,0.010495626822157435,0.0,0.16967930029154518,0.0,Скребицкий,От первых проталин до первой грозы
0.06215384615384616,0.08738461538461538,0.07507692307692308,0.006153846153846154,0.040615384615384616,0.022153846153846152,0.0,0.19076923076923077,0.008,0.06215384615384616,0.060307692307692305,0.012923076923076923,0.20184615384615384,0.015384615384615385,0.0,0.15507692307692308,0.0,Скребицкий,Лесной прадедушка
0.035323383084577116,0.08557213930348259,0.08109452736318408,0.007960199004975124,0.04527363184079602,0.02935323383084577,0.0004975124378109452,0.17860696517412936,0.0024875621890547263,0.06019900497512438,0.08109452736318408,0.006965174129353234,0.19502487562189055,0.01691542288557214,0.0,0.1736318407960199,0.0,Скребицкий,От первых проталин до первой грозы
0.04415218412400188,0.07844058243306717,0.08219821512447158,0.009394081728511038,0.04415218412400188,0.03475810239549084,0.0023485204321277596,0.13809300140911226,0.006575857209957727,0.055425082198215125,0.09581963363081258,0.02489431658055425,0.21888210427430718,0.01925786754344763,0.0,0.1456082667919211,0.0,Скребицкий,От первых проталин до первой грозы
0.059262715818945405,0.09379374708352776,0.08259449370041998,0.005132991133924405,0.049463369108726084,0.024731684554363042,0.0009332711152589828,0.1735884274381708,0.007466168922071862,0.06346243583761083,0.06579561362575828,0.006999533364442371,0.20905272981801212,0.011665888940737284,0.0,0.1460569295380308,0.0,Скребицкий,От первых проталин до первой грозы
0.06246901338621715,0.09122459097669806,0.07387208725830441,0.0034705007436787306,0.03966286564204264,0.021318790282597918,0.0,0.1774913237481408,0.004462072384729797,0.0480912245909767,0.06941001487357462,0.01685671789786812,0.2151710461080813,0.01834407535944472,0.0,0.15815567674764502,0.0,Скребицкий,Лесной прадедушка
0.07425742574257425,0.08085808580858085,0.07700770077007701,0.005500550055005501,0.040154015401540157,0.02145214521452145,0.0011001100110011,0.19801980198019803,0.0016501650165016502,0.045104510451045104,0.050605060506050605,0.0165016501650165,0.22662266226622663,0.0088008800880088,0.0,0.15236523652365236,0.0,Скребицкий,Лесной прадедушка
0.055446836268754074,0.07697325505544683,0.056099151989562945,0.007175472928897586,0.03065883887801696,0.023483365949119372,0.0,0.14024787997390736,0.005870841487279843,0.04500978473581213,0.08284409654272668,0.029354207436399216,0.27332028701891714,0.015655577299412915,0.0,0.1578604044357469,0.0,Скребицкий,От первых проталин до первой грозы
0.04635055940330314,0.1001598295151838,0.07352157698454981,0.0015982951518380393,0.049547149706979224,0.02663825253063399,0.0,0.18433670751198722,0.005327650506126798,0.04794885455514118,0.06819392647842301,0.018114011720831113,0.19072988811933936,0.015450186467767715,0.0,0.17208311134789558,0.0,Скребицкий,Лесной прадедушка
0.06157635467980296,0.07192118226600985,0.08275862068965517,0.01083743842364532,0.04729064039408867,0.021182266009852218,0.0004926108374384236,0.17044334975369457,0.008374384236453201,0.04926108374384237,0.06354679802955665,0.014285714285714285,0.22118226600985222,0.012315270935960592,0.0,0.16453201970443349,0.0,Скребицкий,От первых проталин до первой грозы
0.03938618925831202,0.08491048593350384,0.07058823529411765,0.0076726342710997444,0.04040920716112532,0.019437340153452685,0.0005115089514066496,0.17033248081841432,0.010230179028132993,0.05217391304347826,0.08081841432225063,0.01329923273657289,0.24194373401534527,0.011764705882352941,0.0,0.1565217391304348,0.0,Скребицкий,Лесной прадедушка
0.03220035778175313,0.1001788908765653,0.07453786523553965,0.0017889087656529517,0.042337507453786526,0.023255813953488372,0.0011926058437686344,0.1562313655336911,0.004770423375074538,0.06320810971973763,0.08050089445438283,0.022659511031604056,0.21347644603458557,0.011926058437686345,0.0,0.17173524150268335,0.0,Скребицкий,Лесной прадедушка
0.058370750481077614,0.06927517639512508,0.06735086593970493,0.003207184092366902,0.03463758819756254,0.026298909557408594,0.0012828736369467607,0.14111610006414368,0.004490057729313663,0.04810776138550353,0.09429121231558692,0.02245028864656831,0.2584990378447723,0.015394483643361129,0.0,0.15522771007055805,0.0,Скребицкий,От первых проталин до первой грозы
0.06942236354001059,0.08744038155802862,0.06518282988871224,0.0037095919448860626,0.04080551139374669,0.03550609432962374,0.0021197668256491787,0.17329093799682035,0.007419183889772125,0.04398516163222046,0.07366189719130896,0.025967143614202437,0.21621621621621623,0.013248542660307366,0.0,0.14202437731849496,0.0,Скребицкий,От первых проталин до первой грозы
0.07152145643693109,0.08929345470307759,0.06892067620286085,0.010836584308625921,0.044213263979193757,0.036410923276983094,0.0,0.17381881231035978,0.006935413957520589,0.04681404421326398,0.07065452969224101,0.03727785002167317,0.19809276116168184,0.015604681404421327,0.0,0.12960554833116603,0.0,Скребицкий,От первых проталин до первой грозы
0.04149797570850203,0.07995951417004049,0.08805668016194332,0.0075910931174089065,0.04807692307692308,0.02327935222672065,0.0005060728744939271,0.14676113360323886,0.005566801619433198,0.057692307692307696,0.09058704453441295,0.019230769230769232,0.21963562753036436,0.016194331983805668,0.0,0.15536437246963564,0.0,Скребицкий,От первых проталин до первой грозы
0.03953229398663697,0.0779510022271715,0.08240534521158129,0.005011135857461025,0.04175946547884187,0.0200445434298441,0.0005567928730512249,0.15979955456570155,0.0033407572383073497,0.05734966592427617,0.07405345211581292,0.02783964365256125,0.23106904231625836,0.011692650334075724,0.0,0.1675946547884187,0.0,Скребицкий,От первых проталин до первой грозы
0.04928741092636579,0.0831353919239905,0.06828978622327792,0.004750593824228029,0.035629453681710214,0.020190023752969122,0.0005938242280285036,0.16508313539192399,0.004156769596199525,0.06294536817102138,0.07719714964370546,0.022565320665083134,0.2375296912114014,0.016033254156769598,0.0,0.15261282660332542,0.0,Скребицкий,От первых проталин до первой грозы
0.0448332422088573,0.05850191361399672,0.07709130672498633,0.0038272279934390375,0.04045926735921269,0.022963367960634227,0.0010934937124111536,0.12520503007107708,0.002186987424822307,0.07107709130672499,0.0896664844177146,0.035538545653362494,0.26025150355385457,0.01694915254237288,0.0,0.15035538545653362,0.0,Скребицкий,От первых проталин до первой грозы
0.027571580063626724,0.09066808059384941,0.08695652173913043,0.004772004241781549,0.045068928950159064,0.029692470837751856,0.0010604453870625664,0.15482502651113467,0.006892895015906681,0.06733828207847296,0.09278897136797455,0.014846235418875928,0.21898197242841994,0.010604453870625663,0.0,0.14687168610816542,0.0010604453870625664,Скребицкий,Лесной прадедушка
0.043279022403258656,0.060590631364562116,0.07892057026476579,0.008146639511201629,0.03818737270875764,0.020875763747454174,0.0010183299389002036,0.12423625254582485,0.0025458248472505093,0.07535641547861507,0.09928716904276985,0.029531568228105907,0.24185336048879838,0.023930753564154784,0.0,0.15224032586558045,0.0,Скребицкий,От первых проталин до первой грозы
0.030738720872583045,0.10014873574615767,0.09370352007932573,0.0039662865642042635,0.0495785820525533,0.017848289538919187,0.0,0.14625681705503224,0.00495785820525533,0.0436291522062469,0.08527516113039167,0.029251363411006447,0.19286068418443233,0.02032721864154685,0.0,0.18145761031234506,0.0,Скребицкий,От первых проталин до первой грозы
0.034133333333333335,0.0816,0.08266666666666667,0.008533333333333334,0.050133333333333335,0.03306666666666667,0.0010666666666666667,0.12373333333333333,0.0021333333333333334,0.06186666666666667,0.104,0.02666666666666667,0.20906666666666668,0.0224,0.0,0.15893333333333334,0.0,Скребицкий,От первых проталин до первой грозы
0.05070993914807302,0.08367139959432049,0.08468559837728194,0.009634888438133874,0.0436105476673428,0.0268762677484787,0.0015212981744421906,0.1511156186612576,0.006085192697768763,0.0654158215010142,0.07352941176470588,0.01977687626774848,0.21957403651115617,0.016227180527383367,0.0,0.1475659229208925,0.0,Скребицкий,От первых проталин до первой грозы
0.07261029411764706,0.08318014705882353,0.07582720588235294,0.006433823529411764,0.050091911764705885,0.030330882352941176,0.0009191176470588235,0.18658088235294118,0.006433823529411764,0.05698529411764706,0.05284926470588235,0.012408088235294117,0.21461397058823528,0.014705882352941176,0.0,0.13602941176470587,0.0,Скребицкий,От первых проталин до первой грозы
0.06843575418994413,0.0856610800744879,0.07541899441340782,0.0023277467411545625,0.04655493482309125,0.023277467411545624,0.0004655493482309125,0.18342644320297952,0.0111731843575419,0.04702048417132216,0.06890130353817504,0.002793296089385475,0.22858472998137802,0.01722532588454376,0.0,0.1387337057728119,0.0,Скребицкий,Лесной прадедушка
0.07302867383512544,0.0931899641577061,0.06854838709677419,0.004032258064516129,0.04256272401433692,0.03181003584229391,0.00044802867383512545,0.1975806451612903,0.004032258064516129,0.0456989247311828,0.0775089605734767,0.010752688172043012,0.19937275985663083,0.02060931899641577,0.0,0.13082437275985664,0.0,Скребицкий,От первых проталин до первой грозы
0.056455571919489446,0.06774668630338733,0.07167403043691703,0.010309278350515464,0.046637211585665195,0.028964162984781543,0.0004909180166912126,0.16642120765832105,0.005400098183603338,0.05547373588610702,0.06921944035346098,0.023073146784486992,0.22484045164457536,0.011291114383897889,0.0,0.16200294550810015,0.0,Скребицкий,От первых проталин до первой грозы
0.057750759878419454,0.09979736575481256,0.07801418439716312,0.005572441742654508,0.04305977710233029,0.01773049645390071,0.0005065856129685917,0.20516717325227962,0.0035460992907801418,0.03850050658561297,0.0486322188449848,0.019756838905775075,0.20820668693009117,0.011144883485309016,0.0,0.16261398176291794,0.0,Скребицкий,Лесной прадедушка
0.05039138943248532,0.09001956947162426,0.07876712328767123,0.003424657534246575,0.04794520547945205,0.023972602739726026,0.0,0.17270058708414873,0.003424657534246575,0.040117416829745595,0.05675146771037182,0.02984344422700587,0.21428571428571427,0.01614481409001957,0.0,0.17221135029354206,0.0,Скребицкий,Лесной прадедушка
0.04676428908833254,0.09069437883797828,0.079357581483231,0.004251299008030231,0.04959848842701937,0.021256495040151157,0.0,0.1624940954180444,0.003778932451582428,0.051960321209258385,0.07463391591875296,0.020784128483703354,0.20831365139348135,0.02031176192725555,0.0,0.16580066131317903,0.0,Скребицкий,Лесной прадедушка
0.028183190739808756,0.09562154001006543,0.09411172622043282,0.004529441368897836,0.051836940110719675,0.019124308002013084,0.0,0.14896829391041772,0.0050327126321087065,0.043281328636134875,0.0805234021137393,0.029693004529441368,0.20332159033719174,0.018117765475591345,0.0,0.17765475591343735,0.0,Скребицкий,От первых проталин до первой грозы
0.062434963579604576,0.08792924037460978,0.0639958376690947,0.006763787721123829,0.03954214360041623,0.021852237252861603,0.001040582726326743,0.16649323621227888,0.005202913631633715,0.046826222684703434,0.07752341311134235,0.023413111342351717,0.2278876170655567,0.013527575442247659,0.0,0.15556711758584807,0.0,Скребицкий,От первых проталин до первой грозы
0.06435394670688788,0.08295625942684766,0.07692307692307693,0.006033182503770739,0.04424333836098542,0.030165912518853696,0.002011060834590246,0.19607843137254902,0.008044243338360985,0.042232277526395176,0.05982905982905983,0.006033182503770739,0.2222222222222222,0.016591251885369532,0.0,0.14228255404725992,0.0,Скребицкий,Лесной прадедушка
0.05807200929152149,0.06910569105691057,0.08710801393728224,0.003484320557491289,0.03193960511033682,0.02264808362369338,0.0017421602787456446,0.1521486643437863,0.006968641114982578,0.056329849012775844,0.08188153310104529,0.013937282229965157,0.24332171893147503,0.018002322880371662,0.0,0.15331010452961671,0.0,Скребицкий,От первых проталин до первой грозы
0.03943661971830986,0.08788732394366197,0.05859154929577465,0.009577464788732394,0.04338028169014085,0.03323943661971831,0.0016901408450704226,0.15661971830985916,0.005633802816901409,0.0523943661971831,0.08450704225352113,0.02535211267605634,0.23492957746478874,0.015211267605633802,0.0,0.15154929577464787,0.0,Скребицкий,От первых проталин до первой грозы
0.07275624004248539,0.09134360063728093,0.07010090281465746,0.006372809346787042,0.04354753053637812,0.022835900159320233,0.0005310674455655868,0.19915029208709506,0.008497079129049389,0.03770578863515667,0.050982474774296335,0.01168348380244291,0.22092405735528411,0.011152416356877323,0.0,0.15029208709506106,0.002124269782262347,Скребицкий,Лесной прадедушка
0.05885500267522739,0.08400214018191546,0.07865168539325842,0.006420545746388443,0.043873729266987696,0.026217228464419477,0.0016051364365971107,0.20117710005350456,0.00749063670411985,0.05029427501337614,0.047619047619047616,0.006955591225254147,0.21562332798287853,0.019796682718031033,0.0,0.1514178705189941,0.0,Скребицкий,Лесной прадедушка
0.07572280862781092,0.09086737035337311,0.08260670032124828,0.009178522257916476,0.04956402019274897,0.017439192290041303,0.0009178522257916476,0.17439192290041303,0.0073428178063331805,0.046810463515374025,0.06883891693437356,0.015144561725562184,0.1950435979807251,0.016062413951353834,0.0,0.15006883891693437,0.0,Скребицкий,Лесной прадедушка
0.05497861942577886,0.0708613317043372,0.05925473427000611,0.005497861942577886,0.029932803909590716,0.015271838729383017,0.0012217470983506415,0.13683567501527183,0.0030543677458766036,0.06047648136835675,0.08002443494196701,0.04398289554062309,0.2547342700061087,0.021380574221136223,0.0,0.1624923640806353,0.0,Скребицкий,От первых проталин до первой грозы
0.06445406445406446,0.08898508898508899,0.05772005772005772,0.001924001924001924,0.04425204425204425,0.027898027898027897,0.000481000481000481,0.18037518037518038,0.007696007696007696,0.0456950456950457,0.05772005772005772,0.03655603655603656,0.21596921596921598,0.015392015392015393,0.0,0.15488215488215487,0.0,Скребицкий,Лесной прадедушка
0.04684210526315789,0.09842105263157895,0.08315789473684211,0.005263157894736842,0.05052631578947368,0.023157894736842106,0.0005263157894736842,0.17684210526315788,0.005263157894736842,0.0431578947368421,0.07263157894736842,0.007368421052631579,0.2073684210526316,0.018421052631578946,0.0,0.16105263157894736,0.0,Скребицкий,Лесной прадедушка
0.06649616368286446,0.09104859335038364,0.0782608695652174,0.0035805626598465474,0.04296675191815857,0.017902813299232736,0.0005115089514066496,0.20051150895140665,0.007161125319693095,0.032225063938618924,0.05012787723785166,0.011253196930946292,0.2255754475703325,0.017902813299232736,0.0,0.15447570332480817,0.0,Скребицкий,Лесной прадедушка
0.04230201672405312,0.07820954254795869,0.08460403344810624,0.009345794392523364,0.04426955238563699,0.031972454500737824,0.000983767830791933,0.12297097884899164,0.004918839153959666,0.056074766355140186,0.10378750614854894,0.026561731431382195,0.21839645843580915,0.023610427939006393,0.0,0.15199212985735366,0.0,Скребицкий,От первых проталин до первой грозы
0.06188757091284167,0.08303249097472924,0.07632800412583807,0.008767405879319236,0.04177411036616813,0.03403816400206292,0.0010314595152140279,0.16400206291903044,0.005157297576070139,0.04847859721505931,0.09128416709644147,0.017534811758638472,0.1887570912841671,0.014956162970603403,0.0,0.1629706034038164,0.0,Скребицкий,От первых проталин до первой грозы
0.07557354925775979,0.09176788124156546,0.08142150247413406,0.008547008547008548,0.05218173639226271,0.019343229869545658,0.000899685110211426,0.17408906882591094,0.008547008547008548,0.0449842555105713,0.06747638326585695,0.013945119208277103,0.19478182636077374,0.015744489428699954,0.0,0.15069725596041386,0.0,Скребицкий,Лесной прадедушка
0.028767979987492184,0.066916823014384,0.07379612257661038,0.006253908692933083,0.03377110694183865,0.013758599124452783,0.0025015634771732333,0.16760475297060662,0.010631644777986242,0.05565978736710444,0.07317073170731707,0.021888680425265792,0.2701688555347092,0.010631644777986242,0.0,0.16447779862414008,0.0,Скребицкий,Лесной прадедушка
0.05922944220816561,0.07475560667050028,0.0885566417481311,0.004600345025876941,0.03105232892466935,0.02127659574468085,0.0017251293847038527,0.15066129959746982,0.006900517538815411,0.05290396779758482,0.08223116733755031,0.01437607820586544,0.242093156986774,0.018401380103507763,0.0,0.15123634272570444,0.0,Скребицкий,От первых проталин до первой грозы
0.03808982376350199,0.08527572484366117,0.05855599772598067,0.009664582148948267,0.04320636725412166,0.03297328027288232,0.0017055144968732233,0.15463331438317227,0.00511654349061967,0.052870949403069925,0.08641273450824331,0.026151222285389426,0.23877202956225127,0.015349630471859011,0.0,0.1512222853894258,0.0,Скребицкий,От первых проталин до первой грозы
0.06209150326797386,0.09850606909430439,0.08123249299719888,0.004201680672268907,0.05929038281979458,0.019140989729225025,0.0,0.19607843137254902,0.004668534080298786,0.040149393090569564,0.059757236227824466,0.011204481792717087,0.1900093370681606,0.020074696545284782,0.0,0.15359477124183007,0.0,Скребицкий,Лесной прадедушка
0.0421987784564131,0.07995558023320377,0.07384786229872294,0.00555247084952804,0.038312048861743477,0.022765130483064965,0.0,0.16213214880621876,0.00555247084952804,0.05274847307051638,0.07107162687395892,0.022765130483064965,0.24708495280399778,0.019988895058300944,0.0,0.15602443087173792,0.0,Скребицкий,От первых проталин до первой грозы
0.06369107321965897,0.07221664994984955,0.08425275827482448,0.011033099297893681,0.04864593781344032,0.017552657973921765,0.0005015045135406219,0.16800401203610832,0.009528585757271816,0.04964894684052156,0.06318956870611836,0.014042126379137413,0.21965897693079237,0.013039117352056168,0.0,0.1649949849548646,0.0,Скребицкий,От первых проталин до первой грозы
0.04566473988439306,0.07687861271676301,0.08092485549132948,0.008670520231213872,0.042196531791907514,0.02716763005780347,0.0017341040462427746,0.14913294797687862,0.010404624277456647,0.05953757225433526,0.0861271676300578,0.02138728323699422,0.230635838150289,0.012138728323699421,0.0,0.14739884393063585,0.0,Скребицкий,От первых проталин до первой грозы
0.04590354445090064,0.08076699593259733,0.07553747821034282,0.006391632771644393,0.04299825682742592,0.019755955839628123,0.0017431725740848344,0.13306217315514235,0.004067402672864613,0.05345729227193492,0.09877977919814061,0.039511911679256245,0.24171993027309704,0.016269610691458453,0.0,0.1400348634514817,0.0,Скребицкий,От первых проталин до первой грозы
0.05179517363154797,0.0859329017068864,0.06650971159505592,0.004708652148322542,0.03766921718658034,0.017068864037669218,0.0005885815185403178,0.16774573278399058,0.004708652148322542,0.05826957033549147,0.0824014125956445,0.023543260741612712,0.22778104767510302,0.015303119482048263,0.0,0.1559741024131842,0.0,Скребицкий,От первых проталин до первой грозы
0.06891348088531186,0.08199195171026157,0.06790744466800805,0.0035211267605633804,0.04275653923541248,0.02414486921529175,0.001006036217303823,0.17454728370221329,0.006036217303822937,0.047283702213279676,0.06287726358148893,0.03571428571428571,0.2107645875251509,0.01358148893360161,0.0,0.158953722334004,0.0,Скребицкий,Лесной прадедушка
0.061114115738236885,0.08004326663061113,0.08545159545700379,0.0075716603569497025,0.04002163331530557,0.01838831800973499,0.0,0.16982152514872903,0.0027041644131963224,0.05408328826392644,0.043807463493780424,0.04056246619794483,0.2222823147647377,0.012979989183342347,0.0,0.16008653326122227,0.001081665765278529,Скребицкий,Лесной прадедушка
0.058916359810625984,0.07837980010520779,0.07995791688584955,0.007890583903208837,0.03840084166228301,0.02998421883219358,0.0021041557075223566,0.16885849552866913,0.005786428195686481,0.0483955812730142,0.08153603366649131,0.0194634402945818,0.21146764860599684,0.013677012098895318,0.0,0.1551814834297738,0.0,Скребицкий,От первых проталин до первой грозы
0.05555555555555555,0.0893042575285566,0.08515057113187954,0.010903426791277258,0.04361370716510903,0.02596053997923157,0.001557632398753894,0.1588785046728972,0.006230529595015576,0.06074766355140187,0.07061266874350987,0.018691588785046728,0.21495327102803738,0.014537902388369679,0.0,0.14330218068535824,0.0,Скребицкий,От первых проталин до первой грозы
0.07271010387157696,0.08404154863078375,0.07884796978281397,0.0066100094428706326,0.05099150141643059,0.027384324834749764,0.0009442870632672333,0.1813031161473088,0.007082152974504249,0.06043437204910293,0.053824362606232294,0.007554296506137866,0.21388101983002833,0.012275731822474031,0.0,0.1421152030217186,0.0,Скребицкий,От первых проталин до первой грозы
0.07429085997298514,0.09230076542098153,0.08104457451598379,0.008554705087798289,0.05222872579918955,0.01981089599279604,0.0009004952723998199,0.17514633048176498,0.008554705087798289,0.04412426834759117,0.06708689779378658,0.013957676722197209,0.1945069788383611,0.01575866726699685,0.0,0.15173345339936967,0.0,Скребицкий,Лесной прадедушка
0.04979253112033195,0.08239478363959692,0.05512744516893894,0.0017783046828689982,0.04267931238885596,0.03023117960877297,0.0005927682276229994,0.17308832246591582,0.0,0.046235921754593956,0.08061647895672792,0.023710729104919975,0.24303497332542975,0.016597510373443983,0.0,0.15411973918197985,0.0,Скребицкий,От первых проталин до первой грозы
0.03772609819121447,0.07545219638242893,0.08062015503875969,0.004651162790697674,0.03772609819121447,0.02739018087855297,0.0020671834625322996,0.16382428940568475,0.007235142118863049,0.05788113695090439,0.07958656330749354,0.011886304909560724,0.23152454780361756,0.021705426356589147,0.0,0.1607235142118863,0.0,Скребицкий,От первых проталин до первой грозы
0.03995433789954338,0.059931506849315065,0.07819634703196347,0.0017123287671232876,0.03881278538812785,0.019406392694063926,0.0017123287671232876,0.1278538812785388,0.0017123287671232876,0.06678082191780822,0.0884703196347032,0.03824200913242009,0.2711187214611872,0.016552511415525113,0.0,0.1495433789954338,0.0,Скребицкий,От первых проталин до первой грозы
0.043213296398891966,0.09584487534626039,0.08365650969529086,0.006094182825484765,0.05263157894736842,0.018836565096952907,0.0,0.17950138504155125,0.006648199445983379,0.04653739612188366,0.0781163434903047,0.0110803324099723,0.18393351800554017,0.013296398891966758,0.0,0.18060941828254848,0.0,Скребицкий,Лесной прадедушка
0.05525751072961373,0.08047210300429185,0.09012875536480687,0.009120171673819743,0.04560085836909871,0.029506437768240343,0.0,0.1630901287553648,0.0075107296137339056,0.05793991416309013,0.06652360515021459,0.012339055793991416,0.22478540772532188,0.014484978540772532,0.0,0.1432403433476395,0.0,Скребицкий,От первых проталин до первой грозы
0.06768953068592058,0.08438628158844766,0.06814079422382671,0.00947653429602888,0.04287003610108303,0.03023465703971119,0.0,0.17057761732851986,0.004061371841155234,0.04918772563176895,0.07265342960288809,0.0351985559566787,0.21074007220216606,0.018050541516245487,0.0,0.13673285198555957,0.0,Скребицкий,От первых проталин до первой грозы
0.043237807943690296,0.10005027652086476,0.08295625942684766,0.004022121669180492,0.05429864253393665,0.02564102564102564,0.0,0.19306184012066366,0.008547008547008548,0.04122674710910005,0.07491201608848667,0.006033182503770739,0.16691804927099044,0.013071895424836602,0.0,0.1860231271995978,0.0,Скребицкий,Лесной прадедушка
0.07298814722395508,0.08296943231441048,0.08047411104179664,0.004366812227074236,0.041796631316281974,0.019962570180910792,0.0,0.21459762944479102,0.0018714909544603868,0.040548970679975045,0.035558328134747345,0.010605115408608859,0.22270742358078602,0.011228945726762321,0.0,0.15970056144728634,0.0006238303181534623,Скребицкий,Лесной прадедушка
0.06067816775728733,0.08923259964306961,0.07555026769779893,0.008328375966686495,0.04164187983343248,0.018441403926234383,0.0,0.19095776323616895,0.006543723973825104,0.05591909577632362,0.05413444378346222,0.016061867935752528,0.20880428316478286,0.0148720999405116,0.0,0.1588340273646639,0.0,Скребицкий,Лесной прадедушка
0.054079696394686905,0.09155597722960152,0.08159392789373814,0.004743833017077799,0.04459203036053131,0.02988614800759013,0.0014231499051233396,0.18074003795066412,0.007590132827324478,0.04933586337760911,0.07637571157495256,0.009487666034155597,0.21537001897533206,0.013757115749525617,0.0,0.13851992409867173,0.0009487666034155598,Скребицкий,Лесной прадедушка
0.06885758998435054,0.08189880020865936,0.07772561293688054,0.007303077725612937,0.0406885758998435,0.026604068857589983,0.0,0.2023995826812728,0.004173187271778821,0.051643192488262914,0.04903495044340115,0.011997913406364111,0.20605112154407929,0.018779342723004695,0.0,0.15179968701095461,0.0010432968179447052,Скребицкий,Лесной прадедушка
0.031384615384615386,0.07692307692307693,0.06953846153846154,0.012307692307692308,0.036923076923076927,0.024615384615384615,0.0024615384615384616,0.13292307692307692,0.012307692307692308,0.059076923076923075,0.0843076923076923,0.032615384615384616,0.25661538461538463,0.014153846153846154,0.0,0.15384615384615385,0.0,Скребицкий,От первых проталин до первой грозы
0.041487068965517244,0.07920258620689655,0.061422413793103446,0.004849137931034483,0.04256465517241379,0.01670258620689655,0.0010775862068965517,0.17295258620689655,0.010775862068965518,0.04040948275862069,0.06788793103448276,0.02586206896551724,0.2505387931034483,0.015625,0.0,0.16864224137931033,0.0,Скребицкий,От первых проталин до первой грозы
0.038028169014084505,0.10046948356807511,0.07981220657276995,0.004694835680751174,0.048826291079812206,0.02488262910798122,0.0,0.1755868544600939,0.005633802816901409,0.04131455399061033,0.07511737089201878,0.01267605633802817,0.20328638497652582,0.016901408450704224,0.0,0.1727699530516432,0.0,Скребицкий,Лесной прадедушка
0.03964321110009911,0.08473736372646185,0.0867195242814668,0.005946481665014866,0.03964321110009911,0.023785926660059464,0.0009910802775024777,0.16402378592666006,0.003964321110009911,0.05797819623389495,0.07284440039643211,0.028245787908820614,0.21506442021803765,0.01734390485629336,0.0,0.15906838453914768,0.0,Скребицкий,От первых проталин до первой грозы
0.043029259896729774,0.0774526678141136,0.08548479632816983,0.0068846815834767644,0.04073436603557085,0.022375215146299483,0.0017211703958691911,0.13482501434308664,0.008032128514056224,0.05909351692484223,0.09581181870338497,0.023522662076878944,0.23235800344234078,0.01835915088927137,0.0,0.15031554790590934,0.0,Скребицкий,От первых проталин до первой грозы
0.0637907296925195,0.08719596145020651,0.08214777420835245,0.005966039467645709,0.05094079853143644,0.02661771454795778,0.0009178522257916476,0.18357044515832951,0.009637448370812299,0.06654428636989444,0.056906837999082145,0.005507113354749885,0.20743460302891234,0.010555300596603947,0.0,0.14226709499770537,0.0,Скребицкий,От первых проталин до первой грозы
0.04848161960575386,0.09429941395844432,0.07778369738945125,0.002663825253063399,0.047416089504528504,0.024507192328183273,0.0,0.17900905700586042,0.005327650506126798,0.04421949920085243,0.06659563132658497,0.02184336707511987,0.19712306872669152,0.014384656366542355,0.0,0.176345231752797,0.0,Скребицкий,Лесной прадедушка
0.060832443970117396,0.08751334044823907,0.08591248665955176,0.005869797225186766,0.03575240128068303,0.02294557097118463,0.0,0.1664887940234792,0.005869797225186766,0.04535752401280683,0.07737459978655283,0.015474919957310566,0.2225186766275347,0.016542155816435433,0.0,0.15154749199573106,0.0,Скребицкий,От первых проталин до первой грозы
0.06877783275606135,0.08065314200890648,0.07867392380009897,0.0034636318654131617,0.044532409698169226,0.031172686788718457,0.0004948045522018803,0.16081147946561108,0.0029688273132112814,0.05096486887679367,0.070262246412667,0.01979218208807521,0.23354774863928748,0.015338941118258289,0.0,0.13805047006432458,0.0004948045522018803,Скребицкий,От первых проталин до первой грозы
0.06091370558375635,0.09736963544070143,0.08121827411167512,0.004153207198892478,0.05999077065066913,0.018920166128287955,0.0,0.19289340101522842,0.004153207198892478,0.04014766958929396,0.06229810798338717,0.010613751730503,0.19197046608214122,0.02030456852791878,0.0,0.15505306875865252,0.0,Скребицкий,Лесной прадедушка
0.05503512880562061,0.07962529274004684,0.07962529274004684,0.00234192037470726,0.040983606557377046,0.01990632318501171,0.00117096018735363,0.16510538641686182,0.004098360655737705,0.052107728337236536,0.04918032786885246,0.04156908665105386,0.23302107728337237,0.012295081967213115,0.0,0.16393442622950818,0.0,Скребицкий,Лесной прадедушка
0.031578947368421054,0.07492260061919505,0.06873065015479876,0.010526315789473684,0.03529411764705882,0.026625386996904025,0.002476780185758514,0.1417956656346749,0.0086687306501548,0.06068111455108359,0.0848297213622291,0.025386996904024767,0.25077399380804954,0.017956656346749224,0.0,0.15975232198142414,0.0,Скребицкий,От первых проталин до первой грозы
0.06778797145769623,0.09174311926605505,0.07747196738022426,0.003567787971457696,0.0417940876656473,0.01834862385321101,0.0005096839959225281,0.20234454638124363,0.007135575942915392,0.03211009174311927,0.04892966360856269,0.011213047910295617,0.2252803261977574,0.01783893985728848,0.0,0.15392456676860347,0.0,Скребицкий,Лесной прадедушка
0.08289572393098274,0.08852213053263316,0.07539384846211553,0.007876969242310577,0.05326331582895724,0.0345086271567892,0.0007501875468867217,0.18829707426856715,0.007876969242310577,0.04276069017254314,0.0708927231807952,0.01350337584396099,0.19204801200300076,0.015003750937734433,0.0,0.1264066016504126,0.0,Скребицкий,От первых проталин до первой грозы
0.04312938816449348,0.08625877632898696,0.07021063189568706,0.00802407221664995,0.04162487462387161,0.020561685055165497,0.0005015045135406219,0.17502507522567703,0.012036108324974924,0.04964894684052156,0.07973921765295888,0.010030090270812437,0.2382146439317954,0.01354062186559679,0.0,0.1514543630892678,0.0,Скребицкий,Лесной прадедушка
0.061277033985581875,0.07929969104016478,0.07209062821833162,0.009268795056642637,0.03553038105046344,0.026261585993820804,0.0005149330587023687,0.15242018537590113,0.006694129763130793,0.06642636457260556,0.06797116374871266,0.03759011328527292,0.23635427394438724,0.017507723995880537,0.0,0.12924819773429455,0.001544799176107106,Скребицкий,От первых проталин до первой грозы
0.057247259439707675,0.06394640682095006,0.08587088915956151,0.0054811205846528625,0.031668696711327646,0.023751522533495738,0.0018270401948842874,0.14372716199756394,0.007308160779537149,0.05907429963459196,0.08404384896467722,0.014007308160779537,0.25883069427527405,0.016443361753958587,0.0,0.14677222898903775,0.0,Скребицкий,От первых проталин до первой грозы
0.03111587982832618,0.09120171673819742,0.0890557939914163,0.004828326180257511,0.04560085836909871,0.02736051502145923,0.000536480686695279,0.15504291845493562,0.005901287553648069,0.06598712446351931,0.08637339055793991,0.017167381974248927,0.21566523605150215,0.011266094420600859,0.0,0.15182403433476394,0.001072961373390558,Скребицкий,Лесной прадедушка
0.06365403304178814,0.08989310009718172,0.057337220602526724,0.001943634596695821,0.04421768707482993,0.028182701652089408,0.00048590864917395527,0.17978620019436345,0.006802721088435374,0.04616132167152575,0.05782312925170068,0.0369290573372206,0.2162293488824101,0.015063168124392614,0.0,0.1554907677356657,0.0,Скребицкий,Лесной прадедушка
0.06610169491525424,0.08700564971751412,0.06779661016949153,0.001694915254237288,0.04124293785310734,0.023163841807909605,0.0,0.17231638418079095,0.0062146892655367235,0.04858757062146893,0.07966101694915254,0.011864406779661017,0.2288135593220339,0.014124293785310734,0.0,0.15141242937853108,0.0,Скребицкий,Лесной прадедушка
0.04326123128119801,0.09151414309484193,0.08374930671103716,0.004991680532445923,0.048252911813643926,0.02107598447032723,0.0005546311702717693,0.18302828618968386,0.003882418191902385,0.04270660011092623,0.08652246256239601,0.0016638935108153079,0.2218524681087077,0.008319467554076539,0.0,0.158624514697726,0.0,Скребицкий,Лесной прадедушка
0.043989769820971865,0.10332480818414322,0.08439897698209718,0.006138107416879796,0.05166240409207161,0.023017902813299233,0.0,0.18312020460358056,0.006138107416879796,0.04501278772378517,0.06445012787723785,0.010230179028132993,0.2040920716112532,0.019948849104859334,0.0,0.15447570332480817,0.0,Скребицкий,Лесной прадедушка
0.04770423375074538,0.06797853309481217,0.07394156231365534,0.007751937984496124,0.04293381037567084,0.017889087656529516,0.0005963029218843172,0.1282051282051282,0.007751937984496124,0.046511627906976744,0.08944543828264759,0.03041144901610018,0.2599880739415623,0.017889087656529516,0.0,0.16100178890876565,0.0,Скребицкий,От первых проталин до первой грозы
0.04759441282979824,0.07501293326435593,0.05794102431453699,0.005173305742369374,0.03776513191929643,0.031039834454216243,0.0010346611484738748,0.1619244697361614,0.007242628039317123,0.05431971029487843,0.0775995861355406,0.026901189860320744,0.2555613036730471,0.01810657009829281,0.0,0.14278323848939473,0.0,Скребицкий,От первых проталин до первой грозы
0.04439252336448598,0.09392523364485982,0.07102803738317758,0.004672897196261682,0.05280373831775701,0.018691588785046728,0.00046728971962616824,0.16822429906542055,0.005607476635514018,0.04719626168224299,0.06682242990654205,0.020093457943925235,0.2130841121495327,0.016355140186915886,0.0,0.1766355140186916,0.0,Скребицкий,Лесной прадедушка
0.05673316708229426,0.07793017456359103,0.05236907730673317,0.00685785536159601,0.033042394014962596,0.02119700748129676,0.0,0.1415211970074813,0.004987531172069825,0.048628428927680795,0.09039900249376559,0.02743142144638404,0.26433915211970077,0.015586034912718205,0.0,0.1589775561097257,0.0,Скребицкий,От первых проталин до первой грозы
0.06941649899396378,0.08098591549295775,0.08853118712273642,0.007042253521126761,0.036720321931589535,0.02766599597585513,0.0025150905432595573,0.17655935613682092,0.004527162977867203,0.04678068410462777,0.07344064386317907,0.019617706237424547,0.22082494969818914,0.014587525150905433,0.0,0.13078470824949698,0.0,Скребицкий,От первых проталин до первой грозы
0.042682926829268296,0.07249322493224933,0.0494579945799458,0.006097560975609756,0.03116531165311653,0.02032520325203252,0.0020325203252032522,0.1334688346883469,0.0040650406504065045,0.05623306233062331,0.08197831978319783,0.025067750677506776,0.2994579945799458,0.014227642276422764,0.0,0.16124661246612465,0.0,Скребицкий,От первых проталин до первой грозы
0.09136872517154207,0.0892018779342723,0.07258938244853738,0.0065005417118093175,0.04983748645720477,0.03936439147706754,0.0007222824124232575,0.19393282773564463,0.00866738894907909,0.037197544239797764,0.07150595882990249,0.014084507042253521,0.18887685084868183,0.015167930660888408,0.0,0.12098230408089564,0.0,Скребицкий,От первых проталин до первой грозы
0.0467866323907455,0.10077120822622108,0.07917737789203085,0.002570694087403599,0.0519280205655527,0.02210796915167095,0.0,0.19177377892030847,0.009254498714652956,0.042673521850899745,0.07712082262210797,0.002056555269922879,0.18354755784061696,0.013881748071979434,0.0,0.1763496143958869,0.0,Скребицкий,Лесной прадедушка
0.06001263423878711,0.08022741629816804,0.09917877447883765,0.006317119393556538,0.033480732785849655,0.013265950726468731,0.0006317119393556538,0.17751105495893874,0.006948831332912192,0.04990524320909665,0.04421983575489577,0.024636765634870498,0.23183828174352494,0.014529374605180037,0.0,0.15413771320277952,0.003158559696778269,Скребицкий,Лесной прадедушка
0.03635405690200211,0.0779768177028451,0.06111696522655427,0.007903055848261328,0.03582718651211802,0.026343519494204427,0.0015806111696522655,0.14120126448893572,0.015279241306638568,0.06585879873551106,0.0827186512118019,0.03371970495258166,0.25500526870389884,0.016332982086406742,0.0,0.142781875658588,0.0,Скребицкий,От первых проталин до первой грозы
0.046357615894039736,0.08830022075055188,0.08167770419426049,0.009933774834437087,0.0369757174392936,0.017660044150110375,0.0,0.18101545253863136,0.006070640176600441,0.052428256070640174,0.076158940397351,0.01434878587196468,0.217439293598234,0.011589403973509934,0.0,0.1600441501103753,0.0,Скребицкий,Лесной прадедушка
0.049760191846522785,0.07733812949640288,0.08573141486810551,0.002398081534772182,0.04196642685851319,0.01858513189448441,0.001199040767386091,0.1630695443645084,0.0035971223021582736,0.05275779376498801,0.05155875299760192,0.03836930455635491,0.23441247002398083,0.01079136690647482,0.0,0.1684652278177458,0.0,Скребицкий,Лесной прадедушка
0.048279404211607604,0.07909604519774012,0.0780688238315357,0.008217770929635337,0.04262968669748331,0.022598870056497175,0.0,0.16076014381099127,0.008731381612737545,0.05290190035952748,0.07858243451463791,0.02054442732408834,0.2229070364663585,0.01694915254237288,0.0,0.15973292244478685,0.0,Скребицкий,От первых проталин до первой грозы
0.03853325046612803,0.07893101305158484,0.07520198881292728,0.0037290242386575512,0.03791174642635177,0.016159105034182723,0.0,0.17153511497824736,0.004972032318210068,0.054070851460534496,0.05904288377874456,0.02175264139216905,0.2517091361093847,0.011808576755748913,0.0,0.17464263517712866,0.0,Скребицкий,От первых проталин до первой грозы
0.0558055805580558,0.08730873087308731,0.07875787578757876,0.0027002700270027003,0.04815481548154815,0.0297029702970297,0.0009000900090009,0.18676867686768678,0.004050405040504051,0.0423042304230423,0.07650765076507651,0.018001800180018002,0.21287128712871287,0.0153015301530153,0.0,0.14086408640864087,0.0,Скребицкий,От первых проталин до первой грозы
0.060832443970117396,0.08751334044823907,0.08591248665955176,0.005869797225186766,0.03575240128068303,0.02294557097118463,0.0,0.1664887940234792,0.005869797225186766,0.04535752401280683,0.07737459978655283,0.015474919957310566,0.2225186766275347,0.016542155816435433,0.0,0.15154749199573106,0.0,Скребицкий,От первых проталин до первой грозы
0.06547041707080505,0.07856450048496605,0.061105722599418044,0.00533462657613967,0.048011639185257034,0.026188166828322017,0.004364694471387003,0.1784675072744908,0.0019398642095053346,0.03831231813773036,0.0877788554801164,0.009699321047526674,0.2347235693501455,0.018913676042677012,0.0,0.1411251212415131,0.0,Скребицкий,Лесной прадедушка
0.05610907184058731,0.08704771893025695,0.08023072889355008,0.005243838489774515,0.04195070791819612,0.02045097011012061,0.0005243838489774515,0.19297325642370214,0.003146303093864709,0.0519140010487677,0.05243838489774515,0.02202412165705296,0.21657052962768747,0.009438909281594127,0.0,0.1588883062401678,0.001048767697954903,Скребицкий,Лесной прадедушка
0.050530255770430445,0.07610729881472239,0.06363069245165315,0.004366812227074236,0.041796631316281974,0.023081721771678103,0.0,0.15782907049282596,0.004366812227074236,0.06051154086088584,0.07985028072364317,0.021834061135371178,0.2445414847161572,0.014348097317529632,0.0,0.1572052401746725,0.0,Скребицкий,От первых проталин до первой грозы
0.04892086330935252,0.09112709832134293,0.08345323741007195,0.0057553956834532375,0.04892086330935252,0.019184652278177457,0.00047961630695443646,0.1817745803357314,0.0038369304556354917,0.04460431654676259,0.06139088729016787,0.018225419664268584,0.2105515587529976,0.01870503597122302,0.0,0.1630695443645084,0.0,Скребицкий,Лесной прадедушка
0.04488912925905895,0.0746349378042185,0.0713899405083829,0.003244997295835587,0.038939967550027044,0.028123309897241752,0.0005408328826392645,0.16062736614386156,0.009734991887506761,0.062195781503515415,0.07030827474310439,0.028664142779881017,0.24932395889670092,0.016224986479177934,0.0,0.14115738236884803,0.0,Скребицкий,От первых проталин до первой грозы
0.03314606741573034,0.07696629213483146,0.0651685393258427,0.011235955056179775,0.03932584269662921,0.021348314606741574,0.0016853932584269663,0.13258426966292136,0.015168539325842697,0.062359550561797754,0.08258426966292134,0.033707865168539325,0.26179775280898876,0.014606741573033709,0.0,0.14831460674157304,0.0,Скребицкий,От первых проталин до первой грозы
0.028824833702882482,0.08980044345898004,0.08647450110864745,0.004988913525498891,0.04434589800443459,0.024944567627494457,0.0005543237250554324,0.15798226164079823,0.005543237250554324,0.06430155210643015,0.08758314855875832,0.01662971175166297,0.22062084257206208,0.01164079822616408,0.0,0.1557649667405765,0.0,Скребицкий,Лесной прадедушка
0.06943653955606147,0.07228229937393284,0.08252703471826978,0.008537279453614115,0.053500284575981785,0.030734206033010813,0.0011383039271485487,0.16562322140011382,0.005122367672168469,0.055776892430278883,0.0665907797381901,0.013659647125782584,0.221969265793967,0.012521343198634035,0.0,0.14058053500284576,0.0,Скребицкий,Лесной прадедушка
0.03483309143686502,0.07014997581035316,0.08563134978229318,0.00822447992259313,0.050314465408805034,0.025157232704402517,0.001451378809869376,0.1470730527334301,0.00822447992259313,0.05805515239477504,0.08853410740203194,0.02370585389453314,0.216255442670537,0.022738268021286888,0.0,0.15965166908563136,0.0,Скребицкий,От первых проталин до первой грозы
0.02696629213483146,0.09719101123595505,0.06853932584269663,0.0,0.04662921348314607,0.016292134831460674,0.0005617977528089888,0.20730337078651687,0.006179775280898876,0.04325842696629213,0.06629213483146068,0.008988764044943821,0.22191011235955055,0.009550561797752809,0.0,0.18033707865168538,0.0,Скребицкий,Лесной прадедушка
0.07142857142857142,0.09090909090909091,0.06796536796536796,0.011688311688311689,0.045021645021645025,0.03636363636363636,0.0,0.17662337662337663,0.006926406926406926,0.045021645021645025,0.070995670995671,0.03722943722943723,0.19523809523809524,0.015151515151515152,0.0,0.12943722943722943,0.0,Скребицкий,От первых проталин до первой грозы
0.042702702702702704,0.09567567567567567,0.08486486486486486,0.004864864864864865,0.05189189189189189,0.022702702702702703,0.0,0.1908108108108108,0.003243243243243243,0.04162162162162162,0.07945945945945945,0.0016216216216216215,0.2145945945945946,0.008648648648648649,0.0,0.1572972972972973,0.0,Скребицкий,Лесной прадедушка
0.04836415362731152,0.09625414888572784,0.07823613086770982,0.004267425320056899,0.04504504504504504,0.03176861071597914,0.000948316737790422,0.17780938833570412,0.006638217164532954,0.049312470365101946,0.08345187292555714,0.012802275960170697,0.20910384068278806,0.01422475106685633,0.0,0.14082503556187767,0.000948316737790422,Скребицкий,Лесной прадедушка
0.035333978702807356,0.06727976766698936,0.08615682478218781,0.008228460793804453,0.049370764762826716,0.02904162633107454,0.001452081316553727,0.14762826718296224,0.008228460793804453,0.060019361084220714,0.08373668925459826,0.01984511132623427,0.21732817037754115,0.02371732817037754,0.0,0.16263310745401743,0.0,Скребицкий,От первых проталин до первой грозы
0.051963746223564956,0.08882175226586103,0.07854984894259819,0.002416918429003021,0.04229607250755287,0.021148036253776436,0.0,0.2012084592145015,0.0036253776435045317,0.044108761329305135,0.050151057401812686,0.005438066465256798,0.22356495468277945,0.010876132930513595,0.0,0.17583081570996978,0.0,Скребицкий,Лесной прадедушка
0.06183664051684356,0.09736963544070143,0.08167974157821874,0.004153207198892478,0.06045223811721274,0.018920166128287955,0.0,0.19427780341485926,0.0046146746654360865,0.04014766958929396,0.06183664051684356,0.010613751730503,0.19058606368251038,0.019381633594831565,0.0,0.15413013382556529,0.0,Скребицкий,Лесной прадедушка
0.06009013520280421,0.07110665998998497,0.08362543815723586,0.011517275913870806,0.04807210816224337,0.018027040560841263,0.000500751126690035,0.16725087631447172,0.008512769153730596,0.04957436154231347,0.06509764646970456,0.014021031547320982,0.22183274912368553,0.013019529293940912,0.0,0.16775162744116173,0.0,Скребицкий,От первых проталин до первой грозы
0.032224532224532226,0.09823284823284824,0.09563409563409564,0.0036382536382536385,0.04885654885654886,0.016632016632016633,0.0005197505197505198,0.1444906444906445,0.004158004158004158,0.04417879417879418,0.08056133056133057,0.028586278586278588,0.2001039501039501,0.02130977130977131,0.0,0.18087318087318088,0.0,Скребицкий,От первых проталин до первой грозы
0.046223224351747465,0.07497181510710259,0.080608793686584,0.0062006764374295375,0.043968432919954906,0.021984216459977453,0.0011273957158962795,0.12570462232243518,0.005636978579481398,0.058624577226606536,0.08962795941375423,0.037767756482525366,0.2463359639233371,0.017474633596392335,0.0,0.14374295377677565,0.0,Скребицкий,От первых проталин до первой грозы
0.04696886947023485,0.08738394320043692,0.06335335882031677,0.009284543965046422,0.042599672310213,0.02785363189513927,0.0010922992900054614,0.15510649918077554,0.005461496450027308,0.05352266521026761,0.0797378481703987,0.024576734025122882,0.2304751501911524,0.013653741125068269,0.0,0.15892954669579465,0.0,Скребицкий,От первых проталин до первой грозы
0.06925373134328358,0.07582089552238806,0.08835820895522388,0.003582089552238806,0.04059701492537313,0.023283582089552238,0.0023880597014925373,0.1635820895522388,0.004776119402985075,0.04477611940298507,0.06507462686567164,0.016119402985074627,0.24477611940298508,0.010149253731343283,0.0,0.1474626865671642,0.0,Скребицкий,От первых проталин до первой грозы
0.0629514963880289,0.0784313725490196,0.07894736842105263,0.003611971104231166,0.04179566563467492,0.03147574819401445,0.0015479876160990713,0.15841073271413827,0.0025799793601651187,0.05056759545923633,0.07739938080495357,0.02063983488132095,0.23839009287925697,0.015479876160990712,0.0,0.13725490196078433,0.0005159958720330237,Скребицкий,От первых проталин до первой грозы
0.03873015873015873,0.07746031746031747,0.07238095238095238,0.012063492063492064,0.03428571428571429,0.025396825396825397,0.0006349206349206349,0.14222222222222222,0.006984126984126984,0.06222222222222222,0.08444444444444445,0.02412698412698413,0.24126984126984127,0.01904761904761905,0.0,0.15873015873015872,0.0,Скребицкий,От первых проталин до первой грозы
0.04908675799086758,0.07876712328767123,0.08333333333333333,0.006278538812785388,0.04280821917808219,0.023401826484018264,0.0017123287671232876,0.1404109589041096,0.007420091324200913,0.05650684931506849,0.0884703196347032,0.023972602739726026,0.23116438356164384,0.0182648401826484,0.0,0.14840182648401826,0.0,Скребицкий,От первых проталин до первой грозы
0.048355899419729204,0.09284332688588008,0.0735009671179884,0.004835589941972921,0.043520309477756286,0.020793036750483558,0.00048355899419729207,0.17311411992263057,0.012088974854932301,0.05077369439071567,0.07785299806576403,0.006286266924564797,0.23452611218568664,0.013056092843326886,0.0,0.14796905222437137,0.0,Скребицкий,Лесной прадедушка
0.07222222222222222,0.08842592592592592,0.08333333333333333,0.00787037037037037,0.05092592592592592,0.019444444444444445,0.000925925925925926,0.17453703703703705,0.007407407407407408,0.04537037037037037,0.06620370370370371,0.011574074074074073,0.20185185185185187,0.017592592592592594,0.0,0.15231481481481482,0.0,Скребицкий,Лесной прадедушка
0.06042460533478498,0.08383233532934131,0.07621121393576484,0.005988023952095809,0.04137180185084377,0.0261295590636908,0.0005443658138268917,0.20359281437125748,0.004354926510615134,0.0522591181273816,0.04790419161676647,0.0130647795318454,0.21284703320631465,0.01905280348394121,0.0,0.15242242787152968,0.0,Скребицкий,Лесной прадедушка
0.06612466124661247,0.09051490514905149,0.08292682926829269,0.002168021680216802,0.03848238482384824,0.026558265582655827,0.0,0.16531165311653118,0.004336043360433604,0.04769647696476965,0.07371273712737128,0.012466124661246613,0.22330623306233063,0.014092140921409214,0.0,0.15230352303523034,0.0,Скребицкий,Лесной прадедушка
0.0380818053596615,0.10108133521391631,0.07992477668077104,0.004701457451810061,0.048895157498824636,0.02538787023977433,0.0,0.1763046544428773,0.005641748942172073,0.041372825575928536,0.07475317348377997,0.012223789374706159,0.20263281617301362,0.01692524682651622,0.0,0.17207334273624825,0.0,Скребицкий,Лесной прадедушка
0.04610655737704918,0.09989754098360656,0.07991803278688525,0.0025614754098360654,0.051741803278688527,0.022540983606557378,0.0,0.19262295081967212,0.009221311475409836,0.04252049180327869,0.07684426229508197,0.0020491803278688526,0.18493852459016394,0.013831967213114754,0.0,0.17520491803278687,0.0,Скребицкий,Лесной прадедушка
0.04539951573849879,0.09322033898305085,0.08232445520581114,0.005447941888619854,0.04782082324455206,0.01937046004842615,0.0006053268765133172,0.15072639225181597,0.002421307506053269,0.05508474576271186,0.08656174334140436,0.02360774818401937,0.20823244552058112,0.010895883777239709,0.0,0.1682808716707022,0.0,Скребицкий,Лесной прадедушка
